4.75164
3.02471
2.4777
2.09639
1.7226
1.38086
1.09074
0.859994
0.677283
0.535641
0.426322
0.341102
0.273863
-0.240886
-0.237763
-0.234823
-0.232048
-0.229421
-0.22693
-0.224561
-0.222304
-0.220149
-0.218089
-0.216115
-0.214222
-0.212403
-0.210665
-0.208996
-0.207386
-0.20583
-0.204326
-0.20287
-0.201461
-0.200094
-0.198768
-0.197482
-0.196232
-0.195017
-0.193847
-0.192709
-0.191601
-0.190528
-0.189485
-0.188476
-0.187812
-0.187598
-0.187362
-0.187105
-0.186834
-0.186547
-0.186244
-0.185926
-0.185596
-0.185254
-0.1849
-0.184537
-0.184165
-0.183785
-0.183397
-0.183003
-0.182603
-0.182199
-0.181794
-0.181385
-0.180972
-0.180555
-0.180135
-0.179713
-0.179288
-0.178862
-0.178434
-0.178005
-0.177575
-0.177145
-0.176714
-0.176284
-0.175875
-0.175509
-0.175138
-0.174768
-0.174397
-0.174015
-0.17364
-0.173302
-0.172879
-0.172501
-0.17217
-0.171734
-0.171353
-0.171002
-0.170581
-0.1702
-0.169858
-0.169429
-0.169048
-0.168696
-0.168278
-0.167898
-0.167546
-0.167132
-0.166754
-0.166405
-0.165992
-0.165616
-0.165266
-0.16486
-0.164485
-0.16414
-0.163734
-0.163362
-0.163016
-0.162615
-0.162248
-0.161903
-0.161503
-0.16114
-0.160793
-0.160398
-0.160037
-0.159688
-0.159298
-0.158937
-0.158585
-0.158199
-0.157838
-0.157484
-0.157101
-0.156739
-0.156382
-0.156
-0.155637
-0.155278
-0.154895
-0.15453
-0.154169
-0.153785
-0.153417
-0.153053
-0.152671
-0.152323
-0.151998
-0.151667
-0.151372
-0.151104
-0.15081
-0.15056
-0.150344
-0.150087
-0.149877
-0.149694
-0.14944
-0.149222
-0.149025
-0.148758
-0.148529
-0.148317
-0.148039
-0.147796
-0.147572
-0.147281
-0.147025
-0.146787
-0.146484
-0.146215
-0.145962
-0.145647
-0.145365
-0.1451
-0.14477
-0.144474
-0.144195
-0.143853
-0.143543
-0.143251
-0.142894
-0.14257
-0.142266
-0.141894
-0.141556
-0.141212
-0.140852
-0.140499
-0.140141
-0.139766
-0.139399
-0.139026
-0.138637
-0.138255
-0.137867
-0.137463
-0.137066
-0.136663
-0.136245
-0.135832
-0.135414
-0.134981
-0.134553
-0.13412
-0.133672
-0.133228
-0.13278
-0.132316
-0.131857
-0.131392
-0.130915
-0.13044
-0.129959
-0.129466
-0.128975
-0.128479
-0.127971
-0.127464
-0.126953
-0.126429
-0.125906
-0.125379
-0.12484
-0.124302
-0.123759
-0.123205
-0.122651
-0.122093
-0.121524
-0.120955
-0.120382
-0.119797
-0.119214
-0.118625
-0.118027
-0.117428
-0.116825
-0.116212
-0.115599
-0.114982
-0.114355
-0.113728
-0.113097
-0.112457
-0.111816
-0.111172
-0.110519
-0.109866
-0.109209
-0.108543
-0.107877
-0.107208
-0.106532
-0.105854
-0.105174
-0.104486
-0.103797
-0.103106
-0.102408
-0.10171
-0.101009
-0.100302
-0.0995937
-0.098884
-0.0981685
-0.0974521
-0.0967345
-0.0960115
-0.0952877
-0.0945631
-0.0938336
-0.0931035
-0.0923728
-0.0916379
-0.0909025
-0.0901669
-0.0894275
-0.088688
-0.0879486
-0.0872059
-0.0864632
-0.0857211
-0.0849762
-0.0842316
-0.0834879
-0.082742
-0.0819966
-0.0812527
-0.0805066
-0.0797614
-0.0790182
-0.0782734
-0.0775298
-0.0767885
-0.076046
-0.075305
-0.0745667
-0.0738277
-0.0730905
-0.0723563
-0.0716219
-0.0708895
-0.0701605
-0.0694317
-0.0687053
-0.0679823
-0.0672607
-0.066541
-0.0658252
-0.0651113
-0.0643996
-0.063692
-0.0629879
-0.0622843
-0.0615842
-0.0608895
-0.0601984
-0.0595082
-0.0588218
-0.0581409
-0.0574641
-0.0567887
-0.0561165
-0.0554531
-0.0547904
-0.0541312
-0.0534752
-0.0528284
-0.0521826
-0.0515405
-0.050902
-0.0502728
-0.0496448
-0.049022
-0.0484026
-0.0477867
-0.047181
-0.0465767
-0.0459779
-0.0453824
-0.0447911
-0.0442097
-0.04363
-0.0430559
-0.0424856
-0.0419195
-0.0413633
-0.0408091
-0.0402605
-0.0397159
-0.0391757
-0.0386453
-0.0381169
-0.0375943
-0.0370775
-0.0365627
-0.0360541
-0.0355555
-0.0350586
-0.0345675
-0.034082
-0.0336007
-0.0331232
-0.0326509
-0.0321875
-0.0317551
-0.0312747
-0.0308245
-0.0303802
-0.0299408
-0.0295046
-0.0290728
-0.0286521
-0.0282815
-0.0278202
-0.027412
-0.0270076
-0.0266079
-0.0262119
-0.0258206
-0.0254393
-0.025094
-0.0246862
-0.0243164
-0.0239523
-0.0235916
-0.0232351
-0.0228814
-0.0225328
-0.0221943
-0.0218655
-0.0215251
-0.021197
-0.0208737
-0.0205543
-0.0202382
-0.019927
-0.0196174
-0.0193131
-0.0190183
-0.0187444
-0.0184451
-0.0181584
-0.0178688
-0.017591
-0.0173167
-0.0170461
-0.0167796
-0.0165137
-0.0162533
-0.0160028
-0.0157688
-0.015518
-0.0152719
-0.0150232
-0.0147858
-0.0145524
-0.0143222
-0.0140954
-0.0138721
-0.0136522
-0.0134323
-0.0132165
-0.0130122
-0.0128095
-0.0126084
-0.0124058
-0.0122119
-0.0120118
-0.0118203
-0.0116316
-0.0114456
-0.0112624
-0.0110822
-0.0109048
-0.0107303
-0.0105552
-0.0103842
-0.0102216
-0.0100591
-0.00990049
-0.00974166
-0.00959166
-0.00943538
-0.00927939
-0.0091306
-0.00898426
-0.0088399
-0.00869764
-0.00855763
-0.00841997
-0.00828458
-0.00815143
-0.00802046
-0.00789162
-0.00776172
-0.00763563
-0.00751496
-0.00739608
-0.00727808
-0.00716217
-0.00704792
-0.00693484
-0.00682517
-0.00671282
-0.00660516
-0.00649948
-0.00639542
-0.00629288
-0.00619175
-0.00609227
-0.00599448
-0.00589833
-0.00580385
-0.00571094
-0.00561958
-0.00552974
-0.00544145
-0.00535458
-0.00526912
-0.00518512
-0.00510247
-0.00502122
-0.00493855
-0.00485901
-0.004781
-0.00470751
-0.0046344
-0.00456139
-0.00448951
-0.00441902
-0.00434918
-0.00428
-0.00421176
-0.00414482
-0.00407934
-0.00401513
-0.0039522
-0.00389024
-0.00382919
-0.00376902
-0.00370965
-0.00365134
-0.00359394
-0.00353757
-0.00348221
-0.00342775
-0.00337427
-0.00332172
-0.00327001
-0.00321921
-0.00316922
-0.00312011
-0.00307186
-0.00302435
-0.00297767
-0.00293173
-0.00288667
-0.00284221
-0.00279863
-0.0027557
-0.00271353
-0.00267207
-0.00263124
-0.00259113
-0.00255173
-0.00251299
-0.00247482
-0.00243733
-0.00240195
-0.00236267
-0.00232553
-0.00228983
-0.00225511
-0.00222389
-0.00219251
-0.00216029
-0.00212805
-0.00209643
-0.00206537
-0.00203513
-0.00200499
-0.00197509
-0.00194552
-0.00191644
-0.00188801
-0.0018602
-0.00183306
-0.00180649
-0.0017805
-0.00175477
-0.00172953
-0.00170474
-0.00168023
-0.00165602
-0.00163215
-0.00160867
-0.00158558
-0.00156306
-0.00154066
-0.00151885
-0.00149743
-0.00147636
-0.00145552
-0.00143509
-0.00141518
-0.00139542
-0.00137603
-0.00135697
-0.00133812
-0.00131978
-0.0013016
-0.00128377
-0.00126626
-0.00124905
-0.00123213
-0.00121535
-0.00119892
-0.00118294
-0.00116704
-0.00115142
-0.00113595
-0.00112095
-0.00110619
-0.00109151
-0.00107712
-0.001063
-0.00104913
-0.00103551
-0.0010221
-0.00100876
-0.000995856
-0.000982991
-0.000970382
-0.000958162
-0.000945939
-0.000933934
-0.000921994
-0.000910491
-0.000899172
-0.000887861
-0.000876938
-0.000866005
-0.000855287
-0.000844933
-0.000863158
-0.000826726
-0.000813934
-0.000802266
-0.000791721
-0.000781951
-0.00077279
-0.000763851
-0.000755171
-0.000746673
-0.000740132
-0.000732946
-0.000724552
-0.000715569
-0.000706563
-0.00069811
-0.000689969
-0.00068208
-0.000674566
-0.000667286
-0.000660121
-0.000652835
-0.000645344
-0.000637971
-0.000630603
-0.000623485
-0.000616431
-0.000609636
-0.000602879
-0.000596357
-0.000590023
-0.000583832
-0.000577751
-0.000571565
-0.000565726
-0.000559951
-0.000554029
-0.000548438
-0.000542895
-0.000537395
-0.000531944
-0.00052655
-0.000521224
-0.000516163
-0.000510906
-0.00050574
-0.000500862
-0.000495818
-0.000491063
-0.000486154
-0.000481358
-0.000476854
-0.000472196
-0.000467815
-0.000463277
-0.000458841
-0.000454507
-0.000450268
-0.000446311
-0.000442144
-0.000438057
-0.000434051
-0.000430123
-0.000426267
-0.000422474
-0.00041855
-0.000414961
-0.000411404
-0.000407872
-0.000404364
-0.000400699
-0.000397351
-0.000393841
-0.000390633
-0.000387243
-0.00038414
-0.000380842
-0.000377633
-0.000374508
-0.000371646
-0.00036856
-0.000365539
-0.000362582
-0.000359686
-0.000356842
-0.000354045
-0.000351287
-0.000348566
-0.000345683
-0.000343121
-0.000340577
-0.000337844
-0.000335411
-0.000332976
-0.00033034
-0.000327997
-0.000325452
-0.000322994
-0.000320817
-0.000318414
-0.000316074
-0.000313796
-0.000311772
-0.000309498
-0.000307272
-0.000305098
-0.000302973
-0.000300888
-0.00029884
-0.000296821
-0.000294826
-0.000292855
-0.000290905
-0.000288977
-0.000286864
-0.000285073
-0.000283289
-0.000281505
-0.00027972
-0.000278139
-0.000324155
-0.000285544
-0.000274423
-0.000270477
-0.000267964
-0.000266391
-0.000264819
-0.000263286
-0.000261706
-0.000260184
-0.000258681
-0.000257188
-0.000255742
-0.000254388
-0.000252834
-0.000251337
-0.0002499
-0.000248513
-0.000247162
-0.000245834
-0.000244518
-0.000243208
-0.000241901
-0.000240599
-0.000239539
-0.000238383
-0.000237379
-0.000236007
-0.000234835
-0.000233368
-0.000231948
-0.000230592
-0.000229297
-0.000228054
-0.000226852
-0.00022568
-0.000224525
-0.000223381
-0.000222454
-0.000221233
-0.000220042
-0.000218943
-0.000217877
-0.000216819
-0.000215768
-0.000214677
-0.000213654
-0.000212709
-0.000211651
-0.000210644
-0.000209661
-0.000208688
-0.000207721
-0.00020676
-0.000205807
-0.000204916
-0.000203967
-0.000202966
-0.000202092
-0.000201186
-0.000200227
-0.000199386
-0.000198509
-0.000197576
-0.000196758
-0.000195855
-0.000195054
-0.000194163
-0.000193373
-0.000192496
-0.00019172
-0.000190857
-0.000190095
-0.000189246
-0.000188449
-0.000187722
-0.000186892
-0.00018611
-0.0001854
-0.000184588
-0.000183825
-0.000183133
-0.00018234
-0.000181596
-0.000180872
-0.000180156
-0.000179491
-0.000178722
-0.000178002
-0.000177305
-0.000176616
-0.00017593
-0.000175247
-0.000174567
-0.000173892
-0.000173221
-0.000172556
-0.000171896
-0.000171241
-0.000170591
-0.000169946
-0.000169305
-0.000168669
-0.000168038
-0.000167412
-0.00016679
-0.000166172
-0.000165559
-0.000164951
-0.000164346
-0.000163746
-0.00016315
-0.000162559
-0.000161971
-0.000161387
-0.000160808
-0.000160232
-0.00015966
-0.000159093
-0.000158528
-0.000157968
-0.000157411
-0.000156859
-0.000156258
-0.000155771
-0.000155243
-0.000154648
-0.000154163
-0.00015364
-0.000153053
-0.000152577
-0.000152012
-0.000151544
-0.000150983
-0.000150519
-0.000149962
-0.000149503
-0.000148953
-0.0001485
-0.000147956
-0.000147508
-0.00014697
-0.000146477
-0.000146054
-0.000145525
-0.000145036
-0.000144618
-0.000144095
-0.000143613
-0.000143203
-0.000142689
-0.000142215
-0.00014176
-0.00014131
-0.000140913
-0.000140406
-0.00013994
-0.000139495
-0.000139057
-0.000138618
-0.000138231
-0.000137736
-0.000137284
-0.000136853
-0.000136429
-0.000136004
-0.000135582
-0.000135159
-0.000134737
-0.000134317
-0.000133897
-0.00013348
-0.000133065
-0.000132652
-0.000132242
-0.000131834
-0.000131428
-0.000131024
-0.000130622
-0.000130222
-0.000129824
-0.000129428
-0.000129034
-0.000128642
-0.000128251
-0.000127863
-0.000127476
-0.000127091
-0.000126708
-0.000126327
-0.000125948
-0.00012557
-0.000125194
-0.00012482
-0.000124447
-0.000124077
-0.000123708
-0.00012334
-0.000122974
-0.00012261
-0.000122248
-0.000121887
-0.000121528
-0.00012117
-0.000120814
-0.00012046
-0.000120107
-0.000119755
-0.000119406
-0.000119057
-0.00011871
-0.000118365
-0.000118021
-0.000117679
-0.000117338
-0.000116999
-0.00011666
-0.000116324
-0.000115989
-0.000115655
-0.000115322
-0.000114991
-0.000114662
-0.000114333
-0.000114006
-0.000113681
-0.000113356
-0.000113033
-0.000112712
-0.000112391
-0.000112072
-0.000111754
-0.000111438
-0.000111123
-0.000110809
-0.000110496
-0.000110184
-0.000109874
-0.000109565
-0.000109257
-0.00010895
-0.000108645
-0.00010834
-0.000108037
-0.000107735
-0.000107434
-0.000107135
-0.000106836
-0.000106539
-0.000106242
-0.000105947
-0.000105653
-0.00010536
-0.000105069
-0.000104778
-0.000104488
-0.0001042
-0.000103912
-0.000103626
-0.00010334
-0.000103056
-0.000102773
-0.00010249
-0.000102209
-0.000101929
-0.00010165
-0.000101327
-0.00010105
-0.00010079
-0.000100531
-0.000100267
-0.0001
-9.97301e-05
-9.94592e-05
-9.91884e-05
-9.89183e-05
-9.86492e-05
-9.83811e-05
-9.81141e-05
-9.78481e-05
-9.75832e-05
-9.73193e-05
-9.70563e-05
-9.67943e-05
-9.65333e-05
-9.62732e-05
-9.60139e-05
-9.57557e-05
-9.54983e-05
-9.52418e-05
-9.49862e-05
-9.47314e-05
-9.44776e-05
-9.42246e-05
-9.39725e-05
-9.37213e-05
-9.34709e-05
-9.32214e-05
-9.29727e-05
-9.27249e-05
-9.24779e-05
-9.22317e-05
-9.19863e-05
-9.17418e-05
-9.14981e-05
-9.12552e-05
-9.10132e-05
-9.07719e-05
-9.05314e-05
-9.02918e-05
-9.00529e-05
-8.98149e-05
-8.95776e-05
-8.93411e-05
-8.91053e-05
-8.88704e-05
-8.86362e-05
-8.84028e-05
-8.81701e-05
-8.79382e-05
-8.77071e-05
-8.74767e-05
-8.72471e-05
-8.70182e-05
-8.67901e-05
-8.65627e-05
-8.6336e-05
-8.61101e-05
-8.58848e-05
-8.56603e-05
-8.54365e-05
-8.52135e-05
-8.49911e-05
-8.47695e-05
-8.45485e-05
-8.43283e-05
-8.41087e-05
-8.38899e-05
-8.36718e-05
-8.34544e-05
-8.32376e-05
-8.30216e-05
-8.28062e-05
-8.25914e-05
-8.23774e-05
-8.2164e-05
-8.19513e-05
-8.17393e-05
-8.15279e-05
-8.13172e-05
-8.11072e-05
-8.08977e-05
-8.0689e-05
-8.04808e-05
-8.02734e-05
-8.00665e-05
-7.98604e-05
-7.96548e-05
-7.94499e-05
-7.92457e-05
-7.9042e-05
-7.8839e-05
-7.86366e-05
-7.84349e-05
-7.82337e-05
-7.80331e-05
-7.78332e-05
-7.76339e-05
-7.74352e-05
-7.72371e-05
-7.70396e-05
-7.68427e-05
-7.66464e-05
-7.64507e-05
-7.62556e-05
-7.6061e-05
-7.58671e-05
-7.56737e-05
-7.5481e-05
-7.52888e-05
-7.50972e-05
-7.49061e-05
-7.47157e-05
-7.45258e-05
-7.43365e-05
-7.41477e-05
-7.39595e-05
-7.37719e-05
-7.35848e-05
-7.33983e-05
-7.32124e-05
-7.3027e-05
-7.27989e-05
-7.26569e-05
-7.24439e-05
-7.23055e-05
-7.2089e-05
-7.18995e-05
-7.17235e-05
-7.15514e-05
-7.13787e-05
-7.1204e-05
-7.10274e-05
-7.08497e-05
-7.06716e-05
-7.04934e-05
-7.03156e-05
-7.01382e-05
-6.99614e-05
-6.97852e-05
-6.96095e-05
-6.94343e-05
-6.92598e-05
-6.90859e-05
-6.89125e-05
-6.87396e-05
-6.85672e-05
-6.83954e-05
-6.82241e-05
-6.80532e-05
-6.78829e-05
-6.77131e-05
-6.75437e-05
-6.73749e-05
-6.72066e-05
-6.70387e-05
-6.68713e-05
-6.67045e-05
-6.65381e-05
-6.63722e-05
-6.62067e-05
-6.60418e-05
-6.58773e-05
-6.57133e-05
-6.55498e-05
-6.53867e-05
-6.52241e-05
-6.5062e-05
-6.49003e-05
-6.47392e-05
-6.45784e-05
-6.44181e-05
-6.42583e-05
-6.4099e-05
-6.394e-05
-6.37808e-05
-6.36221e-05
-6.34642e-05
-6.3307e-05
-6.31506e-05
-6.29946e-05
-6.28392e-05
-6.26841e-05
-6.25294e-05
-6.23752e-05
-6.22213e-05
-6.20678e-05
-6.19147e-05
-6.1762e-05
-6.16097e-05
-6.14579e-05
-6.13065e-05
-6.11555e-05
-6.10049e-05
-6.08547e-05
-6.0705e-05
-6.05557e-05
-6.04068e-05
-6.02583e-05
-6.01102e-05
-5.99626e-05
-5.98153e-05
-5.96685e-05
-5.95221e-05
-5.93761e-05
-5.92305e-05
-5.90853e-05
-5.89405e-05
-5.87962e-05
-5.86522e-05
-5.85086e-05
-5.83654e-05
-5.82226e-05
-5.80802e-05
-5.79382e-05
-5.77966e-05
-5.76554e-05
-5.75146e-05
-5.73742e-05
-5.72341e-05
-5.70945e-05
-5.69552e-05
-5.68163e-05
-5.66778e-05
-5.65397e-05
-5.64019e-05
-5.62645e-05
-5.61275e-05
-5.59909e-05
-5.58547e-05
-5.57188e-05
-5.55833e-05
-5.54482e-05
-5.53134e-05
-5.5179e-05
-5.5045e-05
-5.49113e-05
-5.4778e-05
-5.46451e-05
-5.45125e-05
-5.43803e-05
-5.42485e-05
-5.4117e-05
-5.39858e-05
-5.38551e-05
-5.37247e-05
-5.35946e-05
-5.34649e-05
-5.33355e-05
-5.32065e-05
-5.30779e-05
-5.29496e-05
-5.28217e-05
-5.26941e-05
-5.25668e-05
-5.24399e-05
-5.23133e-05
-5.21871e-05
-5.20612e-05
-5.19356e-05
-5.18104e-05
-5.16855e-05
-5.15609e-05
-5.14367e-05
-5.13129e-05
-5.11893e-05
-5.10661e-05
-5.09433e-05
-5.08207e-05
-5.06985e-05
-5.05767e-05
-5.04551e-05
-5.03339e-05
-5.0213e-05
-5.00924e-05
-4.99721e-05
-4.98522e-05
-4.97326e-05
-4.96133e-05
-4.94943e-05
-4.93756e-05
-4.92573e-05
-4.91393e-05
-4.90216e-05
-4.89042e-05
-4.87871e-05
-4.86703e-05
-4.85539e-05
-4.84377e-05
-4.83219e-05
-4.82064e-05
-4.80911e-05
-4.79762e-05
-4.78616e-05
-4.77473e-05
-4.76333e-05
-4.75196e-05
-4.74062e-05
-4.72931e-05
-4.71803e-05
-4.70678e-05
-4.69556e-05
-4.68437e-05
-4.67321e-05
-4.66208e-05
-4.65098e-05
-4.6399e-05
-4.62886e-05
-4.61785e-05
-4.60686e-05
-4.5959e-05
-4.58498e-05
-4.57408e-05
-4.56321e-05
-4.55237e-05
-4.54155e-05
-4.53077e-05
-4.52001e-05
-4.50928e-05
-4.49858e-05
-4.48791e-05
-4.47727e-05
-4.46665e-05
-4.45606e-05
-4.4455e-05
-4.43497e-05
-4.42446e-05
-4.41399e-05
-4.40354e-05
-4.39311e-05
-4.38272e-05
-4.37235e-05
-4.36201e-05
-4.35169e-05
-4.3414e-05
-4.33114e-05
-4.32091e-05
-4.3107e-05
-4.30052e-05
-4.29036e-05
-4.28024e-05
-4.27013e-05
-4.26006e-05
-4.25001e-05
-4.23999e-05
-4.22999e-05
-4.22002e-05
-4.21007e-05
-4.20015e-05
-4.19026e-05
-4.18039e-05
-4.17054e-05
-4.16073e-05
-4.15093e-05
-4.14117e-05
-4.13143e-05
-4.12171e-05
-4.11202e-05
-4.10235e-05
-4.09271e-05
-4.08309e-05
-4.0735e-05
-4.06393e-05
-4.05439e-05
-4.04142e-05
-4.03497e-05
-4.02319e-05
-4.01723e-05
-4.00529e-05
-3.99915e-05
-3.98694e-05
-3.98068e-05
-3.96836e-05
-3.96207e-05
-3.94975e-05
-3.9435e-05
-3.93123e-05
-3.92101e-05
-3.91611e-05
-3.90426e-05
-3.89412e-05
-3.88502e-05
-3.87635e-05
-3.86779e-05
-3.85918e-05
-3.85049e-05
-3.8417e-05
-3.83285e-05
-3.82395e-05
-3.81504e-05
-3.80613e-05
-3.79723e-05
-3.78835e-05
-3.77948e-05
-3.77065e-05
-3.76183e-05
-3.75304e-05
-3.74428e-05
-3.73554e-05
-3.72683e-05
-3.71814e-05
-3.70947e-05
-3.70082e-05
-3.6922e-05
-3.6836e-05
-3.67502e-05
-3.66647e-05
-3.65793e-05
-3.64942e-05
-3.64093e-05
-3.63247e-05
-3.62402e-05
-3.6156e-05
-3.6072e-05
-3.59882e-05
-3.59046e-05
-3.58212e-05
-3.5738e-05
-3.5655e-05
-3.55723e-05
-3.54898e-05
-3.54074e-05
-3.53253e-05
-3.52434e-05
-3.51617e-05
-3.50802e-05
-3.49989e-05
-3.49178e-05
-3.48369e-05
-3.47563e-05
-3.46747e-05
-3.45942e-05
-3.45138e-05
-3.44337e-05
-3.43541e-05
-3.42748e-05
-3.41968e-05
-3.41172e-05
-3.40388e-05
-3.39601e-05
-3.38816e-05
-3.38033e-05
-3.37253e-05
-3.36475e-05
-3.35699e-05
-3.34925e-05
-3.34153e-05
-3.33382e-05
-3.32614e-05
-3.31847e-05
-3.31082e-05
-3.30318e-05
-3.29557e-05
-3.28797e-05
-3.28039e-05
-3.27283e-05
-3.26529e-05
-3.25777e-05
-3.25026e-05
-3.24278e-05
-3.23531e-05
-3.22786e-05
-3.22044e-05
-3.21303e-05
-3.20564e-05
-3.19826e-05
-3.19091e-05
-3.18357e-05
-3.17625e-05
-3.16895e-05
-3.16167e-05
-3.15441e-05
-3.14716e-05
-3.13993e-05
-3.13272e-05
-3.12553e-05
-3.11835e-05
-3.1112e-05
-3.10406e-05
-3.09693e-05
-3.08982e-05
-3.08273e-05
-3.07566e-05
-3.06862e-05
-3.06158e-05
-3.05457e-05
-3.04757e-05
-3.04059e-05
-3.03363e-05
-3.02668e-05
-3.01975e-05
-3.01284e-05
-3.00594e-05
-2.99906e-05
-2.9922e-05
-2.98536e-05
-2.97853e-05
-2.97172e-05
-2.96492e-05
-2.95814e-05
-2.95138e-05
-2.94463e-05
-2.93791e-05
-2.93119e-05
-2.9245e-05
-2.91782e-05
-2.91115e-05
-2.90451e-05
-2.89788e-05
-2.89126e-05
-2.88466e-05
-2.87808e-05
-2.87152e-05
-2.86497e-05
-2.85843e-05
-2.85191e-05
-2.84541e-05
-2.83892e-05
-2.83245e-05
-2.826e-05
-2.81956e-05
-2.81314e-05
-2.80673e-05
-2.80034e-05
-2.79396e-05
-2.7876e-05
-2.78126e-05
-2.77493e-05
-2.76861e-05
-2.76231e-05
-2.75603e-05
-2.74976e-05
-2.74351e-05
-2.73727e-05
-2.73105e-05
-2.72484e-05
-2.71865e-05
-2.71247e-05
-2.70631e-05
-2.70016e-05
-2.69403e-05
-2.68791e-05
-2.68181e-05
-2.67572e-05
-2.66965e-05
-2.66359e-05
-2.65754e-05
-2.65152e-05
-2.6455e-05
-2.6395e-05
-2.63352e-05
-2.62754e-05
-2.62159e-05
-2.61565e-05
-2.60972e-05
-2.6038e-05
-2.5979e-05
-2.59202e-05
-2.58615e-05
-2.58029e-05
-2.57445e-05
-2.56862e-05
-2.5628e-05
-2.557e-05
-2.55122e-05
-2.54544e-05
-2.53968e-05
-2.53394e-05
-2.52821e-05
-2.52249e-05
-2.51679e-05
-2.5111e-05
-2.50542e-05
-2.49976e-05
-2.49411e-05
-2.48848e-05
-2.48286e-05
-2.47725e-05
-2.47165e-05
-2.46607e-05
-2.4605e-05
-2.45495e-05
-2.44941e-05
-2.44388e-05
-2.43836e-05
-2.43287e-05
-2.42738e-05
-2.4219e-05
-2.41644e-05
-2.41099e-05
-2.40555e-05
-2.40013e-05
-2.39472e-05
-2.38932e-05
-2.38394e-05
-2.37857e-05
-2.37321e-05
-2.36786e-05
-2.36253e-05
-2.35721e-05
-2.3519e-05
-2.34661e-05
-2.34132e-05
-2.33605e-05
-2.3308e-05
-2.32555e-05
-2.32032e-05
-2.3151e-05
-2.30989e-05
-2.3047e-05
-2.29952e-05
-2.29435e-05
-2.28919e-05
-2.28405e-05
-2.27891e-05
-2.27379e-05
-2.26868e-05
-2.26359e-05
-2.2585e-05
-2.25343e-05
-2.24837e-05
-2.24332e-05
-2.23829e-05
-2.23326e-05
-2.22825e-05
-2.22325e-05
-2.21826e-05
-2.21328e-05
-2.20832e-05
-2.20336e-05
-2.19842e-05
-2.19349e-05
-2.18858e-05
-2.18367e-05
-2.17878e-05
-2.17389e-05
-2.16902e-05
-2.16416e-05
-2.15931e-05
-2.15447e-05
-2.14965e-05
-2.14483e-05
-2.14003e-05
-2.13524e-05
-2.13046e-05
-2.12569e-05
-2.12093e-05
-2.11618e-05
-2.11145e-05
-2.10672e-05
-2.10201e-05
-2.09731e-05
-2.09262e-05
-2.08794e-05
-2.08327e-05
-2.07861e-05
-2.07397e-05
-2.06933e-05
-2.06471e-05
-2.06009e-05
-2.05549e-05
-2.0509e-05
-2.04632e-05
-2.04175e-05
-2.03719e-05
-2.03264e-05
-2.0281e-05
-2.02357e-05
-2.01905e-05
-2.01454e-05
-2.01005e-05
-2.00556e-05
-2.00108e-05
-1.99662e-05
-1.99217e-05
-1.98772e-05
-1.98329e-05
-1.97887e-05
-1.97446e-05
-1.97005e-05
-1.96566e-05
-1.96128e-05
-1.95691e-05
-1.95255e-05
-1.9482e-05
-1.94386e-05
-1.93953e-05
-1.93521e-05
-1.9309e-05
-1.9266e-05
-1.92231e-05
-1.91803e-05
-1.91376e-05
-1.9095e-05
-1.90525e-05
-1.90101e-05
-1.89678e-05
-1.89256e-05
-1.88835e-05
-1.88415e-05
-1.87996e-05
-1.87578e-05
-1.8716e-05
-1.86744e-05
-1.86329e-05
-1.85915e-05
-1.85502e-05
-1.85089e-05
-1.84678e-05
-1.84268e-05
-1.83858e-05
-1.8345e-05
-1.83042e-05
-1.82636e-05
-1.8223e-05
-1.81825e-05
-1.81422e-05
-1.81019e-05
-1.80617e-05
-1.80216e-05
-1.79816e-05
-1.79417e-05
-1.79019e-05
-1.78622e-05
-1.78226e-05
-1.7783e-05
-1.77436e-05
-1.77042e-05
-1.7665e-05
-1.76258e-05
-1.75867e-05
-1.75477e-05
-1.75088e-05
-1.747e-05
-1.74313e-05
-1.73927e-05
-1.73541e-05
-1.73157e-05
-1.72773e-05
-1.7239e-05
-1.72009e-05
-1.71628e-05
-1.71247e-05
-1.70868e-05
-1.7049e-05
-1.70112e-05
-1.69736e-05
-1.6936e-05
-1.68985e-05
-1.68612e-05
-1.68238e-05
-1.67866e-05
-1.67495e-05
-1.67124e-05
-1.66754e-05
-1.66386e-05
-1.66018e-05
-1.6565e-05
-1.65284e-05
-1.64919e-05
-1.64554e-05
-1.6419e-05
-1.63828e-05
-1.63466e-05
-1.63104e-05
-1.62744e-05
-1.62384e-05
-1.62026e-05
-1.61668e-05
-1.61302e-05
-1.60943e-05
-1.60585e-05
-1.6023e-05
-1.59876e-05
-1.59525e-05
-1.59175e-05
-1.58826e-05
-1.58477e-05
-1.5813e-05
-1.57782e-05
-1.57435e-05
-1.57089e-05
-1.56743e-05
-1.56398e-05
-1.56053e-05
-1.55709e-05
-1.55366e-05
-1.55024e-05
-1.54683e-05
-1.54342e-05
-1.54002e-05
-1.53662e-05
-1.53324e-05
-1.52986e-05
-1.52648e-05
-1.52312e-05
-1.51976e-05
-1.51641e-05
-1.51307e-05
-1.50973e-05
-1.50641e-05
-1.50309e-05
-1.49978e-05
-1.49647e-05
-1.49318e-05
-1.48989e-05
-1.48661e-05
-1.48333e-05
-1.48007e-05
-1.47681e-05
-1.47356e-05
-1.47032e-05
-1.46708e-05
-1.46385e-05
-1.46063e-05
-1.45742e-05
-1.45421e-05
-1.45102e-05
-1.44782e-05
-1.44464e-05
-1.44146e-05
-1.4383e-05
-1.43513e-05
-1.43198e-05
-1.42883e-05
-1.42569e-05
-1.42256e-05
-1.41943e-05
-1.41631e-05
-1.4132e-05
-1.4101e-05
-1.407e-05
-1.40391e-05
-1.40082e-05
-1.39775e-05
-1.39468e-05
-1.39162e-05
-1.38856e-05
-1.38551e-05
-1.38247e-05
-1.37944e-05
-1.37641e-05
-1.37339e-05
-1.37038e-05
-1.36737e-05
-1.36437e-05
-1.36138e-05
-1.3584e-05
-1.35542e-05
-1.35244e-05
-1.34948e-05
-1.34652e-05
-1.34356e-05
-1.34062e-05
-1.33768e-05
-1.33475e-05
-1.33182e-05
-1.3289e-05
-1.32599e-05
-1.32308e-05
-1.32018e-05
-1.31729e-05
-1.3144e-05
-1.31152e-05
-1.30865e-05
-1.30578e-05
-1.30292e-05
-1.30007e-05
-1.29722e-05
-1.29438e-05
-1.29155e-05
-1.28872e-05
-1.2859e-05
-1.28308e-05
-1.28027e-05
-1.27747e-05
-1.27468e-05
-1.27189e-05
-1.2691e-05
-1.26633e-05
-1.26355e-05
-1.26079e-05
-1.25803e-05
-1.25528e-05
-1.25253e-05
-1.24979e-05
-1.24706e-05
-1.24433e-05
-1.24161e-05
-1.2389e-05
-1.23619e-05
-1.23349e-05
-1.23079e-05
-1.2281e-05
-1.22542e-05
-1.22274e-05
-1.22007e-05
-1.2174e-05
-1.21474e-05
-1.21208e-05
-1.20944e-05
-1.20679e-05
-1.20416e-05
-1.20153e-05
-1.1989e-05
-1.19628e-05
-1.19367e-05
-1.19107e-05
-1.18846e-05
-1.18587e-05
-1.18328e-05
-1.1807e-05
-1.17812e-05
-1.17555e-05
-1.17298e-05
-1.17042e-05
-1.16787e-05
-1.16532e-05
-1.16278e-05
-1.16024e-05
-1.15771e-05
-1.15518e-05
-1.15266e-05
-1.15015e-05
-1.14764e-05
-1.14514e-05
-1.14264e-05
-1.14015e-05
-1.13766e-05
-1.13518e-05
-1.13271e-05
-1.13024e-05
-1.12777e-05
-1.12531e-05
-1.12286e-05
-1.12041e-05
-1.11797e-05
-1.11554e-05
-1.1131e-05
-1.11068e-05
-1.10826e-05
-1.10584e-05
-1.10344e-05
-1.10103e-05
-1.09863e-05
-1.09624e-05
-1.09385e-05
-1.09147e-05
-1.08909e-05
-1.08672e-05
-1.08436e-05
-1.082e-05
-1.07964e-05
-1.07729e-05
-1.07495e-05
-1.07261e-05
-1.07027e-05
-1.06794e-05
-1.06562e-05
-1.0633e-05
-1.06099e-05
-1.05868e-05
-1.05637e-05
-1.05407e-05
-1.05178e-05
-1.04949e-05
-1.04721e-05
-1.04493e-05
-1.04266e-05
-1.04039e-05
-1.03813e-05
-1.03587e-05
-1.03362e-05
-1.03137e-05
-1.02913e-05
-1.02689e-05
-1.02466e-05
-1.02243e-05
-1.02021e-05
-1.01799e-05
-1.01578e-05
-1.01357e-05
-1.01137e-05
-1.00917e-05
-1.00698e-05
-1.00479e-05
-1.00261e-05
-1.00043e-05
-9.98258e-06
-9.96089e-06
-9.93926e-06
-9.91768e-06
-9.89614e-06
-9.87465e-06
-9.85321e-06
-9.83182e-06
-9.81048e-06
-9.78918e-06
-9.76793e-06
-9.74673e-06
-9.72557e-06
-9.70446e-06
-9.6834e-06
-9.66238e-06
-9.64141e-06
-9.62049e-06
-9.59962e-06
-9.57879e-06
-9.558e-06
-9.53727e-06
-9.51658e-06
-9.49593e-06
-9.47533e-06
-9.45478e-06
-9.43427e-06
-9.41381e-06
-9.3934e-06
-9.37303e-06
-9.3527e-06
-9.33242e-06
-9.31219e-06
-9.292e-06
-9.27185e-06
-9.25175e-06
-9.2317e-06
-9.21169e-06
-9.19173e-06
-9.17181e-06
-9.15194e-06
-9.13211e-06
-9.11232e-06
-9.09258e-06
-9.07287e-06
-9.05321e-06
-9.03359e-06
-9.01402e-06
-8.99449e-06
-8.975e-06
-8.95556e-06
-8.93616e-06
-8.91681e-06
-8.89749e-06
-8.87823e-06
-8.859e-06
-8.83981e-06
-8.82067e-06
-8.80157e-06
-8.78251e-06
-8.76349e-06
-8.74451e-06
-8.72558e-06
-8.7067e-06
-8.68785e-06
-8.66905e-06
-8.65029e-06
-8.63158e-06
-8.6129e-06
-8.59427e-06
-8.57568e-06
-8.55712e-06
-8.53861e-06
-8.52014e-06
-8.50171e-06
-8.48332e-06
-8.46496e-06
-8.44665e-06
-8.42838e-06
-8.41015e-06
-8.39196e-06
-8.37381e-06
-8.35571e-06
-8.33764e-06
-8.31961e-06
-8.30162e-06
-8.28367e-06
-8.26576e-06
-8.24788e-06
-8.23005e-06
-8.21226e-06
-8.19451e-06
-8.1768e-06
-8.15912e-06
-8.14148e-06
-8.1239e-06
-8.10635e-06
-8.08882e-06
-8.07134e-06
-8.0539e-06
-8.0365e-06
-8.01914e-06
-8.00182e-06
-7.98454e-06
-7.96729e-06
-7.95008e-06
-7.93291e-06
-7.91577e-06
-7.89867e-06
-7.88161e-06
-7.86459e-06
-7.84761e-06
-7.83066e-06
-7.81375e-06
-7.79688e-06
-7.78005e-06
-7.76325e-06
-7.74649e-06
-7.72977e-06
-7.71309e-06
-7.69644e-06
-7.67983e-06
-7.66325e-06
-7.64671e-06
-7.63021e-06
-7.61374e-06
-7.59731e-06
-7.58092e-06
-7.56456e-06
-7.54824e-06
-7.53196e-06
-7.51571e-06
-7.4995e-06
-7.48332e-06
-7.46718e-06
-7.45107e-06
-7.435e-06
-7.41896e-06
-7.40296e-06
-7.38699e-06
-7.37106e-06
-7.35517e-06
-7.33931e-06
-7.32348e-06
-7.30769e-06
-7.29193e-06
-7.27621e-06
-7.26053e-06
-7.24487e-06
-7.22925e-06
-7.21367e-06
-7.19812e-06
-7.18261e-06
-7.16713e-06
-7.15168e-06
-7.13627e-06
-7.12089e-06
-7.10554e-06
-7.09023e-06
-7.07495e-06
-7.05971e-06
-7.0445e-06
-7.02932e-06
-7.01418e-06
-6.99907e-06
-6.98399e-06
-6.96895e-06
-6.95393e-06
-6.93896e-06
-6.92401e-06
-6.9091e-06
-6.89421e-06
-6.87937e-06
-6.86455e-06
-6.84977e-06
-6.83502e-06
-6.8203e-06
-6.80561e-06
-6.79096e-06
-6.77634e-06
-6.76175e-06
-6.74719e-06
-6.73267e-06
-6.71817e-06
-6.70371e-06
-6.68928e-06
-6.67488e-06
-6.66052e-06
-6.64618e-06
-6.63188e-06
-6.61761e-06
-6.60337e-06
-6.58916e-06
-6.57498e-06
-6.56083e-06
-6.54671e-06
-6.53263e-06
-6.51858e-06
-6.50434e-06
-6.48978e-06
-6.4757e-06
-6.46179e-06
-6.44793e-06
-6.43412e-06
-6.42036e-06
-6.40666e-06
-6.39301e-06
-6.37937e-06
-6.36575e-06
-6.35213e-06
-6.33851e-06
-6.32491e-06
-6.31132e-06
-6.29775e-06
-6.28421e-06
-6.2707e-06
-6.25723e-06
-6.24379e-06
-6.23038e-06
-6.21701e-06
-6.20366e-06
-6.19035e-06
-6.17706e-06
-6.1638e-06
-6.15057e-06
-6.13736e-06
-6.12418e-06
-6.11102e-06
-6.09788e-06
-6.08478e-06
-6.0717e-06
-6.05865e-06
-6.04563e-06
-6.03264e-06
-6.01967e-06
-6.00674e-06
-5.99384e-06
-5.98096e-06
-5.96811e-06
-5.95529e-06
-5.9425e-06
-5.92974e-06
-5.917e-06
-5.90429e-06
-5.89161e-06
-5.87896e-06
-5.86633e-06
-5.85373e-06
-5.84116e-06
-5.82862e-06
-5.8161e-06
-5.77565e-06
-5.76834e-06
-5.76062e-06
-5.75222e-06
-5.74319e-06
-5.7336e-06
-5.72349e-06
-5.71294e-06
-5.70201e-06
-5.69076e-06
-5.67927e-06
-5.66758e-06
-5.65576e-06
-5.64383e-06
-5.63185e-06
-5.61983e-06
-5.60779e-06
-5.59575e-06
-5.58372e-06
-5.57171e-06
-5.55972e-06
-5.54776e-06
-5.53582e-06
-5.52391e-06
-5.51204e-06
-5.50019e-06
-5.48837e-06
-5.47657e-06
-5.46481e-06
-5.45308e-06
-5.44137e-06
-5.42969e-06
-5.41803e-06
-5.40641e-06
-5.39481e-06
-5.38324e-06
-5.3717e-06
-5.36018e-06
-5.34869e-06
-5.33722e-06
-5.32578e-06
-5.31436e-06
-5.30297e-06
-5.29159e-06
-5.28024e-06
-5.26892e-06
-5.25762e-06
-5.24634e-06
-5.23509e-06
-5.22386e-06
-5.21267e-06
-5.20149e-06
-5.19034e-06
-5.17922e-06
-5.16812e-06
-5.15705e-06
-5.146e-06
-5.13498e-06
-5.12398e-06
-5.113e-06
-5.10205e-06
-5.09112e-06
-5.08021e-06
-5.06933e-06
-5.05847e-06
-5.04764e-06
-5.03683e-06
-5.02604e-06
-5.01527e-06
-5.00453e-06
-4.99381e-06
-4.98312e-06
-4.97245e-06
-4.9618e-06
-4.95118e-06
-4.94058e-06
-4.93e-06
-4.91944e-06
-4.90891e-06
-4.8984e-06
-4.88791e-06
-4.87744e-06
-4.867e-06
-4.85658e-06
-4.84618e-06
-4.8358e-06
-4.82545e-06
-4.81512e-06
-4.80481e-06
-4.79453e-06
-4.78427e-06
-4.77403e-06
-4.76381e-06
-4.75361e-06
-4.74344e-06
-4.73328e-06
-4.72315e-06
-4.71305e-06
-4.70296e-06
-4.6929e-06
-4.68285e-06
-4.67283e-06
-4.66283e-06
-4.65286e-06
-4.6429e-06
-4.63297e-06
-4.62305e-06
-4.61316e-06
-4.60329e-06
-4.59344e-06
-4.58362e-06
-4.57381e-06
-4.56403e-06
-4.55426e-06
-4.54452e-06
-4.5348e-06
-4.5251e-06
-4.51542e-06
-4.50576e-06
-4.49612e-06
-4.48651e-06
-4.47691e-06
-4.46733e-06
-4.45778e-06
-4.44825e-06
-4.43873e-06
-4.42924e-06
-4.41977e-06
-4.41032e-06
-4.40089e-06
-4.39148e-06
-4.38209e-06
-4.37272e-06
-4.36337e-06
-4.35404e-06
-4.34473e-06
-4.33544e-06
-4.32617e-06
-4.31692e-06
-4.30769e-06
-4.29848e-06
-4.2893e-06
-4.28013e-06
-4.27098e-06
-4.26184e-06
-4.25273e-06
-4.24364e-06
-4.23457e-06
-4.22552e-06
-4.21649e-06
-4.20748e-06
-4.19848e-06
-4.18951e-06
-4.18055e-06
-4.17162e-06
-4.1627e-06
-4.15381e-06
-4.14493e-06
-4.13607e-06
-4.12723e-06
-4.11841e-06
-4.10961e-06
-4.10083e-06
-4.09207e-06
-4.08333e-06
-4.0746e-06
-4.0659e-06
-4.05721e-06
-4.04854e-06
-4.03989e-06
-4.03126e-06
-4.02265e-06
-4.01406e-06
-4.00548e-06
-3.99692e-06
-3.98839e-06
-3.97987e-06
-3.97136e-06
-3.96288e-06
-3.95442e-06
-3.94597e-06
-3.93754e-06
-3.92913e-06
-3.92074e-06
-3.91236e-06
-3.90401e-06
-3.89567e-06
-3.88735e-06
-3.87905e-06
-3.87077e-06
-3.8625e-06
-3.85425e-06
-3.84602e-06
-3.83781e-06
-3.82961e-06
-3.82144e-06
-3.81328e-06
-3.80514e-06
-3.79701e-06
-3.7889e-06
-3.78082e-06
-3.77274e-06
-3.76469e-06
-3.75665e-06
-3.74863e-06
-3.74063e-06
-3.73265e-06
-3.72468e-06
-3.71673e-06
-3.70879e-06
-3.70088e-06
-3.69298e-06
-3.6851e-06
-3.67723e-06
-3.66938e-06
-3.66155e-06
-3.65374e-06
-3.64594e-06
-3.63816e-06
-3.63039e-06
-3.62265e-06
-3.61491e-06
-3.6072e-06
-3.5995e-06
-3.59182e-06
-3.58416e-06
-3.57651e-06
-3.56888e-06
-3.56126e-06
-3.55367e-06
-3.54608e-06
-3.53852e-06
-3.53097e-06
-3.52344e-06
-3.51592e-06
-3.50842e-06
-3.50093e-06
-3.49347e-06
-3.48601e-06
-3.47858e-06
-3.47116e-06
-3.46375e-06
-3.45637e-06
-3.44899e-06
-3.44164e-06
-3.4343e-06
-3.42697e-06
-3.41966e-06
-3.41237e-06
-3.40509e-06
-3.39783e-06
-3.39058e-06
-3.38335e-06
-3.37614e-06
-3.36894e-06
-3.36175e-06
-3.35459e-06
-3.34743e-06
-3.34068e-06
-3.3332e-06
-3.32589e-06
-3.31866e-06
-3.31146e-06
-3.30432e-06
-3.29724e-06
-3.29024e-06
-3.28329e-06
-3.27638e-06
-3.26948e-06
-3.26258e-06
-3.25567e-06
-3.24874e-06
-3.24181e-06
-3.23488e-06
-3.22796e-06
-3.22106e-06
-3.21418e-06
-3.20731e-06
-3.20047e-06
-3.19366e-06
-3.18686e-06
-3.18009e-06
-3.17333e-06
-3.16659e-06
-3.15986e-06
-3.15315e-06
-3.14646e-06
-3.13977e-06
-3.1331e-06
-3.12644e-06
-3.1198e-06
-3.11317e-06
-3.10654e-06
-3.09994e-06
-3.09334e-06
-3.08676e-06
-3.08019e-06
-3.07363e-06
-3.06708e-06
-3.06055e-06
-3.05403e-06
-3.04753e-06
-3.04104e-06
-3.03456e-06
-3.0281e-06
-3.02165e-06
-3.01521e-06
-3.00879e-06
-3.00238e-06
-2.99598e-06
-2.9896e-06
-2.98323e-06
-2.97688e-06
-2.97054e-06
-2.96421e-06
-2.95789e-06
-2.95159e-06
-2.94529e-06
-2.93902e-06
-2.93276e-06
-2.92652e-06
-2.92029e-06
-2.91407e-06
-2.90786e-06
-2.90167e-06
-2.89548e-06
-2.88932e-06
-2.88316e-06
-2.87702e-06
-2.87089e-06
-2.86478e-06
-2.85868e-06
-2.85259e-06
-2.84652e-06
-2.84046e-06
-2.83441e-06
-2.82838e-06
-2.82235e-06
-2.81634e-06
-2.81035e-06
-2.80436e-06
-2.79839e-06
-2.79243e-06
-2.78649e-06
-2.78055e-06
-2.77463e-06
-2.76873e-06
-2.76283e-06
-2.75695e-06
-2.75108e-06
-2.74522e-06
-2.73938e-06
-2.73355e-06
-2.72773e-06
-2.72192e-06
-2.71613e-06
-2.71034e-06
-2.70457e-06
-2.69882e-06
-2.69307e-06
-2.68734e-06
-2.68162e-06
-2.67591e-06
-2.67022e-06
-2.66454e-06
-2.65886e-06
-2.65321e-06
-2.64756e-06
-2.64193e-06
-2.6363e-06
-2.63069e-06
-2.6251e-06
-2.61951e-06
-2.61394e-06
-2.60837e-06
-2.60282e-06
-2.59729e-06
-2.59176e-06
-2.58625e-06
-2.58074e-06
-2.57525e-06
-2.56977e-06
-2.5643e-06
-2.55885e-06
-2.5534e-06
-2.54797e-06
-2.54255e-06
-2.53714e-06
-2.53174e-06
-2.52636e-06
-2.52098e-06
-2.51562e-06
-2.51027e-06
-2.50493e-06
-2.4996e-06
-2.49428e-06
-2.48898e-06
-2.48368e-06
-2.4784e-06
-2.47313e-06
-2.46787e-06
-2.46262e-06
-2.45738e-06
-2.45215e-06
-2.44694e-06
-2.44174e-06
-2.43654e-06
-2.43136e-06
-2.42619e-06
-2.42103e-06
-2.41589e-06
-2.41075e-06
-2.40562e-06
-2.40051e-06
-2.3954e-06
-2.39031e-06
-2.38523e-06
-2.38015e-06
-2.37509e-06
-2.37004e-06
-2.365e-06
-2.35997e-06
-2.35495e-06
-2.34994e-06
-2.34495e-06
-2.33996e-06
-2.33499e-06
-2.33002e-06
-2.32507e-06
-2.32012e-06
-2.31519e-06
-2.31027e-06
-2.30536e-06
-2.30046e-06
-2.29557e-06
-2.29069e-06
-2.28582e-06
-2.28096e-06
-2.27611e-06
-2.27127e-06
-2.26644e-06
-2.26162e-06
-2.25682e-06
-2.25202e-06
-2.24723e-06
-2.24246e-06
-2.23769e-06
-2.23293e-06
-2.22819e-06
-2.22345e-06
-2.21872e-06
-2.21401e-06
-2.2093e-06
-2.20461e-06
-2.19992e-06
-2.19525e-06
-2.19058e-06
-2.18593e-06
-2.18128e-06
-2.17664e-06
-2.17202e-06
-2.1674e-06
-2.1628e-06
-2.1582e-06
-2.15361e-06
-2.14904e-06
-2.14447e-06
-2.13991e-06
-2.13537e-06
-2.13083e-06
-2.1263e-06
-2.12178e-06
-2.11728e-06
-2.11278e-06
-2.10829e-06
-2.10382e-06
-2.09935e-06
-2.09489e-06
-2.09044e-06
-2.08599e-06
-2.08156e-06
-2.07714e-06
-2.07272e-06
-2.06832e-06
-2.06392e-06
-2.05954e-06
-2.05516e-06
-2.0508e-06
-2.04644e-06
-2.04209e-06
-2.03775e-06
-2.03342e-06
-2.02911e-06
-2.02479e-06
-2.02049e-06
-2.0162e-06
-2.01192e-06
-2.00764e-06
-2.00338e-06
-1.99912e-06
-1.99488e-06
-1.99064e-06
-1.98641e-06
-1.98219e-06
-1.97798e-06
-1.97378e-06
-1.96959e-06
-1.96541e-06
-1.96123e-06
-1.95707e-06
-1.95291e-06
-1.94876e-06
-1.94462e-06
-1.94049e-06
-1.93637e-06
-1.93226e-06
-1.92815e-06
-1.92406e-06
-1.91997e-06
-1.91589e-06
-1.91183e-06
-1.90777e-06
-1.90372e-06
-1.89967e-06
-1.89564e-06
-1.89162e-06
-1.8876e-06
-1.88359e-06
-1.87959e-06
-1.8756e-06
-1.87162e-06
-1.86765e-06
-1.86368e-06
-1.85973e-06
-1.85578e-06
-1.85184e-06
-1.84791e-06
-1.84398e-06
-1.84007e-06
-1.83616e-06
-1.83226e-06
-1.82837e-06
-1.82449e-06
-1.82062e-06
-1.81675e-06
-1.81289e-06
-1.80904e-06
-1.8052e-06
-1.80137e-06
-1.79755e-06
-1.79373e-06
-1.78992e-06
-1.78612e-06
-1.78233e-06
-1.77855e-06
-1.77477e-06
-1.77101e-06
-1.76725e-06
-1.7635e-06
-1.75975e-06
-1.75602e-06
-1.75229e-06
-1.74857e-06
-1.74486e-06
-1.74116e-06
-1.73746e-06
-1.73377e-06
-1.72888e-06
-1.72677e-06
-1.7218e-06
-1.71844e-06
-1.71495e-06
-1.71141e-06
-1.70781e-06
-1.7042e-06
-1.70059e-06
-1.697e-06
-1.69344e-06
-1.6899e-06
-1.68638e-06
-1.68286e-06
-1.67934e-06
-1.67581e-06
-1.67228e-06
-1.66873e-06
-1.66518e-06
-1.66164e-06
-1.65809e-06
-1.65455e-06
-1.65102e-06
-1.6475e-06
-1.64399e-06
-1.64048e-06
-1.63699e-06
-1.63351e-06
-1.63005e-06
-1.62659e-06
-1.62314e-06
-1.6197e-06
-1.61627e-06
-1.61284e-06
-1.60943e-06
-1.60602e-06
-1.60262e-06
-1.59922e-06
-1.59584e-06
-1.59246e-06
-1.58908e-06
-1.58572e-06
-1.58236e-06
-1.579e-06
-1.57566e-06
-1.57232e-06
-1.56898e-06
-1.56566e-06
-1.56234e-06
-1.55903e-06
-1.55572e-06
-1.55242e-06
-1.54913e-06
-1.54585e-06
-1.54257e-06
-1.5393e-06
-1.53604e-06
-1.53278e-06
-1.52953e-06
-1.52629e-06
-1.52305e-06
-1.51982e-06
-1.5166e-06
-1.51338e-06
-1.51017e-06
-1.50697e-06
-1.50378e-06
-1.50059e-06
-1.49741e-06
-1.49423e-06
-1.49106e-06
-1.4879e-06
-1.48475e-06
-1.4816e-06
-1.47846e-06
-1.47532e-06
-1.47219e-06
-1.46907e-06
-1.46596e-06
-1.46285e-06
-1.45975e-06
-1.45665e-06
-1.45356e-06
-1.45048e-06
-1.44741e-06
-1.44434e-06
-1.44127e-06
-1.43822e-06
-1.43517e-06
-1.43213e-06
-1.4291e-06
-1.42608e-06
-1.42306e-06
-1.42004e-06
-1.41703e-06
-1.41403e-06
-1.41103e-06
-1.40803e-06
-1.40505e-06
-1.40207e-06
-1.39909e-06
-1.39612e-06
-1.39316e-06
-1.3902e-06
-1.38726e-06
-1.38431e-06
-1.38138e-06
-1.37845e-06
-1.37552e-06
-1.37261e-06
-1.3697e-06
-1.36679e-06
-1.36389e-06
-1.361e-06
-1.35812e-06
-1.35524e-06
-1.35236e-06
-1.3495e-06
-1.34664e-06
-1.34378e-06
-1.34093e-06
-1.33809e-06
-1.33525e-06
-1.33242e-06
-1.3296e-06
-1.32678e-06
-1.32397e-06
-1.32116e-06
-1.31836e-06
-1.31557e-06
-1.31278e-06
-1.31e-06
-1.30722e-06
-1.30445e-06
-1.30168e-06
-1.29893e-06
-1.29617e-06
-1.29343e-06
-1.29068e-06
-1.28795e-06
-1.28522e-06
-1.28249e-06
-1.27978e-06
-1.27706e-06
-1.27436e-06
-1.27166e-06
-1.26896e-06
-1.26627e-06
-1.26359e-06
-1.26091e-06
-1.25824e-06
-1.25557e-06
-1.25291e-06
-1.25025e-06
-1.2476e-06
-1.24496e-06
-1.24232e-06
-1.23969e-06
-1.23706e-06
-1.23444e-06
-1.23182e-06
-1.22921e-06
-1.22661e-06
-1.22401e-06
-1.22141e-06
-1.21882e-06
-1.21624e-06
-1.21366e-06
-1.21109e-06
-1.20852e-06
-1.20596e-06
-1.20341e-06
-1.20086e-06
-1.19831e-06
-1.19577e-06
-1.19324e-06
-1.19071e-06
-1.18819e-06
-1.18567e-06
-1.18316e-06
-1.18065e-06
-1.17815e-06
-1.17565e-06
-1.17316e-06
-1.17067e-06
-1.16819e-06
-1.16572e-06
-1.16325e-06
-1.16078e-06
-1.15832e-06
-1.15587e-06
-1.15342e-06
-1.15098e-06
-1.14854e-06
-1.1461e-06
-1.14368e-06
-1.14125e-06
-1.13883e-06
-1.13642e-06
-1.13401e-06
-1.13161e-06
-1.12921e-06
-1.12682e-06
-1.12443e-06
-1.12205e-06
-1.11967e-06
-1.1173e-06
-1.11493e-06
-1.11257e-06
-1.11022e-06
-1.10786e-06
-1.10552e-06
-1.10317e-06
-1.10084e-06
-1.0985e-06
-1.09618e-06
-1.09385e-06
-1.09154e-06
-1.08923e-06
-1.08692e-06
-1.08461e-06
-1.08232e-06
-1.08002e-06
-1.07774e-06
-1.07545e-06
-1.07318e-06
-1.0709e-06
-1.06863e-06
-1.06637e-06
-1.06411e-06
-1.06186e-06
-1.05961e-06
-1.05736e-06
-1.05512e-06
-1.05289e-06
-1.05066e-06
-1.04843e-06
-1.04621e-06
-1.04399e-06
-1.04178e-06
-1.03958e-06
-1.03737e-06
-1.03518e-06
-1.03298e-06
-1.0308e-06
-1.02861e-06
-1.02643e-06
-1.02426e-06
-1.02209e-06
-1.01993e-06
-1.01777e-06
-1.01561e-06
-1.01346e-06
-1.01131e-06
-1.00917e-06
-1.00703e-06
-1.0049e-06
-1.00277e-06
-1.00065e-06
-9.98528e-07
-9.96413e-07
-9.94303e-07
-9.92197e-07
-9.90096e-07
-9.87999e-07
-9.85906e-07
-9.83818e-07
-9.81735e-07
-9.79655e-07
-9.77581e-07
-9.7551e-07
-9.73444e-07
-9.71383e-07
-9.69326e-07
-9.67273e-07
-9.65224e-07
-9.6318e-07
-9.61141e-07
-9.59105e-07
-9.57074e-07
-9.55047e-07
-9.53025e-07
-9.51007e-07
-9.48993e-07
-9.46983e-07
-9.44978e-07
-9.42976e-07
-9.4098e-07
-9.38987e-07
-9.36999e-07
-9.35014e-07
-9.33034e-07
-9.31059e-07
-9.29087e-07
-9.2712e-07
-9.25157e-07
-9.23198e-07
-9.21243e-07
-9.19292e-07
-9.17345e-07
-9.15403e-07
-9.13465e-07
-9.1153e-07
-9.096e-07
-9.07674e-07
-9.05752e-07
-9.03835e-07
-9.01921e-07
-9.00176e-07
-8.98158e-07
-8.96172e-07
-8.9426e-07
-8.92397e-07
-8.9053e-07
-8.88639e-07
-8.86729e-07
-8.84818e-07
-8.82923e-07
-8.81052e-07
-8.79211e-07
-8.77393e-07
-8.75593e-07
-8.73801e-07
-8.7201e-07
-8.70215e-07
-8.68411e-07
-8.66598e-07
-8.64775e-07
-8.62944e-07
-8.61106e-07
-8.59265e-07
-8.57422e-07
-8.55579e-07
-8.53739e-07
-8.51902e-07
-8.5007e-07
-8.48244e-07
-8.46424e-07
-8.4461e-07
-8.42802e-07
-8.41001e-07
-8.39207e-07
-8.37418e-07
-8.35636e-07
-8.33858e-07
-8.32087e-07
-8.3032e-07
-8.28558e-07
-8.26801e-07
-8.25048e-07
-8.233e-07
-8.21556e-07
-8.19816e-07
-8.1808e-07
-8.16356e-07
-8.14629e-07
-8.12903e-07
-8.1118e-07
-8.09462e-07
-8.07748e-07
-8.06039e-07
-8.04334e-07
-8.02633e-07
-8.00935e-07
-7.99241e-07
-7.97551e-07
-7.95864e-07
-7.9418e-07
-7.925e-07
-7.90823e-07
-7.89149e-07
-7.8748e-07
-7.85814e-07
-7.84151e-07
-7.82493e-07
-7.80837e-07
-7.79186e-07
-7.77538e-07
-7.75893e-07
-7.74252e-07
-7.72614e-07
-7.7098e-07
-7.69349e-07
-7.67722e-07
-7.66098e-07
-7.64477e-07
-7.6286e-07
-7.61246e-07
-7.59636e-07
-7.58029e-07
-7.56426e-07
-7.54825e-07
-7.53228e-07
-7.51635e-07
-7.50045e-07
-7.48458e-07
-7.46875e-07
-7.45294e-07
-7.43718e-07
-7.42144e-07
-7.40574e-07
-7.39007e-07
-7.37444e-07
-7.35883e-07
-7.34326e-07
-7.32773e-07
-7.31222e-07
-7.29675e-07
-7.28131e-07
-7.26591e-07
-7.25053e-07
-7.23519e-07
-7.21988e-07
-7.20461e-07
-7.18936e-07
-7.17415e-07
-7.15897e-07
-7.14382e-07
-7.12871e-07
-7.11362e-07
-7.09857e-07
-7.08356e-07
-7.06857e-07
-7.05361e-07
-7.03869e-07
-7.0238e-07
-7.00893e-07
-6.9941e-07
-6.97931e-07
-6.96454e-07
-6.9498e-07
-6.9351e-07
-6.92042e-07
-6.90578e-07
-6.89117e-07
-6.87659e-07
-6.86204e-07
-6.84752e-07
-6.83303e-07
-6.81857e-07
-6.80415e-07
-6.78975e-07
-6.77538e-07
-6.76105e-07
-6.74674e-07
-6.73247e-07
-6.71822e-07
-6.70401e-07
-6.68983e-07
-6.67567e-07
-6.66155e-07
-6.64745e-07
-6.63339e-07
-6.61935e-07
-6.60535e-07
-6.59137e-07
-6.57743e-07
-6.56351e-07
-6.54963e-07
-6.53577e-07
-6.52194e-07
-6.50814e-07
-6.49437e-07
-6.48063e-07
-6.46692e-07
-6.45324e-07
-6.43959e-07
-6.42596e-07
-6.41237e-07
-6.3988e-07
-6.38526e-07
-6.37175e-07
-6.35827e-07
-6.34482e-07
-6.3314e-07
-6.318e-07
-6.30464e-07
-6.2913e-07
-6.27799e-07
-6.26471e-07
-6.25145e-07
-6.23823e-07
-6.22503e-07
-6.21186e-07
-6.19872e-07
-6.18561e-07
-6.17252e-07
-6.15946e-07
-6.14643e-07
-6.13343e-07
-6.12045e-07
-6.1075e-07
-6.09458e-07
-6.08169e-07
-6.06882e-07
-6.05599e-07
-6.04317e-07
-6.03039e-07
-6.01763e-07
-6.0049e-07
-5.9922e-07
-5.97952e-07
-5.96687e-07
-5.95425e-07
-5.94165e-07
-5.92909e-07
-5.91655e-07
-5.90404e-07
-5.89155e-07
-5.87907e-07
-5.86661e-07
-5.85417e-07
-5.84177e-07
-5.8294e-07
-5.81707e-07
-5.80477e-07
-5.79251e-07
-5.78028e-07
-5.76807e-07
-5.75589e-07
-5.74373e-07
-5.73159e-07
-5.71948e-07
-5.70738e-07
-5.69531e-07
-5.68327e-07
-5.67124e-07
-5.65924e-07
-5.64727e-07
-5.63532e-07
-5.62339e-07
-5.6115e-07
-5.59962e-07
-5.58777e-07
-5.57595e-07
-5.56415e-07
-5.55238e-07
-5.54064e-07
-5.52891e-07
-5.51722e-07
-5.50555e-07
-5.4939e-07
-5.48228e-07
-5.47068e-07
-5.45911e-07
-5.44756e-07
-5.43604e-07
-5.42454e-07
-5.41307e-07
-5.40162e-07
-5.39019e-07
-5.37879e-07
-5.36742e-07
-5.35606e-07
-5.34474e-07
-5.33343e-07
-5.32215e-07
-5.31089e-07
-5.29966e-07
-5.28845e-07
-5.27727e-07
-5.2661e-07
-5.25497e-07
-5.24385e-07
-5.23276e-07
-5.22169e-07
-5.21065e-07
-5.19963e-07
-5.18863e-07
-5.17766e-07
-5.16671e-07
-5.15578e-07
-5.14488e-07
-5.13399e-07
-5.12314e-07
-5.1123e-07
-5.10149e-07
-5.0907e-07
-5.07993e-07
-5.06919e-07
-5.05847e-07
-5.04777e-07
-5.03709e-07
-5.02644e-07
-5.01581e-07
-5.0052e-07
-4.99462e-07
-4.98405e-07
-4.97351e-07
-4.96299e-07
-4.9525e-07
-4.94202e-07
-4.93157e-07
-4.92114e-07
-4.91074e-07
-4.90035e-07
-4.88999e-07
-4.87965e-07
-4.86933e-07
-4.85903e-07
-4.84875e-07
-4.8385e-07
-4.82827e-07
-4.81805e-07
-4.80787e-07
-4.7977e-07
-4.78755e-07
-4.77743e-07
-4.76732e-07
-4.75724e-07
-4.74718e-07
-4.73714e-07
-4.72812e-07
-4.71331e-07
-4.703e-07
-4.69455e-07
-4.68667e-07
-4.67858e-07
-4.66984e-07
-4.66029e-07
-4.6501e-07
-4.63954e-07
-4.62894e-07
-4.61852e-07
-4.60838e-07
-4.59856e-07
-4.58899e-07
-4.57961e-07
-4.57033e-07
-4.5611e-07
-4.55186e-07
-4.54259e-07
-4.53326e-07
-4.52387e-07
-4.51444e-07
-4.50495e-07
-4.49544e-07
-4.4859e-07
-4.47635e-07
-4.46679e-07
-4.45723e-07
-4.44769e-07
-4.43816e-07
-4.42865e-07
-4.41916e-07
-4.40969e-07
-4.40025e-07
-4.39084e-07
-4.38145e-07
-4.37209e-07
-4.36276e-07
-4.35345e-07
-4.34417e-07
-4.33492e-07
-4.3257e-07
-4.3165e-07
-4.30732e-07
-4.29817e-07
-4.28904e-07
-4.27994e-07
-4.27086e-07
-4.2618e-07
-4.25277e-07
-4.24375e-07
-4.23476e-07
-4.22578e-07
-4.21683e-07
-4.2079e-07
-4.19899e-07
-4.1901e-07
-4.18122e-07
-4.17237e-07
-4.16354e-07
-4.15472e-07
-4.14593e-07
-4.13715e-07
-4.12839e-07
-4.11965e-07
-4.11093e-07
-4.10223e-07
-4.09355e-07
-4.08489e-07
-4.07624e-07
-4.06761e-07
-4.05901e-07
-4.05042e-07
-4.04185e-07
-4.03329e-07
-4.02476e-07
-4.01624e-07
-4.00775e-07
-3.99927e-07
-3.99081e-07
-3.98236e-07
-3.97394e-07
-3.96553e-07
-3.95714e-07
-3.94877e-07
-3.94042e-07
-3.93208e-07
-3.92376e-07
-3.91546e-07
-3.90718e-07
-3.89892e-07
-3.89067e-07
-3.88244e-07
-3.87423e-07
-3.86603e-07
-3.85786e-07
-3.84969e-07
-3.84155e-07
-3.83343e-07
-3.82532e-07
-3.81723e-07
-3.80916e-07
-3.8011e-07
-3.79306e-07
-3.78504e-07
-3.77704e-07
-3.76905e-07
-3.76108e-07
-3.75313e-07
-3.74519e-07
-3.73727e-07
-3.72937e-07
-3.72148e-07
-3.71361e-07
-3.70576e-07
-3.69792e-07
-3.6901e-07
-3.6823e-07
-3.67451e-07
-3.66674e-07
-3.65899e-07
-3.65125e-07
-3.64353e-07
-3.63583e-07
-3.62814e-07
-3.62047e-07
-3.61282e-07
-3.60518e-07
-3.59755e-07
-3.58995e-07
-3.58236e-07
-3.57478e-07
-3.56723e-07
-3.55968e-07
-3.55216e-07
-3.54465e-07
-3.53715e-07
-3.52967e-07
-3.52221e-07
-3.51476e-07
-3.50733e-07
-3.49992e-07
-3.49252e-07
-3.48513e-07
-3.47777e-07
-3.47041e-07
-3.46308e-07
-3.45576e-07
-3.44845e-07
-3.44116e-07
-3.43388e-07
-3.42662e-07
-3.41938e-07
-3.41215e-07
-3.40494e-07
-3.39774e-07
-3.39056e-07
-3.38339e-07
-3.37624e-07
-3.3691e-07
-3.36197e-07
-3.35487e-07
-3.34777e-07
-3.3407e-07
-3.33364e-07
-3.32659e-07
-3.31956e-07
-3.31254e-07
-3.30554e-07
-3.29855e-07
-3.29157e-07
-3.28462e-07
-3.27767e-07
-3.27074e-07
-3.26383e-07
-3.25693e-07
-3.25004e-07
-3.24317e-07
-3.23632e-07
-3.22948e-07
-3.22265e-07
-3.21584e-07
-3.20904e-07
-3.20226e-07
-3.19549e-07
-3.18873e-07
-3.18199e-07
-3.17526e-07
-3.16855e-07
-3.16185e-07
-3.15517e-07
-3.1485e-07
-3.14184e-07
-3.1352e-07
-3.12858e-07
-3.12196e-07
-3.11536e-07
-3.10878e-07
-3.10221e-07
-3.09565e-07
-3.08911e-07
-3.08258e-07
-3.07606e-07
-3.06956e-07
-3.06307e-07
-3.05659e-07
-3.05013e-07
-3.04369e-07
-3.03725e-07
-3.03083e-07
-3.02443e-07
-3.01803e-07
-3.01165e-07
-3.00529e-07
-2.99893e-07
-2.9926e-07
-2.98627e-07
-2.97996e-07
-2.97366e-07
-2.96737e-07
-2.9611e-07
-2.95484e-07
-2.9486e-07
-2.94236e-07
-2.93615e-07
-2.92994e-07
-2.92375e-07
-2.91757e-07
-2.9114e-07
-2.90525e-07
-2.8991e-07
-2.89298e-07
-2.88686e-07
-2.88076e-07
-2.87467e-07
-2.8686e-07
-2.86253e-07
-2.85648e-07
-2.85044e-07
-2.84442e-07
-2.83841e-07
-2.83241e-07
-2.82642e-07
-2.82045e-07
-2.81449e-07
-2.80854e-07
-2.8026e-07
-2.79668e-07
-2.79077e-07
-2.78487e-07
-2.77898e-07
-2.77311e-07
-2.76725e-07
-2.7614e-07
-2.75556e-07
-2.74974e-07
-2.74393e-07
-2.73813e-07
-2.73234e-07
-2.72656e-07
-2.7208e-07
-2.71505e-07
-2.70931e-07
-2.70359e-07
-2.69787e-07
-2.69217e-07
-2.68648e-07
-2.6808e-07
-2.67514e-07
-2.66948e-07
-2.66384e-07
-2.65821e-07
-2.65259e-07
-2.64699e-07
-2.64132e-07
-2.63576e-07
-2.63021e-07
-2.62467e-07
-2.61913e-07
-2.6136e-07
-2.60808e-07
-2.60257e-07
-2.59707e-07
-2.59158e-07
-2.5861e-07
-2.58063e-07
-2.57517e-07
-2.56973e-07
-2.5643e-07
-2.55888e-07
-2.55347e-07
-2.54807e-07
-2.54268e-07
-2.53731e-07
-2.53195e-07
-2.5266e-07
-2.52126e-07
-2.51593e-07
-2.51061e-07
-2.50531e-07
-2.50001e-07
-2.49473e-07
-2.48946e-07
-2.4842e-07
-2.47895e-07
-2.47371e-07
-2.46848e-07
-2.46327e-07
-2.45806e-07
-2.45287e-07
-2.44768e-07
-2.44251e-07
-2.43735e-07
-2.4322e-07
-2.42706e-07
-2.42193e-07
-2.41681e-07
-2.4117e-07
-2.40661e-07
-2.40152e-07
-2.39645e-07
-2.39138e-07
-2.38633e-07
-2.38128e-07
-2.37625e-07
-2.37123e-07
-2.36622e-07
-2.36122e-07
-2.35623e-07
-2.35571e-07
-2.34455e-07
-2.34207e-07
-2.33904e-07
-2.33351e-07
-2.33099e-07
-2.32717e-07
-2.32045e-07
-2.31404e-07
-2.30985e-07
-2.30342e-07
-2.29411e-07
-2.28765e-07
-2.28327e-07
-2.27978e-07
-2.27675e-07
-2.27361e-07
-2.26992e-07
-2.26555e-07
-2.26058e-07
-2.25523e-07
-2.24972e-07
-2.24421e-07
-2.23882e-07
-2.23359e-07
-2.22855e-07
-2.22368e-07
-2.21896e-07
-2.21434e-07
-2.20981e-07
-2.20534e-07
-2.20091e-07
-2.1965e-07
-2.1921e-07
-2.1877e-07
-2.1833e-07
-2.17889e-07
-2.17447e-07
-2.17003e-07
-2.16558e-07
-2.16112e-07
-2.15665e-07
-2.15217e-07
-2.14768e-07
-2.14319e-07
-2.13869e-07
-2.1342e-07
-2.1297e-07
-2.12521e-07
-2.12072e-07
-2.11623e-07
-2.11175e-07
-2.10727e-07
-2.1028e-07
-2.09834e-07
-2.09389e-07
-2.08944e-07
-2.08501e-07
-2.08079e-07
-2.07734e-07
-2.0739e-07
-2.07047e-07
-2.06703e-07
-2.06361e-07
-2.06018e-07
-2.05676e-07
-2.05335e-07
-2.04994e-07
-2.04654e-07
-2.04315e-07
-2.03976e-07
-2.03637e-07
-2.033e-07
-2.02963e-07
-2.02626e-07
-2.02291e-07
-2.01956e-07
-2.01621e-07
-2.01287e-07
-2.00954e-07
-2.00622e-07
-2.0029e-07
-1.99959e-07
-1.99628e-07
-1.99298e-07
-1.98969e-07
-1.9864e-07
-1.98312e-07
-1.97985e-07
-1.97658e-07
-1.97332e-07
-1.97006e-07
-1.96681e-07
-1.96357e-07
-1.96033e-07
-1.9571e-07
-1.95387e-07
-1.95065e-07
-1.94744e-07
-1.94423e-07
-1.94103e-07
-1.93784e-07
-1.93465e-07
-1.93146e-07
-1.92828e-07
-1.92511e-07
-1.92194e-07
-1.91878e-07
-1.91563e-07
-1.91248e-07
-1.90933e-07
-1.90619e-07
-1.90306e-07
-1.89993e-07
-1.89681e-07
-1.8937e-07
-1.89058e-07
-1.88748e-07
-1.88438e-07
-1.88128e-07
-1.8782e-07
-1.87511e-07
-1.87203e-07
-1.86896e-07
-1.86589e-07
-1.86283e-07
-1.85977e-07
-1.85672e-07
-1.85367e-07
-1.85063e-07
-1.8476e-07
-1.84456e-07
-1.84154e-07
-1.83852e-07
-1.8355e-07
-1.83249e-07
-1.82949e-07
-1.82648e-07
-1.82349e-07
-1.8205e-07
-1.81751e-07
-1.81453e-07
-1.81156e-07
-1.80859e-07
-1.80562e-07
-1.80266e-07
-1.79971e-07
-1.79676e-07
-1.79381e-07
-1.79087e-07
-1.78794e-07
-1.78501e-07
-1.78208e-07
-1.77916e-07
-1.77624e-07
-1.77333e-07
-1.77042e-07
-1.76752e-07
-1.76463e-07
-1.76173e-07
-1.75885e-07
-1.75596e-07
-1.75309e-07
-1.75021e-07
-1.74734e-07
-1.74448e-07
-1.74162e-07
-1.73877e-07
-1.73592e-07
-1.73307e-07
-1.73023e-07
-1.7274e-07
-1.72456e-07
-1.72174e-07
-1.71891e-07
-1.7161e-07
-1.71328e-07
-1.71048e-07
-1.70767e-07
-1.70487e-07
-1.70208e-07
-1.69929e-07
-1.6965e-07
-1.69372e-07
-1.69094e-07
-1.68817e-07
-1.6854e-07
-1.68264e-07
-1.67988e-07
-1.67712e-07
-1.67437e-07
-1.67163e-07
-1.66889e-07
-1.66615e-07
-1.66342e-07
-1.66069e-07
-1.65796e-07
-1.65524e-07
-1.65253e-07
-1.64982e-07
-1.64711e-07
-1.64441e-07
-1.64171e-07
-1.63901e-07
-1.63632e-07
-1.63364e-07
-1.63096e-07
-1.62828e-07
-1.62561e-07
-1.62294e-07
-1.62027e-07
-1.61761e-07
-1.61496e-07
-1.6123e-07
-1.60966e-07
-1.60701e-07
-1.60437e-07
-1.60174e-07
-1.5991e-07
-1.59648e-07
-1.59385e-07
-1.59123e-07
-1.58862e-07
-1.58601e-07
-1.5834e-07
-1.5808e-07
-1.5782e-07
-1.5756e-07
-1.57301e-07
-1.57042e-07
-1.56784e-07
-1.56526e-07
-1.56269e-07
-1.56012e-07
-1.55755e-07
-1.55498e-07
-1.55243e-07
-1.54987e-07
-1.54732e-07
-1.54477e-07
-1.54223e-07
-1.53969e-07
-1.53715e-07
-1.53462e-07
-1.53209e-07
-1.52957e-07
-1.52704e-07
-1.52453e-07
-1.52202e-07
-1.51951e-07
-1.517e-07
-1.5145e-07
-1.512e-07
-1.50951e-07
-1.50702e-07
-1.50453e-07
-1.50205e-07
-1.49957e-07
-1.49709e-07
-1.49462e-07
-1.49215e-07
