1.81999
1.28928
0.986084
-0.811483
-0.778283
-0.746442
-0.717184
-0.690822
-0.667223
-0.646086
-0.627077
-0.609887
-0.594244
-0.579923
-0.566734
-0.554523
-0.543159
-0.532534
-0.523198
-0.515647
-0.508298
-0.501112
-0.494096
-0.487255
-0.480588
-0.474094
-0.467769
-0.461608
-0.455606
-0.449758
-0.444056
-0.438499
-0.433076
-0.427786
-0.422619
-0.417575
-0.412643
-0.407823
-0.403107
-0.398492
-0.393974
-0.389547
-0.385209
-0.380956
-0.376784
-0.37269
-0.368672
-0.364725
-0.360849
-0.357039
-0.353296
-0.34961
-0.345995
-0.342428
-0.338926
-0.335477
-0.332084
-0.328743
-0.325456
-0.322219
-0.319033
-0.315896
-0.312831
-0.309743
-0.306791
-0.303863
-0.300889
-0.298083
-0.295298
-0.292467
-0.28979
-0.287136
-0.284444
-0.281896
-0.279373
-0.276813
-0.274389
-0.271992
-0.269563
-0.267268
-0.26499
-0.26268
-0.260518
-0.258351
-0.256156
-0.254113
-0.252065
-0.249993
-0.248059
-0.246121
-0.244161
-0.242336
-0.240508
-0.23866
-0.236935
-0.235207
-0.233462
-0.231836
-0.230208
-0.228563
-0.227029
-0.225493
-0.223941
-0.222495
-0.221048
-0.219585
-0.218221
-0.216856
-0.215475
-0.21419
-0.212903
-0.211601
-0.210389
-0.209174
-0.207945
-0.206801
-0.205655
-0.204495
-0.203415
-0.202332
-0.201236
-0.200217
-0.199194
-0.198157
-0.197194
-0.196227
-0.195247
-0.194336
-0.193421
-0.192493
-0.191631
-0.190765
-0.189886
-0.18907
-0.18825
-0.187416
-0.186643
-0.185866
-0.185076
-0.184343
-0.183606
-0.182857
-0.18216
-0.181461
-0.180755
-0.180089
-0.179425
-0.178758
-0.178126
-0.177493
-0.176861
-0.176261
-0.175659
-0.175058
-0.174487
-0.173914
-0.173343
-0.1728
-0.172255
-0.171711
-0.171194
-0.170675
-0.170157
-0.169665
-0.169171
-0.168677
-0.168209
-0.167738
-0.16727
-0.166821
-0.166372
-0.165928
-0.165499
-0.165071
-0.164649
-0.164239
-0.163831
-0.163429
-0.163036
-0.162649
-0.162266
-0.16189
-0.161521
-0.161156
-0.160797
-0.160444
-0.160095
-0.159752
-0.159414
-0.159081
-0.158752
-0.158428
-0.158109
-0.157793
-0.157482
-0.157174
-0.156871
-0.156571
-0.156275
-0.155982
-0.155693
-0.155407
-0.155124
-0.154844
-0.154568
-0.154294
-0.154022
-0.153754
-0.153488
-0.153224
-0.152963
-0.152704
-0.152448
-0.152193
-0.151941
-0.15169
-0.151442
-0.151195
-0.15095
-0.150707
-0.150465
-0.150224
-0.149985
-0.149748
-0.149512
-0.149277
-0.149043
-0.14881
-0.148578
-0.148348
-0.148118
-0.147889
-0.147661
-0.147434
-0.147207
-0.146981
-0.146755
-0.14653
-0.146306
-0.146082
-0.145858
-0.145635
-0.145412
-0.145189
-0.144967
-0.144745
-0.144522
-0.1443
-0.144078
-0.143855
-0.143633
-0.143411
-0.143188
-0.142965
-0.142743
-0.142518
-0.142295
-0.142071
-0.141845
-0.141621
-0.141397
-0.141168
-0.140944
-0.140717
-0.140486
-0.140261
-0.140032
-0.139799
-0.139571
-0.139341
-0.139106
-0.138875
-0.138642
-0.138406
-0.138172
-0.137939
-0.137701
-0.137465
-0.137229
-0.136989
-0.136751
-0.136512
-0.13627
-0.136029
-0.135789
-0.135544
-0.135301
-0.135058
-0.134812
-0.134567
-0.134322
-0.134074
-0.133827
-0.133579
-0.133329
-0.13308
-0.132831
-0.13258
-0.132329
-0.132079
-0.131825
-0.131573
-0.131322
-0.131066
-0.130813
-0.130561
-0.130371
-0.13005
-0.129795
-0.129542
-0.129415
-0.129028
-0.128773
-0.128519
-0.12838
-0.128004
-0.127749
-0.127493
-0.127237
-0.126979
-0.126724
-0.126468
-0.126213
-0.125954
-0.1257
-0.125445
-0.12519
-0.12502
-0.124676
-0.124423
-0.12417
-0.123916
-0.12368
-0.123406
-0.123154
-0.122903
-0.122652
-0.122401
-0.122145
-0.121897
-0.121648
-0.121399
-0.121151
-0.120898
-0.120653
-0.120407
-0.120162
-0.119917
-0.119735
-0.119423
-0.119182
-0.11894
-0.118699
-0.118459
-0.118298
-0.118022
-0.117734
-0.117499
-0.117265
-0.117029
-0.116794
-0.11656
-0.116404
-0.116136
-0.115857
-0.11563
-0.115404
-0.115175
-0.114948
-0.114721
-0.11455
-0.114287
-0.114042
-0.113823
-0.113605
-0.113384
-0.113165
-0.112948
-0.112779
-0.112587
-0.112302
-0.112077
-0.111868
-0.11166
-0.11145
-0.111241
-0.111033
-0.110836
-0.110677
-0.110421
-0.110214
-0.109998
-0.1098
-0.109604
-0.109405
-0.109209
-0.109009
-0.108813
-0.108622
-0.108437
-0.108241
-0.108047
-0.107838
-0.107653
-0.107469
-0.107283
-0.107113
-0.106911
-0.106727
-0.106543
-0.106365
-0.106189
-0.106006
-0.105821
-0.105642
-0.105457
-0.105287
-0.105187
-0.104945
-0.104785
-0.104601
-0.10443
-0.104261
-0.104092
-0.103924
-0.103759
-0.103592
-0.103428
-0.103264
-0.103102
-0.102932
-0.102778
-0.10264
-0.102466
-0.102309
-0.102152
-0.101997
-0.101842
-0.101688
-0.101536
-0.101383
-0.101232
-0.101082
-0.100933
-0.100785
-0.100639
-0.100493
-0.100348
-0.100203
-0.10005
-0.0999135
-0.0997756
-0.0996366
-0.0994975
-0.0993585
-0.0992197
-0.0990819
-0.0989452
-0.0988095
-0.0986745
-0.0985401
-0.0984065
-0.0982736
-0.0981417
-0.0980106
-0.0978805
-0.0977512
-0.0976227
-0.097495
-0.0973681
-0.0972419
-0.0971164
-0.0969917
-0.0968678
-0.0967445
-0.096622
-0.0965001
-0.0963673
-0.0962535
-0.0961381
-0.0960208
-0.0959034
-0.0957861
-0.0956691
-0.0955524
-0.0954363
-0.095321
-0.0952067
-0.0950931
-0.0949802
-0.0948679
-0.0947561
-0.0946449
-0.0945341
-0.094424
-0.0943147
-0.0942059
-0.0940979
-0.0939906
-0.0938838
-0.0937777
-0.0936721
-0.0935672
-0.0934628
-0.093359
-0.0932558
-0.0931531
-0.093051
-0.0929494
-0.0928484
-0.0927479
-0.0926479
-0.0925486
-0.0924497
-0.0923513
-0.0922535
-0.0921562
-0.0920594
-0.0919631
-0.0918673
-0.091772
-0.0916773
-0.091583
-0.0914962
-0.0913888
-0.0913006
-0.0912108
-0.0911204
-0.0910293
-0.0909385
-0.0908482
-0.090758
-0.0906682
-0.0905787
-0.0904895
-0.090401
-0.090313
-0.0902256
-0.0901388
-0.0900525
-0.0899667
-0.0898813
-0.0897962
-0.0897114
-0.089627
-0.0895429
-0.0894592
-0.0893759
-0.089293
-0.0892106
-0.0891285
-0.0890469
-0.0889656
-0.088885
-0.0888045
-0.0887245
-0.0886449
-0.0885657
-0.0884869
-0.0884083
-0.0883302
-0.0882524
-0.088175
-0.088098
-0.0880213
-0.087945
-0.087869
-0.0877933
-0.087718
-0.087643
-0.0875685
-0.0874942
-0.0874202
-0.0873466
-0.0872733
-0.0872004
-0.0871277
-0.0870554
-0.0869834
-0.0869118
-0.0868404
-0.0867693
-0.0866986
-0.0866281
-0.0865581
-0.0864882
-0.0864187
-0.0863495
-0.0862805
-0.0862119
-0.0861435
-0.0860756
-0.0860078
-0.0859403
-0.0858732
-0.0858062
-0.0857397
-0.0856733
-0.0856072
-0.0856014
-0.0854661
-0.0854052
-0.0853433
-0.0852804
-0.0852172
-0.0851538
-0.0850904
-0.0850272
-0.084964
-0.0849005
-0.0848374
-0.0847746
-0.084712
-0.0846497
-0.0845876
-0.0845259
-0.0844645
-0.0844033
-0.0843423
-0.0842815
-0.0842209
-0.0841607
-0.0841007
-0.0840411
-0.0839816
-0.0839226
-0.0838637
-0.0838051
-0.0837467
-0.0836885
-0.0836305
-0.0835727
-0.0835152
-0.0834578
-0.0834005
-0.0833436
-0.0832868
-0.0832302
-0.0831739
-0.0831177
-0.0830618
-0.0830061
-0.0829505
-0.0828953
-0.0828402
-0.0827853
-0.0827307
-0.0826761
-0.082622
-0.082568
-0.0825141
-0.0824605
-0.082407
-0.0823539
-0.0823009
-0.0822481
-0.0821954
-0.0821429
-0.0820907
-0.0820387
-0.0819868
-0.0819351
-0.0818837
-0.0818324
-0.0817813
-0.0817304
-0.0816796
-0.081629
-0.0815786
-0.0815285
-0.0814784
-0.0814286
-0.0813789
-0.0813295
-0.0812801
-0.081231
-0.0811821
-0.0811333
-0.0810846
-0.0810362
-0.0809879
-0.0809398
-0.0808919
-0.0808441
-0.0807965
-0.0807491
-0.0807018
-0.0806548
-0.0806078
-0.0805609
-0.0805144
-0.0804679
-0.0804215
-0.0803755
-0.0803294
-0.0802837
-0.080238
-0.0801924
-0.0801471
-0.080102
-0.0800569
-0.0800119
-0.0799672
-0.0799226
-0.0798782
-0.0798339
-0.0797898
-0.0797458
-0.0797019
-0.0796582
-0.0796146
-0.0795712
-0.079528
-0.0794849
-0.0794419
-0.079399
-0.0793563
-0.0793138
-0.0792712
-0.0793138
-0.0791847
-0.079138
-0.0790981
-0.0790586
-0.0790184
-0.0789779
-0.0789372
-0.0788966
-0.0788558
-0.0788151
-0.0787745
-0.0787339
-0.0786934
-0.0786531
-0.0786128
-0.0785727
-0.0785327
-0.0784928
-0.0784531
-0.0784135
-0.078374
-0.0783346
-0.0782953
-0.0782561
-0.0782171
-0.0781781
-0.0781393
-0.0781006
-0.0780621
-0.0780237
-0.0779854
-0.0779473
-0.0779093
-0.0778714
-0.0778337
-0.0777961
-0.0777586
-0.0777211
-0.0776839
-0.0776467
-0.0776097
-0.0775728
-0.077536
-0.0774993
-0.0774628
-0.0774264
-0.07739
-0.0773539
-0.0773178
-0.0772818
-0.077246
-0.0772102
-0.0771746
-0.077139
-0.0771035
-0.077068
-0.0770329
-0.0769976
-0.0769626
-0.0769277
-0.0768928
-0.0768581
-0.0768236
-0.076789
-0.0767547
-0.0767204
-0.0766863
-0.0766522
-0.0766183
-0.0765844
-0.0765508
-0.076517
-0.0764836
-0.0764502
-0.0764168
-0.0763836
-0.0763505
-0.0763174
-0.0762845
-0.0762517
-0.0762189
-0.0761863
-0.0761538
-0.0761214
-0.076089
-0.0760567
-0.0760246
-0.0759926
-0.0759606
-0.0759288
-0.075897
-0.0758653
-0.0758338
-0.0758023
-0.0757709
-0.0757396
-0.0757084
-0.0756773
-0.0756463
-0.0756154
-0.0755845
-0.0755538
-0.0755232
-0.0754926
-0.0754621
-0.0754317
-0.0754015
-0.0753713
-0.0753412
-0.0753111
-0.0752812
-0.0752514
-0.0752216
-0.0751919
-0.0751623
-0.0751329
-0.0751034
-0.0750741
-0.0750449
-0.0750157
-0.0749867
-0.0749577
-0.0749289
-0.0749
-0.0748713
-0.0748428
-0.0748141
-0.0747856
-0.0747574
-0.074729
-0.0747008
-0.0746726
-0.0746446
-0.0746166
-0.0745887
-0.0745608
-0.0745332
-0.0745054
-0.0744779
-0.0744503
-0.074423
-0.0743956
-0.0743683
-0.0743412
-0.0743141
-0.074287
-0.0742601
-0.0742332
-0.0742063
-0.0741796
-0.074153
-0.0741265
-0.0741
-0.0740734
-0.0740472
-0.0740209
-0.0739947
-0.0739686
-0.0739426
-0.0739165
-0.0738906
-0.0738648
-0.0738391
-0.0738134
-0.0737878
-0.0737622
-0.0737368
-0.0737114
-0.0736861
-0.0736608
-0.0736356
-0.0736105
-0.0735855
-0.0735605
-0.0735356
-0.0735108
-0.073486
-0.0734613
-0.0734367
-0.0734121
-0.0733877
-0.0733632
-0.0733389
-0.0733146
-0.0732904
-0.0732663
-0.0732422
-0.0732182
-0.0731942
-0.0731704
-0.0731466
-0.0731228
-0.0730991
-0.0730755
-0.073052
-0.0730285
-0.0730051
-0.0729817
-0.0729584
-0.0729352
-0.0729121
-0.072889
-0.0728659
-0.072843
-0.0728201
-0.0727972
-0.0727745
-0.0727517
-0.0727291
-0.0727065
-0.072684
-0.0726615
-0.0726391
-0.0726168
-0.0725945
-0.0725723
-0.0725501
-0.072528
-0.072506
-0.072484
-0.0724621
-0.0724402
-0.0724184
-0.0723967
-0.072375
-0.0723534
-0.0723318
-0.0723103
-0.0722889
-0.0722675
-0.0722462
-0.0722249
-0.0722037
-0.0721825
-0.0721614
-0.0721404
-0.0721194
-0.0720985
-0.0720776
-0.0720568
-0.0720361
-0.0720154
-0.0719947
-0.0719741
-0.0719536
-0.0719331
-0.0719127
-0.0718923
-0.071872
-0.0718517
-0.0718315
-0.0718114
-0.0717913
-0.0717712
-0.0717513
-0.0717313
-0.0717114
-0.0716916
-0.0716718
-0.0716521
-0.0716324
-0.0716128
-0.0715933
-0.0715738
-0.0715543
-0.071535
-0.0715157
-0.0714964
-0.0714772
-0.071458
-0.0714389
-0.0714198
-0.0714008
-0.0713818
-0.0713628
-0.0713439
-0.0713251
-0.0713063
-0.0712875
-0.0712688
-0.0712501
-0.0712315
-0.071213
-0.0711945
-0.071176
-0.0711576
-0.0711392
-0.0711209
-0.0711026
-0.0710844
-0.0710662
-0.0710481
-0.0710301
-0.071012
-0.070994
-0.0709761
-0.0709582
-0.0709404
-0.0709226
-0.0709049
-0.0708872
-0.0708695
-0.0708519
-0.0708344
-0.0708168
-0.0707994
-0.070782
-0.0707646
-0.0707473
-0.07073
-0.0707127
-0.0706955
-0.0706784
-0.0706613
-0.0706442
-0.0706272
-0.0706102
-0.0705933
-0.0705764
-0.0705596
-0.0705428
-0.070526
-0.0705093
-0.0704927
-0.070476
-0.0704595
-0.0704429
-0.0704264
-0.07041
-0.0703936
-0.0703772
-0.0703609
-0.0703446
-0.0703284
-0.0703122
-0.070296
-0.0702799
-0.0702638
-0.0702478
-0.0702318
-0.0702159
-0.0702
-0.0701841
-0.0701683
-0.0701525
-0.0701367
-0.070121
-0.0701054
-0.0700898
-0.0700742
-0.0700586
-0.0700431
-0.0700277
-0.0700122
-0.0699969
-0.0699815
-0.0699662
-0.0699509
-0.0699357
-0.0699205
-0.0699054
-0.0698903
-0.0698752
-0.0698602
-0.0698452
-0.0698302
-0.0698153
-0.0698004
-0.0697856
-0.0697708
-0.069756
-0.0697413
-0.0697266
-0.0697119
-0.0696973
-0.0696827
-0.0696682
-0.0696537
-0.0696392
-0.0696247
-0.0696104
-0.069596
-0.0695817
-0.0695674
-0.0695531
-0.0695389
-0.0695247
-0.0695106
-0.0694965
-0.0694824
-0.0694684
-0.0694545
-0.0694404
-0.0694266
-0.0694126
-0.0693989
-0.0693851
-0.0693713
-0.0693576
-0.0693439
-0.0693302
-0.0693165
-0.0693029
-0.0692894
-0.0692758
-0.0692623
-0.0692488
-0.0692353
-0.0692219
-0.0692085
-0.0691952
-0.0691819
-0.0691686
-0.0691553
-0.0691421
-0.0691289
-0.0691157
-0.0691026
-0.0690895
-0.0690765
-0.0690635
-0.0690505
-0.0690375
-0.0690246
-0.0690117
-0.0689988
-0.068986
-0.0689732
-0.0689604
-0.0689477
-0.068935
-0.0689223
-0.0689097
-0.0688971
-0.0688845
-0.068872
-0.0688595
-0.068847
-0.0688345
-0.0688221
-0.0688097
-0.0687974
-0.068785
-0.0687727
-0.0687605
-0.0687482
-0.068736
-0.0687238
-0.0687117
-0.0686996
-0.0686875
-0.0686754
-0.0686634
-0.0686514
-0.0686394
-0.0686275
-0.0686156
-0.0686037
-0.0685919
-0.0685801
-0.0685683
-0.0685565
-0.0685448
-0.0685331
-0.0685214
-0.0685097
-0.0684981
-0.0684865
-0.068475
-0.0684634
-0.0684519
-0.0684405
-0.068429
-0.0684176
-0.0684062
-0.0683948
-0.0683835
-0.0683722
-0.0683609
-0.0683497
-0.0683384
-0.0683272
-0.0683161
-0.0683049
-0.0682938
-0.0682827
-0.0682717
-0.0682606
-0.0682496
-0.0682386
-0.0682277
-0.0682168
-0.0682059
-0.068195
-0.0681841
-0.0681733
-0.0681625
-0.0681517
-0.068141
-0.0681303
-0.0681196
-0.0681089
-0.0680983
-0.0680877
-0.0680771
-0.0680665
-0.068056
-0.0680455
-0.068035
-0.0680245
-0.0680141
-0.0680037
-0.0679933
-0.067983
-0.0679726
-0.0679623
-0.067952
-0.0679418
-0.0679315
-0.0679213
-0.0679111
-0.067901
-0.0678909
-0.0678807
-0.0678707
-0.0678606
-0.0678506
-0.0678405
-0.0678306
-0.0678206
-0.0678107
-0.0678007
-0.0677908
-0.067781
-0.0677711
-0.0677613
-0.0677515
-0.0677417
-0.067732
-0.0677223
-0.0677125
-0.0677029
-0.0676932
-0.0676836
-0.067674
-0.0676644
-0.0676548
-0.0676453
-0.0676357
-0.0676263
-0.0676168
-0.0676073
-0.0675979
-0.0675885
-0.0675791
-0.0675697
-0.0675604
-0.0675511
-0.0675418
-0.0675325
-0.0675233
-0.067514
-0.0675048
-0.0674957
-0.0674865
-0.0674774
-0.0674682
-0.0674591
-0.0674501
-0.067441
-0.067432
-0.067423
-0.067414
-0.067405
-0.0673961
-0.0673871
-0.0673782
-0.0673694
-0.0673605
-0.0673517
-0.0673428
-0.067334
-0.0673253
-0.0673165
-0.0673078
-0.0672991
-0.0672904
-0.0672817
-0.067273
-0.0672644
-0.0672558
-0.0672472
-0.0672386
-0.0672301
-0.0672216
-0.067213
-0.0672046
-0.0671961
-0.0671876
-0.0671792
-0.0671708
-0.0671624
-0.067154
-0.0671457
-0.0671374
-0.067129
-0.0671208
-0.0671125
-0.0671042
-0.067096
-0.0670878
-0.0670796
-0.0670714
-0.0670633
-0.0670551
-0.067047
-0.0670389
-0.0670308
-0.0670228
-0.0670147
-0.0670067
-0.0669987
-0.0669907
-0.0669828
-0.0669748
-0.0669669
-0.066959
-0.0669511
-0.0669432
-0.0669354
-0.0669275
-0.0669197
-0.0669119
-0.0669042
-0.0668964
-0.0668887
-0.066881
-0.0668733
-0.0668656
-0.066858
-0.0668503
-0.0668427
-0.066835
-0.0668275
-0.0668199
-0.0668123
-0.0668048
-0.0667972
-0.0667898
-0.0667823
-0.0667748
-0.0667674
-0.0667599
-0.0667525
-0.0667451
-0.0667377
-0.0667304
-0.066723
-0.0667157
-0.0667084
-0.0667011
-0.0666938
-0.0666865
-0.0666792
-0.066672
-0.0666648
-0.0666576
-0.0666504
-0.0666432
-0.0666361
-0.0666289
-0.0666218
-0.0666147
-0.0666076
-0.0666005
-0.0665935
-0.0665864
-0.0665794
-0.0665724
-0.0665654
-0.0665585
-0.0665515
-0.0665446
-0.0665376
-0.0665307
-0.0665238
-0.066517
-0.0665101
-0.0665033
-0.0664964
-0.0664896
-0.0664828
-0.066476
-0.0664693
-0.0664625
-0.0664558
-0.0664491
-0.0664424
-0.0664357
-0.066429
-0.0664224
-0.0664157
-0.0664091
-0.0664025
-0.0663959
-0.0663893
-0.0663828
-0.0663762
-0.0663697
-0.0663632
-0.0663567
-0.0663502
-0.0663437
-0.0663372
-0.0663308
-0.0663244
-0.066318
-0.0663116
-0.0663052
-0.0662988
-0.0662925
-0.0662861
-0.0662798
-0.0662735
-0.0662672
-0.0662609
-0.0662546
-0.0662484
-0.0662421
-0.0662359
-0.0662297
-0.0662235
-0.0662173
-0.0662112
-0.066205
-0.0661989
-0.0661928
-0.0661866
-0.0661805
-0.0661745
-0.0661684
-0.0661623
-0.0661563
-0.0661503
-0.0661443
-0.0661383
-0.0661323
-0.0661263
-0.0661204
-0.0661144
-0.0661085
-0.0661026
-0.0660967
-0.0660908
-0.0660849
-0.066079
-0.0660732
-0.0660674
-0.0660615
-0.0660557
-0.0660499
-0.0660441
-0.0660384
-0.0660326
-0.0660269
-0.0660212
-0.0660154
-0.0660097
-0.066004
-0.0659984
-0.0659927
-0.0659871
-0.0659814
-0.0659758
-0.0659702
-0.0659646
-0.065959
-0.0659534
-0.0659479
-0.0659423
-0.0659368
-0.0659312
-0.0659257
-0.0659202
-0.0659148
-0.0659093
-0.0659038
-0.0658984
-0.0658929
-0.0658875
-0.0658821
-0.0658767
-0.0658713
-0.0658659
-0.0658606
-0.0658552
-0.0658499
-0.0658446
-0.0658393
-0.065834
-0.0658287
-0.0658234
-0.0658181
-0.0658129
-0.0658076
-0.0658024
-0.0657972
-0.065792
-0.0657868
-0.0657816
-0.0657764
-0.0657713
-0.0657661
-0.065761
-0.0657559
-0.0657508
-0.0657457
-0.0657406
-0.0657355
-0.0657304
-0.0657254
-0.0657203
-0.0657153
-0.0657103
-0.0657053
-0.0657003
-0.0656953
-0.0656903
-0.0656854
-0.0656804
-0.0656755
-0.0656705
-0.0656656
-0.0656607
-0.0656558
-0.0656509
-0.0656461
-0.0656412
-0.0656363
-0.0656315
-0.0656267
-0.0656219
-0.0656171
-0.0656123
-0.0656075
-0.0656027
-0.0655979
-0.0655932
-0.0655884
-0.0655837
-0.065579
-0.0655743
-0.0655696
-0.0655649
-0.0655602
-0.0655555
-0.0655509
-0.0655462
-0.0655416
-0.065537
-0.0655323
-0.0655277
-0.0655231
-0.0655186
-0.065514
-0.0655094
-0.0655049
-0.0655003
-0.0654958
-0.0654913
-0.0654868
-0.0654823
-0.0654778
-0.0654733
-0.0654688
-0.0654643
-0.0654599
-0.0654554
-0.065451
-0.0654466
-0.0654422
-0.0654378
-0.0654334
-0.065429
-0.0654246
-0.0654203
-0.0654159
-0.0654116
-0.0654072
-0.0654029
-0.0653986
-0.0653943
-0.06539
-0.0653857
-0.0653814
-0.0653772
-0.0653729
-0.0653687
-0.0653644
-0.0653602
-0.065356
-0.0653518
-0.0653476
-0.0653434
-0.0653392
-0.065335
-0.0653309
-0.0653267
-0.0653226
-0.0653184
-0.0653143
-0.0653102
-0.0653061
-0.065302
-0.0652979
-0.0652938
-0.0652898
-0.0652857
-0.0652816
-0.0652776
-0.0652736
-0.0652695
-0.0652655
-0.0652615
-0.0652575
-0.0652535
-0.0652496
-0.0652456
-0.0652416
-0.0652377
-0.0652337
-0.0652298
-0.0652259
-0.065222
-0.065218
-0.0652141
-0.0652103
-0.0652064
-0.0652025
-0.0651986
-0.0651948
-0.0651909
-0.0651871
-0.0651833
-0.0651794
-0.0651756
-0.0651718
-0.065168
-0.0651642
-0.0651604
-0.0651567
-0.0651529
-0.0651492
-0.0651454
-0.0651417
-0.0651379
-0.0651342
-0.0651305
-0.0651268
-0.0651231
-0.0651194
-0.0651157
-0.0651121
-0.0651084
-0.0651047
-0.0651011
-0.0650975
-0.0650938
-0.0650902
-0.0650866
-0.065083
-0.0650794
-0.0650758
-0.0650722
-0.0650686
-0.0650651
-0.0650615
-0.065058
-0.0650544
-0.0650509
-0.0650473
-0.0650438
-0.0650403
-0.0650368
-0.0650333
-0.0650298
-0.0650263
-0.0650229
-0.0650194
-0.0650159
-0.0650125
-0.0650091
-0.0650056
-0.0650022
-0.0649988
-0.0649954
-0.064992
-0.0649886
-0.0649852
-0.0649818
-0.0649784
-0.064975
-0.0649717
-0.0649683
-0.064965
-0.0649617
-0.0649583
-0.064955
-0.0649517
-0.0649484
-0.0649451
-0.0649418
-0.0649385
-0.0649352
-0.0649319
-0.0649287
-0.0649254
-0.0649222
-0.0649189
-0.0649157
-0.0649125
-0.0649092
-0.064906
-0.0649028
-0.0648996
-0.0648964
-0.0648933
-0.0648901
-0.0648869
-0.0648837
-0.0648806
-0.0648774
-0.0648743
-0.0648711
-0.064868
-0.0648649
-0.0648618
-0.0648587
-0.0648556
-0.0648525
-0.0648494
-0.0648463
-0.0648432
-0.0648402
-0.0648371
-0.064834
-0.064831
-0.064828
-0.0648249
-0.0648219
-0.0648189
-0.0648159
-0.0648129
-0.0648099
-0.0648069
-0.0648039
-0.0648009
-0.0647979
-0.0647949
-0.064792
-0.064789
-0.0647861
-0.0647831
-0.0647802
-0.0647773
-0.0647744
-0.0647714
-0.0647685
-0.0647656
-0.0647627
-0.0647598
-0.064757
-0.0647541
-0.0647512
-0.0647483
-0.0647455
-0.0647426
-0.0647398
-0.0647369
-0.0647341
-0.0647313
-0.0647285
-0.0647256
-0.0647228
-0.06472
-0.0647172
-0.0647144
-0.0647117
-0.0647089
-0.0647061
-0.0647033
-0.0647006
-0.0646978
-0.0646951
-0.0646923
-0.0646896
-0.0646869
-0.0646842
-0.0646814
-0.0646787
-0.064676
-0.0646733
-0.0646706
-0.0646679
-0.0646653
-0.0646626
-0.0646599
-0.0646572
-0.0646546
-0.0646519
-0.0646493
-0.0646466
-0.064644
-0.0646414
-0.0646388
-0.0646361
-0.0646335
-0.0646309
-0.0646283
-0.0646257
-0.0646231
-0.0646205
-0.064618
-0.0646154
-0.0646128
-0.0646103
-0.0646077
-0.0646052
-0.0646026
-0.0646001
-0.0645976
-0.064595
-0.0645925
-0.06459
-0.0645875
-0.064585
-0.0645825
-0.06458
-0.0645775
-0.064575
-0.0645725
-0.06457
-0.0645676
-0.0645651
-0.0645627
-0.0645602
-0.0645578
-0.0645553
-0.0645529
-0.0645505
-0.064548
-0.0645456
-0.0645432
-0.0645408
-0.0645384
-0.064536
-0.0645336
-0.0645312
-0.0645288
-0.0645265
-0.0645241
-0.0645217
-0.0645194
-0.064517
-0.0645146
-0.0645123
-0.06451
-0.0645076
-0.0645053
-0.064503
-0.0645006
-0.0644983
-0.064496
-0.0644937
-0.0644914
-0.0644891
-0.0644868
-0.0644845
-0.0644823
-0.06448
-0.0644777
-0.0644754
-0.0644732
-0.0644709
-0.0644687
-0.0644664
-0.0644642
-0.064462
-0.0644597
-0.0644575
-0.0644553
-0.0644531
-0.0644509
-0.0644486
-0.0644464
-0.0644442
-0.0644421
-0.0644399
-0.0644377
-0.0644355
-0.0644333
-0.0644312
-0.064429
-0.0644268
-0.0644247
-0.0644225
-0.0644204
-0.0644183
-0.0644161
-0.064414
-0.0644119
-0.0644097
-0.0644076
-0.0644055
-0.0644034
-0.0644013
-0.0643992
-0.0643971
-0.064395
-0.0643929
-0.0643908
-0.0643888
-0.0643867
-0.0643846
-0.0643826
-0.0643805
-0.0643785
-0.0643764
-0.0643744
-0.0643723
-0.0643703
-0.0643683
-0.0643662
-0.0643642
-0.0643622
-0.0643602
-0.0643582
-0.0643562
-0.0643542
-0.0643522
-0.0643502
-0.0643482
-0.0643462
-0.0643442
-0.0643422
-0.0643403
-0.0643383
-0.0643363
-0.0643344
-0.0643324
-0.0643305
-0.0643285
-0.0643266
-0.0643247
-0.0643227
-0.0643208
-0.0643189
-0.064317
-0.064315
-0.0643131
-0.0643112
-0.0643093
-0.0643074
-0.0643055
-0.0643036
-0.0643018
-0.0642999
-0.064298
-0.0642961
-0.0642942
-0.0642924
-0.0642905
-0.0642887
-0.0642868
-0.064285
-0.0642831
-0.0642813
-0.0642794
-0.0642776
-0.0642758
-0.0642739
-0.0642721
-0.0642703
-0.0642685
-0.0642667
-0.0642649
-0.0642631
-0.0642613
-0.0642595
-0.0642577
-0.0642559
-0.0642541
-0.0642523
-0.0642506
-0.0642488
-0.064247
-0.0642453
-0.0642435
-0.0642417
-0.06424
-0.0642382
-0.0642365
-0.0642348
-0.064233
-0.0642313
-0.0642296
-0.0642278
-0.0642261
-0.0642244
-0.0642227
-0.064221
-0.0642193
-0.0642176
-0.0642159
-0.0642142
-0.0642125
-0.0642108
-0.0642091
-0.0642074
-0.0642057
-0.0642041
-0.0642024
-0.0642007
-0.0641991
-0.0641974
-0.0641957
-0.0641941
-0.0641924
-0.0641908
-0.0641892
-0.0641875
-0.0641859
-0.0641843
-0.0641826
-0.064181
-0.0641794
-0.0641778
-0.0641761
-0.0641745
-0.0641729
-0.0641713
-0.0641697
-0.0641681
-0.0641665
-0.0641649
-0.0641634
-0.0641618
-0.0641602
-0.0641586
-0.0641571
-0.0641555
-0.0641539
-0.0641524
-0.0641508
-0.0641492
-0.0641477
-0.0641461
-0.0641446
-0.0641431
-0.0641415
-0.06414
-0.0641384
-0.0641369
-0.0641354
-0.0641339
-0.0641324
-0.0641308
-0.0641293
-0.0641278
-0.0641263
-0.0641248
-0.0641233
-0.0641218
-0.0641203
-0.0641188
-0.0641173
-0.0641159
-0.0641144
-0.0641129
-0.0641114
-0.06411
-0.0641085
-0.064107
-0.0641056
-0.0641041
-0.0641027
-0.0641012
-0.0640998
-0.0640983
-0.0640969
-0.0640954
-0.064094
-0.0640926
-0.0640911
-0.0640897
-0.0640883
-0.0640869
-0.0640854
-0.064084
-0.0640826
-0.0640812
-0.0640798
-0.0640784
-0.064077
-0.0640756
-0.0640742
-0.0640728
-0.0640714
-0.0640701
-0.0640687
-0.0640673
-0.0640659
-0.0640645
-0.0640632
-0.0640618
-0.0640604
-0.0640591
-0.0640577
-0.0640564
-0.064055
-0.0640537
-0.0640523
-0.064051
-0.0640496
-0.0640483
-0.064047
-0.0640456
-0.0640443
-0.064043
-0.0640417
-0.0640403
-0.064039
-0.0640377
-0.0640364
-0.0640351
-0.0640338
-0.0640325
-0.0640312
-0.0640299
-0.0640286
-0.0640273
-0.064026
-0.0640247
-0.0640234
-0.0640222
-0.0640209
-0.0640196
-0.0640183
-0.0640171
-0.0640158
-0.0640145
-0.0640133
-0.064012
-0.0640108
-0.0640095
-0.0640083
-0.064007
-0.0640058
-0.0640045
-0.0640033
-0.064002
-0.0640008
-0.0639996
-0.0639983
-0.0639971
-0.0639959
-0.0639947
-0.0639935
-0.0639922
-0.063991
-0.0639898
-0.0639886
-0.0639874
-0.0639862
-0.063985
-0.0639838
-0.0639826
-0.0639814
-0.0639802
-0.063979
-0.0639778
-0.0639767
-0.0639755
-0.0639743
-0.0639731
-0.063972
-0.0639708
-0.0639696
-0.0639685
-0.0639673
-0.0639661
-0.063965
-0.0639638
-0.0639627
-0.0639615
-0.0639604
-0.0639592
-0.0639581
-0.0639569
-0.0639558
-0.0639547
-0.0639535
-0.0639524
-0.0639513
-0.0639502
-0.063949
-0.0639479
-0.0639468
-0.0639457
-0.0639446
-0.0639435
-0.0639424
-0.0639413
-0.0639402
-0.0639391
-0.063938
-0.0639369
-0.0639358
-0.0639347
-0.0639336
-0.0639325
-0.0639315
-0.0639304
-0.0639293
-0.0639282
-0.0639271
-0.0639261
-0.063925
-0.0639239
-0.0639228
-0.0639218
-0.0639207
-0.0639197
-0.0639186
-0.0639175
-0.0639165
-0.0639154
-0.0639144
-0.0639133
-0.0639123
-0.0639113
-0.0639102
-0.0639092
-0.0639081
-0.0639071
-0.0639061
-0.063905
-0.063904
-0.063903
-0.063902
-0.063901
-0.0638999
-0.0638989
-0.0638979
-0.0638969
-0.0638959
-0.0638949
-0.0638939
-0.0638929
-0.0638919
-0.0638909
-0.0638899
-0.0638889
-0.0638879
-0.0638869
-0.0638859
-0.0638849
-0.0638839
-0.063883
-0.063882
-0.063881
-0.06388
-0.0638791
-0.0638781
-0.0638771
-0.0638762
-0.0638752
-0.0638742
-0.0638733
-0.0638723
-0.0638714
-0.0638704
-0.0638694
-0.0638685
-0.0638675
-0.0638666
-0.0638657
-0.0638647
-0.0638638
-0.0638628
-0.0638619
-0.063861
-0.06386
-0.0638591
-0.0638582
-0.0638572
-0.0638563
-0.0638554
-0.0638545
-0.0638536
-0.0638526
-0.0638517
-0.0638508
-0.0638499
-0.063849
-0.0638481
-0.0638472
-0.0638463
-0.0638454
-0.0638445
-0.0638436
-0.0638427
-0.0638418
-0.0638409
-0.06384
-0.0638391
-0.0638383
-0.0638374
-0.0638365
-0.0638356
-0.0638347
-0.0638339
-0.063833
-0.0638321
-0.0638312
-0.0638304
-0.0638295
-0.0638286
-0.0638278
-0.0638269
-0.0638261
-0.0638252
-0.0638243
-0.0638235
-0.0638226
-0.0638218
-0.0638209
-0.0638201
-0.0638192
-0.0638184
-0.0638176
-0.0638167
-0.0638159
-0.0638151
-0.0638142
-0.0638134
-0.0638126
-0.0638117
-0.0638109
-0.0638101
-0.0638093
-0.0638084
-0.0638076
-0.0638068
-0.063806
-0.0638052
-0.0638044
-0.0638035
-0.0638027
-0.0638019
-0.0638011
-0.0638003
-0.0637995
-0.0637987
-0.0637979
-0.0637971
-0.0637963
-0.0637955
-0.0637947
-0.0637939
-0.0637932
-0.0637924
-0.0637916
-0.0637908
-0.06379
-0.0637892
-0.0637885
-0.0637877
-0.0637869
-0.0637861
-0.0637854
-0.0637846
-0.0637838
-0.0637831
-0.0637823
-0.0637815
-0.0637808
-0.06378
-0.0637792
-0.0637785
-0.0637777
-0.063777
-0.0637762
-0.0637755
-0.0637747
-0.063774
-0.0637732
-0.0637725
-0.0637717
-0.063771
-0.0637703
-0.0637695
-0.0637688
-0.0637681
-0.0637673
-0.0637666
-0.0637659
-0.0637651
-0.0637644
-0.0637637
-0.063763
-0.0637622
-0.0637615
-0.0637608
-0.0637601
-0.0637594
-0.0637586
-0.0637579
-0.0637572
-0.0637565
-0.0637558
-0.0637551
-0.0637544
-0.0637537
-0.063753
-0.0637523
-0.0637516
-0.0637509
-0.0637502
-0.0637495
-0.0637488
-0.0637481
-0.0637474
-0.0637467
-0.063746
-0.0637453
-0.0637447
-0.063744
-0.0637433
-0.0637426
-0.0637419
-0.0637413
-0.0637406
-0.0637399
-0.0637392
-0.0637386
-0.0637379
-0.0637372
-0.0637366
-0.0637359
-0.0637352
-0.0637346
-0.0637339
-0.0637332
-0.0637326
-0.0637319
-0.0637313
-0.0637306
-0.06373
-0.0637293
-0.0637287
-0.063728
-0.0637274
-0.0637267
-0.0637261
-0.0637254
-0.0637248
-0.0637241
-0.0637235
-0.0637229
-0.0637222
-0.0637216
-0.063721
-0.0637203
-0.0637197
-0.0637191
-0.0637184
-0.0637178
-0.0637172
-0.0637166
-0.0637159
-0.0637153
-0.0637147
-0.0637141
-0.0637135
-0.0637128
-0.0637122
-0.0637116
-0.063711
-0.0637104
-0.0637098
-0.0637092
-0.0637086
-0.0637079
-0.0637073
-0.0637067
-0.0637061
-0.0637055
-0.0637049
-0.0637043
-0.0637037
-0.0637031
-0.0637025
-0.063702
-0.0637014
-0.0637008
-0.0637002
-0.0636996
-0.063699
-0.0636984
-0.0636978
-0.0636973
-0.0636967
-0.0636961
-0.0636955
-0.0636949
-0.0636944
-0.0636938
-0.0636932
-0.0636926
-0.0636921
-0.0636915
-0.0636909
-0.0636903
-0.0636898
-0.0636892
-0.0636886
-0.0636881
-0.0636875
-0.063687
-0.0636864
-0.0636858
-0.0636853
-0.0636847
-0.0636842
-0.0636836
-0.0636831
-0.0636825
-0.063682
-0.0636814
-0.0636809
-0.0636803
-0.0636798
-0.0636792
-0.0636787
-0.0636781
-0.0636776
-0.0636771
-0.0636765
-0.063676
-0.0636754
-0.0636749
-0.0636744
-0.0636738
-0.0636733
-0.0636728
-0.0636722
-0.0636717
-0.0636712
-0.0636707
-0.0636701
-0.0636696
-0.0636691
-0.0636686
-0.063668
-0.0636675
-0.063667
-0.0636665
-0.063666
-0.0636654
-0.0636649
-0.0636644
-0.0636639
-0.0636634
-0.0636629
-0.0636624
-0.0636619
-0.0636614
-0.0636609
-0.0636604
-0.0636598
-0.0636593
-0.0636588
-0.0636583
-0.0636578
-0.0636573
-0.0636568
-0.0636564
-0.0636559
-0.0636554
-0.0636549
-0.0636544
-0.0636539
-0.0636534
-0.0636529
-0.0636524
-0.0636519
-0.0636514
-0.063651
-0.0636505
-0.06365
-0.0636495
-0.063649
-0.0636486
-0.0636481
-0.0636476
-0.0636471
-0.0636466
-0.0636462
-0.0636457
-0.0636452
-0.0636448
-0.0636443
-0.0636438
-0.0636433
-0.0636429
-0.0636424
-0.0636419
-0.0636415
-0.063641
-0.0636406
-0.0636401
-0.0636396
-0.0636392
-0.0636387
-0.0636383
-0.0636378
-0.0636373
-0.0636369
-0.0636364
-0.063636
-0.0636355
-0.0636351
-0.0636346
-0.0636342
-0.0636337
-0.0636333
-0.0636328
-0.0636324
-0.0636319
-0.0636315
-0.0636311
-0.0636306
-0.0636302
-0.0636297
-0.0636293
-0.0636289
-0.0636284
-0.063628
-0.0636276
-0.0636271
-0.0636267
-0.0636263
-0.0636258
-0.0636254
-0.063625
-0.0636245
-0.0636241
-0.0636237
-0.0636233
-0.0636228
-0.0636224
-0.063622
-0.0636216
-0.0636211
-0.0636207
-0.0636203
-0.0636199
-0.0636195
-0.0636191
-0.0636186
-0.0636182
-0.0636178
-0.0636174
-0.063617
-0.0636166
-0.0636162
-0.0636157
-0.0636153
-0.0636149
-0.0636145
-0.0636141
-0.0636137
-0.0636133
-0.0636129
-0.0636125
-0.0636121
-0.0636117
-0.0636113
-0.0636109
-0.0636105
-0.0636101
-0.0636097
-0.0636093
-0.0636089
-0.0636085
-0.0636081
-0.0636077
-0.0636073
-0.063607
-0.0636066
-0.0636062
-0.0636058
-0.0636054
-0.063605
-0.0636046
-0.0636042
-0.0636039
-0.0636035
-0.0636031
-0.0636027
-0.0636023
-0.0636019
-0.0636016
-0.0636012
-0.0636008
-0.0636004
-0.0636001
-0.0635997
-0.0635993
-0.0635989
-0.0635986
-0.0635982
-0.0635978
-0.0635974
-0.0635971
-0.0635967
-0.0635963
-0.063596
-0.0635956
-0.0635952
-0.0635949
-0.0635945
-0.0635941
-0.0635938
-0.0635934
-0.0635931
-0.0635927
-0.0635923
-0.063592
-0.0635916
-0.0635913
-0.0635909
-0.0635905
-0.0635902
-0.0635898
-0.0635895
-0.0635891
-0.0635888
-0.0635884
-0.0635881
-0.0635877
-0.0635874
-0.063587
-0.0635867
-0.0635863
-0.063586
-0.0635856
-0.0635853
-0.0635849
-0.0635846
-0.0635843
-0.0635839
-0.0635836
-0.0635832
-0.0635829
-0.0635826
-0.0635822
-0.0635819
-0.0635815
-0.0635812
-0.0635809
-0.0635805
-0.0635802
-0.0635799
-0.0635795
-0.0635792
-0.0635789
-0.0635785
-0.0635782
-0.0635779
-0.0635776
-0.0635772
-0.0635769
-0.0635766
-0.0635763
-0.0635759
-0.0635756
-0.0635753
-0.063575
-0.0635746
-0.0635743
-0.063574
-0.0635737
-0.0635734
-0.063573
-0.0635727
-0.0635724
-0.0635721
-0.0635718
-0.0635714
-0.0635711
-0.0635708
-0.0635705
-0.0635702
-0.0635699
-0.0635696
-0.0635693
-0.0635689
-0.0635686
-0.0635683
-0.063568
-0.0635677
-0.0635674
-0.0635671
-0.0635668
-0.0635665
-0.0635662
-0.0635659
-0.0635656
-0.0635653
-0.063565
-0.0635647
-0.0635644
-0.0635641
-0.0635638
-0.0635635
-0.0635632
-0.0635629
-0.0635626
-0.0635623
-0.063562
-0.0635617
-0.0635614
-0.0635611
-0.0635608
-0.0635605
-0.0635602
-0.0635599
-0.0635597
-0.0635594
-0.0635591
-0.0635588
-0.0635585
-0.0635582
-0.0635579
-0.0635576
-0.0635574
-0.0635571
-0.0635568
-0.0635565
-0.0635562
-0.0635559
-0.0635557
-0.0635554
-0.0635551
-0.0635548
-0.0635545
-0.0635543
-0.063554
-0.0635537
-0.0635534
-0.0635531
-0.0635529
-0.0635526
-0.0635523
-0.063552
-0.0635518
-0.0635515
-0.0635512
-0.0635509
-0.0635507
-0.0635504
-0.0635501
-0.0635499
-0.0635496
-0.0635493
-0.0635491
-0.0635488
-0.0635485
-0.0635483
-0.063548
-0.0635477
-0.0635475
-0.0635472
-0.0635469
-0.0635467
-0.0635464
-0.0635462
-0.0635459
-0.0635456
-0.0635454
-0.0635451
-0.0635449
-0.0635446
-0.0635443
-0.0635441
-0.0635438
-0.0635436
-0.0635433
-0.0635431
-0.0635428
-0.0635425
-0.0635423
-0.063542
-0.0635418
-0.0635415
-0.0635413
-0.063541
-0.0635408
-0.0635405
-0.0635403
-0.06354
-0.0635398
-0.0635395
-0.0635393
-0.063539
-0.0635388
-0.0635386
-0.0635383
-0.0635381
-0.0635378
-0.0635376
-0.0635373
-0.0635371
-0.0635369
-0.0635366
-0.0635364
-0.0635361
-0.0635359
-0.0635356
-0.0635354
-0.0635352
-0.0635349
-0.0635347
-0.0635345
-0.0635342
-0.063534
-0.0635338
-0.0635335
-0.0635333
-0.063533
-0.0635328
-0.0635326
-0.0635323
-0.0635321
-0.0635319
-0.0635317
-0.0635314
-0.0635312
-0.063531
-0.0635307
-0.0635305
-0.0635303
-0.0635301
-0.0635298
-0.0635296
-0.0635294
-0.0635291
-0.0635289
-0.0635287
-0.0635285
-0.0635283
-0.063528
-0.0635278
-0.0635276
-0.0635274
-0.0635271
-0.0635269
-0.0635267
-0.0635265
-0.0635263
-0.063526
-0.0635258
-0.0635256
-0.0635254
-0.0635252
-0.063525
-0.0635247
-0.0635245
-0.0635243
-0.0635241
-0.0635239
-0.0635237
-0.0635234
-0.0635232
-0.063523
-0.0635228
-0.0635226
-0.0635224
-0.0635222
-0.063522
-0.0635218
-0.0635215
-0.0635213
-0.0635211
-0.0635209
-0.0635207
-0.0635205
-0.0635203
-0.0635201
-0.0635199
-0.0635197
-0.0635195
-0.0635193
-0.0635191
-0.0635189
-0.0635187
-0.0635185
-0.0635183
-0.0635181
-0.0635179
-0.0635177
-0.0635174
-0.0635172
-0.063517
-0.0635169
-0.0635167
-0.0635165
-0.0635163
-0.0635161
-0.0635159
-0.0635157
-0.0635155
-0.0635153
-0.0635151
-0.0635149
-0.0635147
-0.0635145
-0.0635143
-0.0635141
-0.0635139
-0.0635137
-0.0635135
-0.0635133
-0.0635131
-0.0635129
-0.0635128
-0.0635126
-0.0635124
-0.0635122
-0.063512
-0.0635118
-0.0635116
-0.0635114
-0.0635112
-0.0635111
-0.0635109
-0.0635107
-0.0635105
-0.0635103
-0.0635101
-0.0635099
-0.0635098
-0.0635096
-0.0635094
-0.0635092
-0.063509
-0.0635088
-0.0635087
-0.0635085
-0.0635083
-0.0635081
-0.0635079
-0.0635078
-0.0635076
-0.0635074
-0.0635072
-0.063507
-0.0635069
-0.0635067
-0.0635065
-0.0635063
-0.0635062
-0.063506
-0.0635058
-0.0635056
-0.0635054
-0.0635053
-0.0635051
-0.0635049
-0.0635048
-0.0635046
-0.0635044
-0.0635042
-0.0635041
-0.0635039
-0.0635037
-0.0635035
-0.0635034
-0.0635032
-0.063503
-0.0635029
-0.0635027
-0.0635025
-0.0635024
-0.0635022
-0.063502
-0.0635019
-0.0635017
-0.0635015
-0.0635014
-0.0635012
-0.063501
-0.0635009
-0.0635007
-0.0635005
-0.0635004
-0.0635002
-0.0635
-0.0634999
-0.0634997
-0.0634995
-0.0634994
-0.0634992
-0.0634991
-0.0634989
-0.0634987
-0.0634986
-0.0634984
-0.0634983
-0.0634981
-0.0634979
-0.0634978
-0.0634976
-0.0634975
-0.0634973
-0.0634971
-0.063497
-0.0634968
-0.0634967
-0.0634965
-0.0634964
-0.0634962
-0.063496
-0.0634959
-0.0634957
-0.0634956
-0.0634954
-0.0634953
-0.0634951
-0.063495
-0.0634948
-0.0634947
-0.0634945
-0.0634944
-0.0634942
-0.0634941
-0.0634939
-0.0634938
-0.0634936
-0.0634935
-0.0634933
-0.0634932
-0.063493
-0.0634929
-0.0634927
-0.0634926
-0.0634924
-0.0634923
-0.0634921
-0.063492
-0.0634918
-0.0634917
-0.0634915
-0.0634914
-0.0634912
-0.0634911
-0.063491
-0.0634908
-0.0634907
-0.0634905
-0.0634904
-0.0634902
-0.0634901
-0.06349
-0.0634898
-0.0634897
-0.0634895
-0.0634894
-0.0634892
-0.0634891
-0.063489
-0.0634888
-0.0634887
-0.0634885
-0.0634884
-0.0634883
-0.0634881
-0.063488
-0.0634879
-0.0634877
-0.0634876
-0.0634874
-0.0634873
-0.0634872
-0.063487
-0.0634869
-0.0634868
-0.0634866
-0.0634865
-0.0634864
-0.0634862
-0.0634861
-0.063486
-0.0634858
-0.0634857
-0.0634856
-0.0634854
-0.0634853
-0.0634852
-0.063485
-0.0634849
-0.0634848
-0.0634846
-0.0634845
-0.0634844
-0.0634842
-0.0634841
-0.063484
-0.0634839
-0.0634837
-0.0634836
-0.0634835
-0.0634833
-0.0634832
-0.0634831
-0.063483
-0.0634828
-0.0634827
-0.0634826
-0.0634824
-0.0634823
-0.0634822
-0.0634821
-0.0634819
-0.0634818
-0.0634817
-0.0634816
-0.0634814
-0.0634813
-0.0634812
-0.0634811
-0.0634809
-0.0634808
-0.0634807
-0.0634806
-0.0634805
-0.0634803
-0.0634802
-0.0634801
-0.06348
-0.0634799
-0.0634797
-0.0634796
-0.0634795
-0.0634794
-0.0634792
-0.0634791
-0.063479
-0.0634789
-0.0634788
-0.0634787
-0.0634785
-0.0634784
-0.0634783
-0.0634782
-0.0634781
-0.0634779
-0.0634778
-0.0634777
-0.0634776
-0.0634775
-0.0634774
-0.0634773
-0.0634771
-0.063477
-0.0634769
-0.0634768
-0.0634767
-0.0634766
-0.0634765
-0.0634763
-0.0634762
-0.0634761
-0.063476
-0.0634759
-0.0634758
-0.0634757
-0.0634756
-0.0634754
-0.0634753
-0.0634752
-0.0634751
-0.063475
-0.0634749
-0.0634748
-0.0634747
-0.0634746
-0.0634744
-0.0634743
-0.0634742
-0.0634741
-0.063474
-0.0634739
-0.0634738
-0.0634737
-0.0634736
-0.0634735
-0.0634734
-0.0634733
-0.0634731
-0.063473
-0.0634729
-0.0634728
-0.0634727
-0.0634726
-0.0634725
-0.0634724
-0.0634723
-0.0634722
-0.0634721
-0.063472
-0.0634719
-0.0634718
-0.0634717
-0.0634716
-0.0634715
-0.0634714
-0.0634713
-0.0634712
-0.0634711
-0.063471
-0.0634709
-0.0634708
-0.0634707
-0.0634706
-0.0634705
-0.0634704
-0.0634702
-0.0634701
-0.06347
-0.0634699
-0.0634698
-0.0634697
-0.0634697
-0.0634696
-0.0634695
-0.0634694
-0.0634693
-0.0634692
-0.0634691
-0.063469
-0.0634689
-0.0634688
-0.0634687
-0.0634686
-0.0634685
-0.0634684
-0.0634683
-0.0634682
-0.0634681
-0.063468
-0.0634679
-0.0634678
-0.0634677
-0.0634676
-0.0634675
-0.0634674
-0.0634673
-0.0634672
-0.0634671
-0.063467
-0.063467
-0.0634669
-0.0634668
-0.0634667
-0.0634666
-0.0634665
-0.0634664
-0.0634663
-0.0634662
-0.0634661
-0.063466
-0.0634659
-0.0634658
-0.0634658
-0.0634657
-0.0634656
-0.0634655
-0.0634654
-0.0634653
-0.0634652
-0.0634651
-0.063465
-0.0634649
-0.0634649
-0.0634648
-0.0634647
-0.0634646
-0.0634645
-0.0634644
-0.0634643
-0.0634642
-0.0634641
-0.0634641
-0.063464
-0.0634639
-0.0634638
-0.0634637
-0.0634636
-0.0634635
-0.0634635
-0.0634634
-0.0634633
-0.0634632
-0.0634631
-0.063463
-0.0634629
-0.0634629
-0.0634628
-0.0634627
-0.0634626
-0.0634625
-0.0634624
-0.0634623
-0.0634623
-0.0634622
-0.0634621
-0.063462
-0.0634619
-0.0634618
-0.0634618
-0.0634617
-0.0634616
-0.0634615
-0.0634614
-0.0634614
-0.0634613
-0.0634612
-0.0634611
-0.063461
-0.0634609
-0.0634609
-0.0634608
-0.0634607
-0.0634606
-0.0634605
-0.0634605
-0.0634604
-0.0634603
-0.0634602
-0.0634601
-0.0634601
-0.06346
-0.0634599
-0.0634598
-0.0634598
-0.0634597
-0.0634596
-0.0634595
-0.0634594
-0.0634594
-0.0634593
-0.0634592
-0.0634591
-0.0634591
-0.063459
-0.0634589
-0.0634588
-0.0634588
-0.0634587
-0.0634586
-0.0634585
-0.0634584
-0.0634584
-0.0634583
-0.0634582
-0.0634581
-0.0634581
-0.063458
-0.0634579
-0.0634578
-0.0634578
-0.0634577
-0.0634576
-0.0634576
-0.0634575
-0.0634574
-0.0634573
-0.0634573
-0.0634572
-0.0634571
-0.063457
-0.063457
-0.0634569
-0.0634568
-0.0634568
-0.0634567
-0.0634566
-0.0634565
-0.0634565
-0.0634564
-0.0634563
-0.0634563
-0.0634562
-0.0634561
-0.063456
-0.063456
-0.0634559
-0.0634558
-0.0634558
-0.0634557
-0.0634556
-0.0634556
-0.0634555
-0.0634554
-0.0634553
-0.0634553
-0.0634552
-0.0634551
-0.0634551
-0.063455
-0.0634549
-0.0634549
-0.0634548
-0.0634547
-0.0634547
-0.0634546
-0.0634545
-0.0634545
-0.0634544
-0.0634543
-0.0634543
-0.0634542
-0.0634541
-0.0634541
-0.063454
-0.0634539
-0.0634539
-0.0634538
-0.0634537
-0.0634537
-0.0634536
-0.0634535
-0.0634535
-0.0634534
-0.0634533
-0.0634533
-0.0634532
-0.0634531
-0.0634531
-0.063453
-0.063453
-0.0634529
-0.0634528
-0.0634528
-0.0634527
-0.0634526
-0.0634526
-0.0634525
-0.0634524
-0.0634524
-0.0634523
-0.0634523
-0.0634522
-0.0634521
-0.0634521
-0.063452
-0.0634519
-0.0634519
-0.0634518
-0.0634518
-0.0634517
-0.0634516
-0.0634516
-0.0634515
-0.0634515
-0.0634514
-0.0634513
-0.0634513
-0.0634512
-0.0634512
-0.0634511
-0.063451
-0.063451
-0.0634509
-0.0634509
-0.0634508
-0.0634507
-0.0634507
-0.0634506
-0.0634506
-0.0634505
-0.0634504
-0.0634504
-0.0634503
-0.0634503
-0.0634502
-0.0634502
-0.0634501
-0.06345
-0.06345
-0.0634499
-0.0634499
-0.0634498
-0.0634498
-0.0634497
-0.0634496
-0.0634496
-0.0634495
-0.0634495
-0.0634494
-0.0634494
-0.0634493
-0.0634492
-0.0634492
-0.0634491
-0.0634491
-0.063449
-0.063449
-0.0634489
-0.0634489
-0.0634488
-0.0634487
-0.0634487
-0.0634486
-0.0634486
-0.0634485
-0.0634485
-0.0634484
-0.0634484
-0.0634483
-0.0634483
-0.0634482
-0.0634481
-0.0634481
-0.063448
-0.063448
-0.0634479
-0.0634479
-0.0634478
-0.0634478
-0.0634477
-0.0634477
-0.0634476
-0.0634476
-0.0634475
-0.0634475
-0.0634474
-0.0634474
-0.0634473
-0.0634472
-0.0634472
-0.0634471
-0.0634471
-0.063447
-0.063447
-0.0634469
-0.0634469
-0.0634468
-0.0634468
-0.0634467
-0.0634467
-0.0634466
-0.0634466
-0.0634465
-0.0634465
-0.0634464
-0.0634464
-0.0634463
-0.0634463
-0.0634462
-0.0634462
-0.0634461
-0.0634461
-0.063446
-0.063446
-0.0634459
-0.0634459
-0.0634458
-0.0634458
-0.0634457
-0.0634457
-0.0634456
-0.0634456
-0.0634455
-0.0634455
-0.0634455
-0.0634454
-0.0634454
-0.0634453
-0.0634453
-0.0634452
-0.0634452
-0.0634451
-0.0634451
-0.063445
-0.063445
-0.0634449
-0.0634449
-0.0634448
-0.0634448
-0.0634447
-0.0634447
-0.0634447
-0.0634446
-0.0634446
-0.0634445
-0.0634445
-0.0634444
-0.0634444
-0.0634443
-0.0634443
-0.0634442
-0.0634442
-0.0634441
-0.0634441
-0.0634441
-0.063444
-0.063444
-0.0634439
-0.0634439
-0.0634438
-0.0634438
-0.0634437
-0.0634437
-0.0634437
-0.0634436
-0.0634436
-0.0634435
-0.0634435
-0.0634434
-0.0634434
-0.0634433
-0.0634433
-0.0634433
-0.0634432
-0.0634432
-0.0634431
-0.0634431
-0.063443
-0.063443
-0.063443
-0.0634429
-0.0634429
-0.0634428
-0.0634428
-0.0634427
-0.0634427
-0.0634427
-0.0634426
-0.0634426
-0.0634425
-0.0634425
-0.0634425
-0.0634424
-0.0634424
-0.0634423
-0.0634423
-0.0634422
-0.0634422
-0.0634422
-0.0634421
-0.0634421
-0.063442
-0.063442
-0.063442
-0.0634419
-0.0634419
-0.0634418
-0.0634418
-0.0634418
-0.0634417
-0.0634417
-0.0634416
-0.0634416
-0.0634416
-0.0634415
-0.0634415
-0.0634414
-0.0634414
-0.0634414
-0.0634413
-0.0634413
-0.0634412
-0.0634412
-0.0634412
-0.0634411
-0.0634411
-0.063441
-0.063441
-0.063441
-0.0634409
-0.0634409
-0.0634409
-0.0634408
-0.0634408
-0.0634407
-0.0634407
-0.0634407
-0.0634406
-0.0634406
-0.0634406
-0.0634405
-0.0634405
-0.0634404
-0.0634404
-0.0634404
-0.0634403
-0.0634403
-0.0634403
-0.0634402
-0.0634402
-0.0634401
-0.0634401
-0.0634401
-0.06344
-0.06344
-0.06344
-0.0634399
-0.0634399
-0.0634398
-0.0634398
-0.0634398
-0.0634397
-0.0634397
-0.0634397
-0.0634396
-0.0634396
-0.0634396
-0.0634395
-0.0634395
-0.0634395
-0.0634394
-0.0634394
-0.0634394
-0.0634393
-0.0634393
-0.0634392
-0.0634392
-0.0634392
-0.0634391
-0.0634391
-0.0634391
-0.063439
-0.063439
-0.063439
-0.0634389
-0.0634389
-0.0634389
-0.0634388
-0.0634388
-0.0634388
-0.0634387
-0.0634387
-0.0634387
-0.0634386
-0.0634386
-0.0634386
-0.0634385
-0.0634385
-0.0634385
-0.0634384
-0.0634384
-0.0634384
-0.0634383
-0.0634383
-0.0634383
-0.0634382
-0.0634382
-0.0634382
-0.0634381
-0.0634381
-0.0634381
-0.063438
-0.063438
-0.063438
-0.0634379
-0.0634379
-0.0634379
-0.0634378
-0.0634378
-0.0634378
-0.0634377
-0.0634377
-0.0634377
-0.0634377
-0.0634376
-0.0634376
-0.0634376
-0.0634375
-0.0634375
-0.0634375
-0.0634374
-0.0634374
-0.0634374
-0.0634373
-0.0634373
-0.0634373
-0.0634372
-0.0634372
-0.0634372
-0.0634372
-0.0634371
-0.0634371
-0.0634371
-0.063437
-0.063437
-0.063437
-0.0634369
-0.0634369
-0.0634369
-0.0634369
-0.0634368
-0.0634368
-0.0634368
-0.0634367
-0.0634367
-0.0634367
-0.0634366
-0.0634366
-0.0634366
-0.0634366
-0.0634365
-0.0634365
-0.0634365
-0.0634364
-0.0634364
-0.0634364
-0.0634364
-0.0634363
-0.0634363
-0.0634363
-0.0634362
-0.0634362
-0.0634362
-0.0634362
-0.0634361
-0.0634361
-0.0634361
-0.063436
-0.063436
-0.063436
-0.063436
-0.0634359
-0.0634359
-0.0634359
-0.0634358
-0.0634358
-0.0634358
-0.0634358
-0.0634357
-0.0634357
-0.0634357
-0.0634357
-0.0634356
-0.0634356
-0.0634356
-0.0634355
-0.0634355
-0.0634355
-0.0634355
-0.0634354
-0.0634354
-0.0634354
-0.0634354
-0.0634353
-0.0634353
-0.0634353
-0.0634353
-0.0634352
-0.0634352
-0.0634352
-0.0634351
-0.0634351
-0.0634351
-0.0634351
