0.907049
0.856668
0.864113
0.849526
0.800353
0.836629
0.888138
0.807719
0.847276
0.834786
0.82048
0.79144
0.791648
0.827996
0.842879
0.839105
0.811242
0.848647
0.789558
0.789617
0.803904
0.783787
0.823672
0.784671
0.799677
0.770931
0.810757
0.797227
0.816881
0.789572
0.76877
0.816831
0.843774
0.789889
0.822987
0.778502
0.779833
0.819705
0.810606
0.776355
0.799864
0.813228
0.825043
0.790001
0.814938
0.839159
0.839544
0.789929
0.803366
0.819402
0.812627
0.81514
0.817232
0.827269
0.826373
0.828701
0.770974
0.819555
0.785157
0.795996
0.79844
0.791458
0.783497
0.761854
0.829552
0.816735
0.783784
0.798371
0.818253
0.80206
0.817079
0.798932
0.803021
0.782266
0.780795
0.807457
0.819756
0.838531
0.765121
0.819735
0.841205
0.7579
0.849318
0.782025
0.810132
0.777877
0.805994
0.820982
0.78407
0.823573
0.824911
0.783949
0.805277
0.81175
0.821039
0.776299
0.842587
0.780813
0.843115
0.815917
0.800143
0.779287
0.754623
0.814594
0.834182
0.831901
0.800494
0.766943
0.830876
0.765454
0.811046
0.793013
0.814296
0.832988
0.813671
0.774593
0.801168
0.81153
0.792924
0.801595
0.811445
0.775207
0.814849
0.799617
0.767604
0.805011
0.830002
0.7859
0.778784
0.779559
0.773026
0.831154
0.823909
0.7853
0.778786
0.790711
0.79439
0.782425
0.814328
0.815056
0.775358
0.820345
0.755705
0.794462
0.799827
0.815331
0.801265
0.800775
0.752303
0.759147
0.772822
0.789164
0.794601
0.77952
0.818955
0.800843
0.809567
0.785026
0.820573
0.780025
0.802733
0.780962
0.772042
0.800425
0.818352
0.785549
0.764546
0.781823
0.807486
0.800325
0.800481
0.820218
0.785094
0.812224
0.802844
0.80395
0.784051
0.772376
0.80131
0.794474
0.766122
0.819604
0.811643
0.789811
0.831356
0.816984
0.793677
0.766908
0.815911
0.793852
0.816235
0.765007
0.829634
0.801034
0.819528
0.816133
0.785253
0.803016
0.792599
0.778405
0.823788
0.817364
0.825329
0.794518
0.792395
0.804265
0.818677
0.802337
0.819083
0.81009
0.800459
0.759653
0.758168
0.781854
0.786149
0.791098
0.776386
0.777852
0.795325
0.794753
0.787582
0.806031
0.791548
0.767703
0.80561
0.815449
0.794308
0.800593
0.816309
0.786446
0.76082
0.755401
0.815636
0.798692
0.753737
0.82027
0.780232
0.808294
0.798988
0.812495
0.782968
0.777077
0.814822
0.774824
0.798501
0.803141
0.796643
0.770615
0.824371
0.782476
0.755061
0.825201
0.774295
0.802092
0.808566
0.766212
0.81816
0.769099
0.784
0.785224
0.796477
0.815068
0.772241
0.775579
0.791292
0.796126
0.800303
0.795892
0.828986
0.795713
0.816734
0.809517
0.800483
0.803665
0.77354
0.81603
0.803486
0.788972
0.789754
0.80384
0.801589
0.81362
0.764662
0.818514
0.812777
0.809581
0.836122
0.777691
0.798011
0.792657
0.779161
0.773062
0.786718
0.774662
0.784589
0.816128
0.786956
0.764795
0.807683
0.80422
0.794041
0.794215
0.818853
0.81304
0.80378
0.779552
0.787214
0.778409
0.797415
0.813419
0.771955
0.793646
0.778128
0.769798
0.804992
0.792108
0.806661
0.793803
0.762388
0.816875
0.810254
0.787306
0.796383
0.765362
0.798844
0.803069
0.790708
0.764662
0.815178
0.820484
0.790117
0.777016
0.800115
0.787478
0.813806
0.751241
0.793476
0.770851
0.78207
0.797238
0.776138
0.809088
0.758039
0.797499
0.785119
0.746407
0.801362
0.764804
0.801931
0.778235
0.802959
0.750674
0.784142
0.794443
0.780718
0.780702
0.808598
0.795783
0.798415
0.784361
0.788701
0.790001
0.780219
0.765368
0.812953
0.754102
0.774843
0.777162
0.803181
0.802684
0.755458
0.789133
0.79767
0.741645
0.759265
0.759124
0.762493
0.77113
0.783545
0.791517
0.761623
0.801936
0.787486
0.800379
0.791457
0.74797
0.766065
0.784843
0.744433
0.750403
0.771312
0.779419
0.764881
0.762397
0.776457
0.751009
0.79627
0.77651
0.743207
0.787679
0.756084
0.745339
0.772036
0.787936
0.779349
0.762984
0.756784
0.788308
0.786055
0.777053
0.776729
0.781733
0.801098
0.770969
0.782435
0.802664
0.752823
0.779997
0.782031
0.782803
0.7873
0.798273
0.7746
0.804117
0.735397
0.742965
0.79051
0.799972
0.735848
0.780242
0.801876
0.762479
0.791012
0.792622
0.756707
0.752057
0.772234
0.754719
0.771206
0.750612
0.757025
0.777589
0.769979
0.728383
0.81495
0.754989
0.726526
0.728077
0.784648
0.775676
0.732191
0.749201
0.754124
0.750715
0.738439
0.76774
0.737721
0.759005
0.778123
0.778993
0.76838
0.784186
0.763978
0.764054
0.77042
0.789827
0.783392
0.779496
0.780353
0.766481
0.760273
0.764213
0.769199
0.789087
0.739429
0.750947
0.760948
0.772848
0.792691
0.748272
0.738668
0.763628
0.803056
0.780686
0.777841
0.796962
0.764794
0.797409
0.76742
0.780085
0.789769
0.766343
0.745911
0.761551
0.754475
0.748829
0.765488
0.766945
0.756878
0.762868
0.779028
0.768738
0.782261
0.763233
0.744588
0.762023
0.740215
0.804825
0.718811
0.726819
0.731759
0.759759
0.787796
0.79191
0.761667
0.772393
0.764359
0.775803
0.752648
0.776179
0.76446
0.736093
0.764018
0.73791
0.730071
0.735828
0.746552
0.726402
0.746431
0.775454
0.759254
0.734174
0.717483
0.715681
0.721438
0.76135
0.7789
0.768965
0.760873
0.759849
0.761208
0.736212
0.74201
0.771312
0.774053
0.733797
0.746554
0.716797
0.71029
0.720116
0.723772
0.756123
0.770325
0.739487
0.729846
0.756036
0.728242
0.721595
0.716574
0.778865
0.768107
0.767665
0.732049
0.752017
0.782319
0.778632
0.755749
0.731393
0.753609
0.746132
0.751765
0.748418
0.727664
0.74856
0.766417
0.73873
0.777261
0.747635
0.758283
0.74286
0.763861
0.728199
0.731461
0.718712
0.70646
0.722723
0.750878
0.769713
0.791833
0.744996
0.737707
0.714679
0.719345
0.716947
0.761415
0.763085
0.73914
0.749063
0.731305
0.72573
0.725729
0.769839
0.762153
0.75977
0.741807
0.743751
0.779773
0.751183
0.743666
0.757557
0.751908
0.753375
0.769815
0.732661
0.770305
0.759885
0.724606
0.702611
0.720853
0.723585
0.73667
0.782881
0.755857
0.754011
0.742996
0.717299
0.766979
0.744861
0.751413
0.730905
0.750583
0.783776
0.728638
0.780958
0.731919
0.758612
0.749863
0.737926
0.763701
0.736765
0.755236
0.69781
0.724412
0.725568
0.74617
0.73764
0.73985
0.741888
0.735559
0.755313
0.700806
0.713246
0.720027
0.695157
0.72555
0.741909
0.717937
0.759663
0.744118
0.740322
0.734325
0.723073
0.741444
0.774248
0.702893
0.696495
0.764745
0.743961
0.730227
0.717905
0.729286
0.738127
0.737312
0.762182
0.743943
0.74117
0.752436
0.742145
0.738127
0.761958
0.73736
0.742785
0.747409
0.753549
0.751709
0.766329
0.746006
0.740926
0.711655
0.72124
0.768207
0.724356
0.705601
0.73322
0.739254
0.722212
0.752731
0.771782
0.733812
0.728766
0.719429
0.714549
0.74322
0.755689
0.756491
0.769357
0.727297
0.726518
0.74503
0.750635
0.709439
0.721011
0.70741
0.700992
0.702799
0.692659
0.708764
0.713387
0.747747
0.743897
0.74823
0.734569
0.71133
0.729726
0.752527
0.732891
0.757077
0.748589
0.737363
0.738464
0.728872
0.689828
0.70931
0.712734
0.754186
0.765589
0.714578
0.703317
0.72512
0.767068
0.75469
0.723704
0.710077
0.733551
0.738151
0.736736
0.72674
0.750611
0.725688
0.724468
0.732133
0.737411
0.760688
0.728884
0.746599
0.713821
0.7585
0.740567
0.757286
0.751557
0.71294
0.738076
0.747533
0.745446
0.725873
0.732751
0.724572
0.724608
0.734963
0.735799
0.727112
0.712176
0.703926
0.716305
0.711237
0.724978
0.747757
0.739429
0.735573
0.724528
0.730483
0.726809
0.754148
0.758544
0.722456
0.763891
0.770103
0.757276
0.751829
0.75164
0.73778
0.722571
0.734997
0.716366
0.731164
0.73678
0.738089
0.714898
0.725091
0.745284
0.741908
0.720836
0.696337
0.720012
0.745648
0.73817
0.724436
0.723922
0.738737
0.744997
0.739007
0.717384
0.706176
0.751302
0.749712
0.724803
0.724459
0.708383
0.747721
0.72976
0.746052
0.745104
0.749247
0.717571
0.751295
0.761192
0.714321
0.74936
0.771687
0.748895
0.711076
0.705296
0.750493
0.731059
0.734161
0.743519
0.757991
0.774585
0.748905
0.744138
0.731474
0.73291
0.735081
0.739182
0.727141
0.71002
0.748775
0.7366
0.742413
0.728382
0.746128
0.717982
0.74012
0.747457
0.73363
0.73437
0.72447
0.748037
0.760456
0.734634
0.742395
0.744822
0.71859
0.737658
0.741444
0.727911
0.71927
0.736811
0.743305
0.747521
0.748047
0.702123
0.716069
0.700854
0.703347
0.695632
0.731667
0.735059
0.73467
0.718881
0.728196
0.723219
0.7388
0.752182
0.707976
0.717858
0.694359
0.704518
0.703233
0.705058
0.685851
0.717841
0.740523
0.737259
0.739797
0.717898
0.724167
0.734013
0.711735
0.742073
0.691931
0.708208
0.687733
0.702755
0.690024
0.684563
0.710163
0.722328
0.709413
0.726041
0.723944
0.748865
0.714579
0.713812
0.694803
0.761901
0.73679
0.70767
0.748135
0.70787
0.725118
0.708589
0.779172
0.739221
0.71208
0.733101
0.723753
0.739684
0.735991
0.69986
0.737339
0.72756
0.718592
0.736567
0.702399
0.733449
0.743745
0.732515
0.73891
0.723258
0.755602
0.729564
0.731738
0.725213
0.71292
0.732783
0.746991
0.730985
0.728565
0.739212
0.705875
0.721923
0.716155
0.720341
0.761789
0.713359
0.731175
0.717844
0.716734
0.722978
0.710581
0.734255
0.731254
0.721401
0.74621
0.709546
0.767954
0.749526
0.734167
0.790278
0.718763
0.736019
0.722561
0.738524
0.705128
0.723208
0.735929
0.688463
0.708213
0.700702
0.686695
0.708165
0.687681
0.70351
0.714697
0.750727
0.740563
0.729528
0.731843
0.7343
0.72447
0.756226
0.715728
0.752758
0.721806
0.746604
0.698684
0.69874
0.704437
0.695262
0.711032
0.736348
0.741578
0.738155
0.729481
0.733356
0.708154
0.75139
0.744356
0.757411
0.714296
0.749386
0.726884
0.716966
0.750403
0.723662
0.75513
0.713837
0.720581
0.735638
0.727397
0.745446
0.724249
0.736536
0.733768
0.730619
0.73547
0.715437
0.746185
0.716654
0.749333
0.718547
0.753988
0.726427
0.753969
0.73823
0.698782
0.730066
0.718684
0.739133
0.73624
0.738293
0.734384
0.72388
0.741607
0.717107
0.70869
0.695809
0.687977
0.697659
0.753612
0.724959
0.738197
0.719394
0.736453
0.737944
0.726376
0.744973
0.717428
0.740233
0.737562
0.721705
0.754383
0.7138
0.751642
0.740707
0.742937
0.727648
0.741766
0.710719
0.749607
0.71712
0.72276
0.727087
0.727483
0.7401
0.710332
0.732555
0.724184
0.734413
0.734294
0.723372
0.73999
0.711789
0.699331
0.720191
0.708502
0.71638
0.71757
0.715015
0.724389
0.719745
0.749835
0.689913
0.696232
0.708347
0.687731
0.704095
0.69833
0.740001
0.714225
0.733326
0.74892
0.737668
0.745004
0.728385
0.718387
0.732548
0.736883
0.68763
0.711736
0.691753
0.695377
0.706473
0.692635
0.693632
0.726608
0.74954
0.728665
0.729048
0.751198
0.732807
0.736292
0.745867
0.714449
0.701338
0.706557
0.705526
0.700793
0.690905
0.693584
0.711508
0.705888
0.713159
0.751022
0.713849
0.732142
0.737615
0.716978
0.76375
0.740846
0.712036
0.727027
0.751824
0.718557
0.707224
0.704224
0.766941
0.71881
0.745373
0.739702
0.709117
0.740492
0.741582
0.738552
0.702076
0.721654
0.71671
0.71299
0.716995
0.758825
0.729205
0.720321
0.745321
0.73189
0.705235
0.698026
0.70405
0.690535
0.740016
0.764064
0.710722
0.710964
0.743565
0.730167
0.707337
0.73801
0.729308
0.711385
0.704272
0.7081
0.723531
0.726661
0.705225
0.735314
0.729176
0.721787
0.757199
0.714901
0.724155
0.74458
0.73751
0.718859
0.730121
0.742108
0.72379
0.7136
0.70715
0.703999
0.701475
0.689407
0.685533
0.681286
0.69495
0.743178
0.715144
0.727086
0.739818
0.737773
0.71701
0.702501
0.706598
0.747133
0.728239
0.706422
0.73789
0.710552
0.680173
0.696026
0.706091
0.698075
0.7016
0.703008
0.74335
0.735211
0.736559
0.71963
0.744946
0.740027
0.717831
0.721173
0.740241
0.738958
0.710837
0.725234
0.761005
0.724892
0.721159
0.752388
0.730931
0.708045
0.71774
0.751271
0.723621
0.711395
0.729447
0.740807
0.712396
0.721562
0.745849
0.741203
0.748795
0.70917
0.723363
0.735497
0.71095
0.700967
0.727755
0.732869
0.724893
0.717618
0.739454
0.718623
0.702122
0.719702
0.73074
0.727237
0.703668
0.714892
0.703527
0.696368
0.692069
0.697355
0.684479
0.679198
0.724497
0.739482
0.73834
0.718138
0.732849
0.718736
0.705489
0.694224
0.715598
0.732581
0.718492
0.679508
0.68794
0.692772
0.691386
0.706058
0.699364
0.69621
0.739253
0.724162
0.746979
0.721966
0.734187
0.737987
0.719943
0.718858
0.745479
0.729204
0.71799
0.737981
0.730081
0.684777
0.690369
0.7008
0.698197
0.712043
0.716016
0.737098
0.730875
0.708386
0.720239
0.74359
0.721987
0.726781
0.731993
0.717507
0.715902
0.719198
0.744431
0.692388
0.694552
0.706757
0.694634
0.710994
0.733525
0.75281
0.696007
0.719215
0.739521
0.71529
0.726541
0.717894
0.69612
0.696974
0.686005
0.681787
0.689398
0.696508
0.701001
0.691632
0.685132
0.717618
0.722201
0.722939
0.712761
0.749427
0.717571
0.70465
0.743256
0.734
0.725619
0.723136
0.699857
0.701136
0.719364
0.730258
0.744633
0.730083
0.713491
0.713655
0.748579
0.747237
0.733392
0.735614
0.724073
0.712905
0.709063
0.699041
0.720644
0.735714
0.725755
0.690964
0.691791
0.688095
0.690731
0.7033
0.702631
0.699613
0.718444
0.743391
0.742597
0.730794
0.723267
0.692156
0.700799
0.701975
0.705158
0.720762
0.72617
0.71667
0.723249
0.72367
0.71387
0.739399
0.705989
0.695545
0.700775
0.714014
0.744973
0.729594
0.732722
0.706147
0.706645
0.695367
0.696455
0.712173
0.704487
0.72516
0.743661
0.748086
0.734392
0.729856
0.686287
0.691036
0.700293
0.691674
0.682996
0.736745
0.720423
0.69725
0.706522
0.740384
0.708872
0.734328
0.735973
0.729322
0.725816
0.709325
0.704392
0.706256
0.717167
0.725896
0.716163
0.718704
0.735479
0.726185
0.725051
0.717695
0.706821
0.703157
0.709096
0.72374
0.722681
0.72352
0.742312
0.729777
0.703674
0.719401
0.710917
0.693534
0.709353
0.709361
0.71559
0.730255
0.709362
0.713629
0.715023
0.694213
0.70136
0.707775
0.700408
0.698092
0.726118
0.731099
0.73064
0.749523
0.682952
0.684457
0.705967
0.686908
0.684677
0.690761
0.686339
0.685836
0.692854
0.702829
0.709273
0.722563
0.724875
0.723322
0.747837
0.743411
0.720881
0.713861
0.704703
0.686694
0.685728
0.685331
0.683559
0.689157
0.67751
0.674162
0.685668
0.684956
0.69663
0.706791
0.709944
0.707922
0.726706
0.715231
0.706712
0.700983
0.688194
0.68531
0.695373
0.692043
0.685843
0.697385
0.69147
0.691172
0.707305
0.715349
0.712114
0.732593
0.744248
0.751566
0.736609
0.704491
0.722943
0.744017
0.740862
0.731783
0.741924
0.735379
0.682948
0.691042
0.683305
0.679772
0.685025
0.679519
0.679932
0.682413
0.691866
0.716918
0.728141
0.707152
0.715202
0.713487
0.70695
0.717971
0.735836
0.740398
0.725264
0.714991
0.716348
0.711704
0.724776
0.729344
0.717407
0.704804
0.694501
0.674828
0.713797
0.719859
0.726078
0.747098
0.737838
0.725497
0.74967
0.720839
0.693638
0.711548
0.712364
0.72969
0.748624
0.725749
0.734041
0.69026
0.680859
0.682348
0.686332
0.708133
0.706565
0.732198
0.726155
0.731669
0.724322
0.707457
0.704955
0.723427
0.731513
0.737106
0.736422
0.735167
0.730811
0.709477
0.705469
0.696881
0.730267
0.718157
0.724656
0.729603
0.726982
0.743066
0.732759
0.714865
0.725245
0.733912
0.72686
0.692282
0.687603
0.697398
0.687038
0.717776
0.680842
0.674394
0.68234
0.675152
0.673886
0.700264
0.697668
0.706371
0.71445
0.718233
0.76755
0.736923
0.703947
0.699778
0.69953
0.708713
0.719723
0.702562
0.71192
0.681233
0.684966
0.67564
0.673537
0.680698
0.692171
0.69988
0.718291
0.734143
0.731557
0.726505
0.712843
0.705532
0.712083
0.714104
0.720584
0.732173
0.693044
0.688435
0.69734
0.691352
0.693582
0.702593
0.70026
0.690365
0.72761
0.710634
0.696001
0.706591
0.725095
0.697042
0.765993
0.728798
0.739253
0.736595
0.739179
0.730543
0.733633
0.724433
0.696492
0.716267
0.721125
0.723667
0.746579
0.722051
0.709002
0.711106
0.702465
0.706948
0.694253
0.695723
0.701877
0.716965
0.711746
0.692445
0.688427
0.69168
0.692855
0.693201
0.69067
0.681395
0.684782
0.683894
0.681815
0.711261
0.712566
0.730529
0.730271
0.738252
0.719007
0.721222
0.704582
0.707544
0.696455
0.684946
0.676663
0.686305
0.676833
0.67394
0.68488
0.676376
0.674807
0.682957
0.714625
0.737614
0.739983
0.720974
0.711431
0.717157
0.715533
0.705829
0.713667
0.692743
0.731283
0.691079
0.68629
0.684916
0.688802
0.691176
0.686055
0.700028
0.700758
0.702939
0.732739
0.722667
0.708218
0.716159
0.686346
0.684138
0.692283
0.694847
0.69497
0.716845
0.715893
0.710827
0.742076
0.748583
0.717477
0.726755
0.70633
0.703049
0.701642
0.698054
0.726013
0.734756
0.749389
0.717634
0.734111
0.71852
0.705957
0.720038
0.690281
0.677776
0.676361
0.674598
0.668843
0.677545
0.702734
0.713271
0.693286
0.695028
0.7142
0.723036
0.723849
0.709077
0.738191
0.727065
0.713192
0.716393
0.727326
0.714395
0.700527
0.671408
0.668047
0.67847
0.677359
0.677072
0.680472
0.677873
0.699147
0.726118
0.70488
0.707707
0.725761
0.710326
0.725358
0.729102
0.710909
0.705692
0.709573
0.703416
0.687555
0.697848
0.690477
0.680205
0.699217
0.701527
0.700845
0.754292
0.728693
0.693082
0.708862
0.704779
0.697145
0.706047
0.691856
0.701785
0.723609
0.726543
0.7109
0.719451
0.673387
0.720366
0.726296
0.717637
0.727743
0.740666
0.730036
0.7261
0.697841
0.724034
0.723034
0.740055
0.743581
0.721182
0.713437
0.701337
0.701255
0.707246
0.689576
0.668013
0.677079
0.67702
0.678658
0.67722
0.677123
0.691092
0.703151
0.697133
0.707315
0.735562
0.730261
0.731689
0.732072
0.730078
0.722647
0.715295
0.706784
0.702807
0.704361
0.708475
0.715946
0.718414
0.732274
0.688984
0.693004
0.680469
0.683215
0.729781
0.726808
0.732812
0.708328
0.69611
0.712258
0.722715
0.732198
0.707451
0.708749
0.690822
0.682503
0.692437
0.683738
0.678711
0.679747
0.672821
0.669391
0.681289
0.688355
0.700195
0.733104
0.73246
0.714919
0.741042
0.717703
0.755787
0.713253
0.711786
0.704372
0.72227
0.732443
0.727901
0.762071
0.700026
0.686169
0.707086
0.710315
0.705527
0.720115
0.728325
0.731595
0.73547
0.715283
0.700971
0.699355
0.707018
0.698091
0.716224
0.709634
0.712542
0.741929
0.732803
0.70796
0.683166
0.67311
0.667446
0.681654
0.690391
0.685685
0.706106
0.716578
0.728196
0.73228
0.710438
0.731298
0.730513
0.718725
0.719713
0.68439
0.688482
0.682624
0.694122
0.689211
0.686639
0.693541
0.679917
0.714315
0.711319
0.695363
0.704786
0.726934
0.722512
0.722674
0.733459
0.739771
0.717009
0.732409
0.712883
0.673626
0.675548
0.673795
0.668758
0.711728
0.712348
0.730052
0.726751
0.725757
0.701804
0.718691
0.731911
0.730848
0.72961
0.735232
0.716976
0.700764
0.693126
0.69222
0.697185
0.721722
0.721923
0.729761
0.715896
0.682791
0.714244
0.703197
0.719939
0.726244
0.733723
0.727961
0.725311
0.698317
0.713635
0.722432
0.723016
0.730376
0.723082
0.711025
0.714221
0.710627
0.711384
0.710148
0.706224
0.714721
0.72287
0.731212
0.723715
0.687038
0.707445
0.707124
0.707203
0.728102
0.714751
0.759178
0.733637
0.715494
0.682783
0.691879
0.693866
0.704518
0.717271
0.71661
0.703229
0.69514
0.704931
0.699518
0.713817
0.72527
0.726245
0.731635
0.719883
0.713749
0.734856
0.716369
0.711182
0.680079
0.675698
0.667366
0.676553
0.682394
0.674927
0.684193
0.685612
0.699477
0.718886
0.71402
0.721212
0.745888
0.729673
0.73587
0.71134
0.696939
0.71167
0.711662
0.690172
0.669155
0.67776
0.678054
0.670557
0.675207
0.670506
0.669096
0.679052
0.705259
0.725179
0.729586
0.721301
0.709331
0.705396
0.702653
0.700602
0.700868
0.707261
0.714749
0.689138
0.692031
0.691239
0.692329
0.693266
0.686703
0.686393
0.679157
0.693518
0.7023
0.708828
0.714189
0.697144
0.699413
0.711894
0.730851
0.738339
0.723952
0.71167
0.692699
0.702965
0.70425
0.726803
0.707112
0.694252
0.694276
0.686531
0.716269
0.737878
0.695104
0.686846
0.683603
0.681571
0.693081
0.705576
0.757582
0.724956
0.707595
0.706641
0.721857
0.727648
0.729063
0.741882
0.720166
0.721879
0.718594
0.707607
0.694524
0.706618
0.71421
0.72762
0.736419
0.719981
0.694549
0.695912
0.682459
0.693564
0.699943
0.706407
0.706511
0.730511
0.736352
0.718747
0.708011
0.699079
0.68858
0.699005
0.709308
0.722666
0.742305
0.742371
0.734772
0.704384
0.694253
0.695755
0.721413
0.717892
0.697044
0.71731
0.713153
0.721126
0.741345
0.702696
0.695954
0.695435
0.706877
0.70035
0.705475
0.700365
0.697657
0.69819
0.684072
0.670341
0.688315
0.680585
0.702664
0.714264
0.678261
0.680462
0.686297
0.680911
0.68577
0.680042
0.68497
0.676658
0.729345
0.725507
0.706209
0.700947
0.679059
0.67246
0.678857
0.680359
0.676183
0.690108
0.702873
0.691305
0.711637
0.709634
0.706177
0.706749
0.695774
0.684677
0.695292
0.699192
0.714018
0.709732
0.688044
0.687775
0.700516
0.696874
0.709195
0.728532
0.726899
0.712795
0.731512
0.676039
0.666381
0.680941
0.681495
0.677725
0.686307
0.684361
0.678069
0.721383
0.707672
0.707643
0.712488
0.697952
0.690386
0.689225
0.694187
0.685435
0.703106
0.707238
0.708229
0.677079
0.672913
0.670885
0.674308
0.675223
0.678984
0.685079
0.671924
0.687429
0.692125
0.707843
0.702492
0.722568
0.714123
0.691751
0.687095
0.677668
0.682738
0.699252
0.726179
0.724664
0.717005
0.719114
0.703725
0.7131
0.703939
0.696317
0.707961
0.690683
0.693321
0.713335
0.70509
0.697337
0.712103
0.711915
0.718646
0.721367
0.714904
0.687347
0.692377
0.701227
0.665375
0.680143
0.683169
0.678138
0.677934
0.669813
0.662104
0.67942
0.681377
0.689527
0.72214
0.722406
0.701826
0.709873
0.695337
0.697253
0.702066
0.709437
0.705708
0.70863
0.707186
0.691114
0.680952
0.685438
0.67197
0.682864
0.716258
0.718791
0.725474
0.72068
0.730738
0.709644
0.677715
0.68215
0.703844
0.707877
0.694886
0.722235
0.707901
0.701038
0.742506
0.715024
0.727088
0.719075
0.681211
0.67377
0.680509
0.66393
0.672076
0.683919
0.682049
0.668865
0.731811
0.697702
0.686139
0.696838
0.688225
0.697733
0.691021
0.688256
0.683424
0.706715
0.705208
0.703072
0.725672
0.694089
0.68205
0.686862
0.68459
0.687407
0.692399
0.69734
0.699525
0.710151
0.700598
0.697925
0.707894
0.7062
0.70701
0.708671
0.71933
0.718256
0.730221
0.717513
0.712876
0.686861
0.67166
0.664582
0.672532
0.672169
0.678562
0.681905
0.67821
0.668052
0.685264
0.702406
0.701906
0.730189
0.714137
0.720081
0.721232
0.719656
0.71044
0.712582
0.697003
0.699096
0.703131
0.692497
0.669382
0.68182
0.682683
0.676929
0.672142
0.666659
0.666262
0.696511
0.696371
0.693565
0.705996
0.697409
0.672477
0.681199
0.675703
0.694939
0.709731
0.697791
0.709643
0.722884
0.736519
0.719516
0.697352
0.715017
0.699682
0.698
0.707608
0.675803
0.693894
0.700741
0.715759
0.718086
0.72272
0.702213
0.702885
0.70442
0.701101
0.710696
0.689327
0.682404
0.708846
0.71072
0.70634
0.715098
0.692778
0.679319
0.700403
0.694554
0.68771
0.702151
0.714674
0.715581
0.715187
0.68966
0.687416
0.711126
0.715027
0.715095
0.730344
0.707725
0.688684
0.695437
0.691609
0.714246
0.734035
0.714236
0.706546
0.704329
0.694532
0.695086
0.705101
0.691094
0.713305
0.732736
0.73413
0.721034
0.724545
0.733027
0.727546
0.735538
0.727612
0.703565
0.708722
0.676812
0.664551
0.672976
0.684806
0.679348
0.675553
0.666993
0.684878
0.71693
0.708967
0.711075
0.728184
0.720685
0.721367
0.72684
0.716545
0.733732
0.755882
0.701866
0.694224
0.696359
0.701771
0.712303
0.730575
0.713528
0.718987
0.715898
0.709007
0.690043
0.693688
0.688497
0.692988
0.696335
0.701549
0.707009
0.719997
0.709104
0.693888
0.694389
0.708815
0.683499
0.691776
0.67568
0.685139
0.699443
0.700643
0.698535
0.708675
0.705673
0.683973
0.68095
0.697447
0.689281
0.697723
0.70909
0.704506
0.714154
0.710489
0.696847
0.718075
0.715944
0.728134
0.745421
0.722499
0.715413
0.715157
0.706166
0.669846
0.6631
0.660421
0.664577
0.677357
0.71111
0.717899
0.702637
0.680543
0.685801
0.693522
0.699475
0.704333
0.721546
0.713447
0.721916
0.723281
0.705996
0.69445
0.691453
0.671228
0.691963
0.71568
0.720173
0.705507
0.700013
0.721386
0.715518
0.717271
0.714927
0.718752
0.725609
0.720107
0.709249
0.720547
0.697383
0.690543
0.704291
0.679781
0.671098
0.684707
0.6941
0.709798
0.722967
0.729935
0.722095
0.732181
0.732191
0.718916
0.726842
0.707665
0.696572
0.714366
0.7155
0.682555
0.682424
0.672278
0.688279
0.703088
0.677326
0.67227
0.673391
0.659128
0.661319
0.675497
0.673235
0.674336
0.676128
0.668452
0.691295
0.697763
0.698892
0.703501
0.713093
0.705213
0.707166
0.715208
0.718666
0.699147
0.710955
0.700287
0.688124
0.69971
0.694268
0.658365
0.667557
0.676742
0.669989
0.67378
0.659047
0.678202
0.703612
0.715679
0.714658
0.722809
0.696095
0.699166
0.69839
0.677661
0.688326
0.712449
0.736732
0.726491
0.734273
0.730481
0.706074
0.701089
0.664456
0.65782
0.670677
0.676752
0.699683
0.72706
0.726467
0.701296
0.700454
0.690908
0.686097
0.692198
0.681407
0.692694
0.705595
0.713656
0.687849
0.679975
0.667641
0.657
0.670067
0.671505
0.683891
0.724266
0.722522
0.717325
0.724562
0.702965
0.686716
0.696213
0.684981
0.706072
0.715087
0.690593
0.699125
0.692008
0.716857
0.695284
0.690264
0.698317
0.687177
0.708336
0.698024
0.693209
0.677497
0.674624
0.688524
0.715059
0.694234
0.685318
0.690851
0.696546
0.726811
0.727565
0.727531
0.721878
0.725109
0.710178
0.688226
0.686218
0.6838
0.673708
0.668119
0.666859
0.667026
0.685177
0.67654
0.680715
0.700948
0.684737
0.71755
0.692761
0.685563
0.693184
0.695037
0.689655
0.687655
0.694527
0.711555
0.714137
0.690497
0.67115
0.66392
0.667588
0.669407
0.667417
0.684256
0.681358
0.675819
0.700458
0.680655
0.688663
0.709806
0.708633
0.721791
0.716773
0.698532
0.690095
0.687702
0.686955
0.697971
0.720665
0.720859
0.709912
0.710621
0.696854
0.679383
0.685395
0.684217
0.691347
0.707599
0.707422
0.687541
0.684324
0.682969
0.692375
0.698163
0.681717
0.680225
0.712436
0.714816
0.680502
0.67549
0.664117
0.657836
0.671996
0.675224
0.672221
0.666717
0.661685
0.6679
0.686083
0.713568
0.708472
0.716198
0.707732
0.669951
0.675727
0.678844
0.690336
0.682073
0.671956
0.675935
0.726938
0.711285
0.715229
0.718616
0.70192
0.675274
0.679436
0.712484
0.718345
0.734582
0.730495
0.697566
0.734276
0.692424
0.687819
0.694328
0.717858
0.709294
0.71956
0.718305
0.718343
0.711099
0.722409
0.721317
0.703678
0.667949
0.657798
0.659084
0.670552
0.66703
0.672108
0.671973
0.67689
0.67721
0.673437
0.686029
0.708997
0.716217
0.703017
0.707119
0.700647
0.690299
0.689489
0.680435
0.682388
0.695061
0.682752
0.687215
0.709297
0.697552
0.665059
0.667695
0.657505
0.690952
0.708
0.703411
0.711091
0.71576
0.69416
0.679587
0.687042
0.673366
0.678908
0.690245
0.716446
0.716992
0.717001
0.71213
0.716967
0.712455
0.710512
0.71871
0.712499
0.718134
0.695517
0.696778
0.683264
0.677102
0.700278
0.689047
0.695318
0.706691
0.711929
0.705506
0.71052
0.699115
0.674232
0.669536
0.656059
0.661027
0.670688
0.674856
0.673329
0.665311
0.653554
0.677112
0.690221
0.695009
0.710125
0.709583
0.705558
0.679727
0.690427
0.679373
0.681095
0.703984
0.703638
0.695224
0.698106
0.675435
0.674524
0.693784
0.68823
0.692226
0.709383
0.66274
0.658621
0.68167
0.684641
0.697397
0.716121
0.722712
0.701628
0.689795
0.685417
0.664639
0.66949
0.686781
0.694956
0.693218
0.693357
0.717088
0.710637
0.681165
0.656094
0.660733
0.673828
0.709319
0.715706
0.697009
0.690023
0.685012
0.685218
0.682962
0.706444
0.705459
0.703502
0.700982
0.691241
0.686664
0.689736
0.65516
0.664219
0.68053
0.673981
0.661592
0.659441
0.660823
0.668182
0.687383
0.699104
0.672516
0.68444
0.701771
0.689321
0.702183
0.704972
0.685192
0.684581
0.669616
0.720571
0.732835
0.727383
0.697526
0.701258
0.699142
0.692572
0.682327
0.689741
0.683121
0.675911
0.702686
0.697634
0.715814
0.710354
0.693603
0.687195
0.679063
0.686652
0.709685
0.710251
0.710989
0.74324
0.705142
0.684853
0.693665
0.681575
0.669495
0.692123
0.718353
0.716359
0.71306
0.70352
0.695213
0.698623
0.675631
0.674196
0.686318
0.690838
0.705607
0.709602
0.700835
0.706355
0.707801
0.697388
0.667642
0.691751
0.686899
0.700168
0.698573
0.703421
0.693986
0.682315
0.679667
0.690848
0.709412
0.700889
0.687457
0.69879
0.700395
0.713706
0.708959
0.704606
0.702681
0.703052
0.674713
0.679494
0.694779
0.692818
0.690732
0.691241
0.670692
0.672077
0.706002
0.701153
0.696285
0.710025
0.694333
0.690567
0.691865
0.682393
0.678476
0.693098
0.692526
0.704834
0.740474
0.723645
0.714367
0.722807
0.722412
0.72014
0.716855
0.693061
0.689709
0.700409
0.694129
0.685556
0.68046
0.698115
0.673757
0.705961
0.722726
0.721264
0.72895
0.703183
0.696962
0.696668
0.678339
0.676383
0.679066
0.694683
0.688564
0.713406
0.686631
0.680472
0.695841
0.688954
0.677904
0.691634
0.682386
0.685593
0.704055
0.704417
0.702129
0.700756
0.680854
0.685695
0.711535
0.719458
0.714974
0.713751
0.682809
0.669961
0.678906
0.691656
0.696091
0.70129
0.71122
0.721949
0.70057
0.686914
0.671786
0.705379
0.713124
0.71209
0.706762
0.703469
0.704278
0.71015
0.712445
0.673342
0.664616
0.673231
0.670257
0.666094
0.656492
0.658703
0.672778
0.662928
0.652023
0.684595
0.697357
0.697146
0.716385
0.701293
0.680102
0.677348
0.685622
0.683727
0.691351
0.699289
0.690608
0.685606
0.663435
0.647734
0.662523
0.668999
0.663731
0.668925
0.653846
0.646209
0.676141
0.684423
0.699787
0.694292
0.661541
0.658966
0.700078
0.702278
0.704023
0.70877
0.705209
0.708999
0.695985
0.686563
0.67741
0.689667
0.673393
0.679447
0.703383
0.706142
0.696013
0.703527
0.686817
0.670891
0.66502
0.665995
0.686233
0.700138
0.705064
0.687478
0.680067
0.672904
0.674485
0.685942
0.684947
0.67098
0.671394
0.687479
0.69969
0.70537
0.69838
0.644755
0.65705
0.688572
0.707031
0.701369
0.668537
0.676952
0.687186
0.682682
0.677975
0.700229
0.706108
0.699131
0.713887
0.692573
0.671585
0.674431
0.694799
0.699618
0.70351
0.667953
0.675732
0.668736
0.667702
0.670311
0.680237
0.69216
0.693071
0.719103
0.700328
0.666546
0.691327
0.727678
0.74409
0.704238
0.710547
0.692143
0.714969
0.718441
0.684033
0.682745
0.68512
0.684034
0.711958
0.705011
0.704424
0.698284
0.674002
0.666202
0.675548
0.695198
0.702713
0.701516
0.706706
0.690575
0.696004
0.689523
0.688233
0.708414
0.681467
0.672667
0.658409
0.667276
0.66421
0.708059
0.705426
0.697706
0.698027
0.674744
0.67662
0.692983
0.704994
0.694458
0.702052
0.710236
0.694598
0.68484
0.676435
0.648257
0.665599
0.664636
0.659647
0.658154
0.646997
0.656147
0.671894
0.661224
0.654913
0.692695
0.676948
0.6927
0.709792
0.699813
0.70817
0.705121
0.68028
0.669857
0.67432
0.675702
0.653783
0.668195
0.651378
0.64701
0.661712
0.663102
0.664323
0.668297
0.653275
0.646598
0.659464
0.69118
0.692256
0.722346
0.700978
0.702584
0.672276
0.688982
0.693725
0.709634
0.697916
0.701383
0.669822
0.650211
0.644915
0.66105
0.668046
0.65914
0.652704
0.661287
0.662523
0.670765
0.66621
0.665453
0.691185
0.68693
0.678666
0.682755
0.675865
0.669044
0.70297
0.713425
0.689638
0.688655
0.672874
0.68793
0.700785
0.697617
0.687797
0.682855
0.666583
0.667735
0.680711
0.703143
0.684588
0.695319
0.701236
0.691962
0.685941
0.674054
0.694198
0.693715
0.683529
0.690781
0.679858
0.688237
0.686155
0.725742
0.712506
0.704228
0.69755
0.683351
0.675766
0.686705
0.698338
0.698011
0.709547
0.723743
0.685402
0.67351
0.670844
0.678427
0.690918
0.72476
0.708535
0.697401
0.675284
0.676167
0.682225
0.718114
0.70351
0.716007
0.709598
0.669498
0.653267
0.654505
0.672469
0.706198
0.684572
0.674115
0.670835
0.682248
0.673606
0.707063
0.706004
0.680346
0.667731
0.692178
0.692123
0.707113
0.69931
0.690671
0.677675
0.675677
0.699495
0.707586
0.713477
0.706129
0.700322
0.697667
0.664897
0.668442
0.68097
0.685721
0.687854
0.669008
0.655699
0.678925
0.680931
0.698359
0.687074
0.668436
0.647322
0.66353
0.66564
0.662439
0.665518
0.649868
0.653802
0.662026
0.686589
0.66709
0.669745
0.683119
0.674493
0.696654
0.687679
0.65845
0.673492
0.683483
0.679431
0.666502
0.659197
0.648612
0.650876
0.661574
0.655916
0.654246
0.644254
0.648927
0.656439
0.653772
0.658837
0.673113
0.682109
0.685398
0.679488
0.667715
0.658027
0.696912
0.714421
0.697776
0.71247
0.716731
0.705363
0.698591
0.685163
0.668256
0.674789
0.67021
0.681164
0.713572
0.698433
0.684067
0.667208
0.677539
0.683414
0.69051
0.696438
0.697357
0.667866
0.680609
0.703931
0.688051
0.677229
0.668172
0.696767
0.673036
0.669273
0.680273
0.678096
0.698624
0.700289
0.69619
0.673224
0.663608
0.666107
0.67034
0.678452
0.675156
0.704003
0.70427
0.684086
0.670963
0.670498
0.667795
0.648143
0.659013
0.657599
0.649333
0.648097
0.649757
0.649533
0.65992
0.644123
0.641926
0.663002
0.685166
0.676837
0.674524
0.665084
0.649884
0.66739
0.689574
0.694665
0.678875
0.656944
0.653984
0.687547
0.708088
0.691575
0.688804
0.666322
0.685162
0.704424
0.684831
0.69431
0.696426
0.690284
0.673496
0.673143
0.660506
0.669251
0.691133
0.676234
0.699017
0.705981
0.691773
0.678149
0.681636
0.675959
0.700471
0.706062
0.694191
0.681787
0.685428
0.666591
0.685276
0.689811
0.701294
0.669961
0.677352
0.670059
0.671926
0.691331
0.705931
0.679561
0.660119
0.679528
0.684455
0.713322
0.714454
0.727248
0.710106
0.696398
0.687677
0.673486
0.672437
0.677494
0.703445
0.699185
0.683441
0.687534
0.674227
0.667955
0.689871
0.686649
0.691546
0.706696
0.705939
0.676031
0.671777
0.664034
0.673083
0.690109
0.689803
0.651015
0.650375
0.645081
0.653374
0.666059
0.660919
0.645964
0.668143
0.679812
0.694751
0.69934
0.70373
0.677221
0.684633
0.66724
0.67706
0.678397
0.684288
0.686273
0.691556
0.672188
0.667162
0.676157
0.674305
0.653996
0.65608
0.646684
0.654435
0.68543
0.699659
0.683583
0.671142
0.688213
0.694074
0.723319
0.69976
0.67809
0.671151
0.675075
0.653463
0.666094
0.65313
0.641576
0.648669
0.65627
0.66254
0.662231
0.644653
0.643728
0.667178
0.688122
0.682442
0.689996
0.664435
0.66966
0.689966
0.687487
0.688854
0.702374
0.685666
0.671575
0.680611
0.672402
0.648408
0.656392
0.659926
0.659947
0.665202
0.656211
0.641212
0.650916
0.66016
0.689288
0.700579
0.718284
0.688607
0.687698
0.675279
0.661283
0.672494
0.66147
0.674701
0.676059
0.690734
0.668902
0.684371
0.684675
0.696114
0.706062
0.700911
0.695781
0.709238
0.705041
0.666187
0.666147
0.683041
0.705067
0.696563
0.69323
0.679076
0.674988
0.668251
0.671183
0.681649
0.68845
0.686883
0.68201
0.668379
0.689444
0.708338
0.687379
0.68106
0.671922
0.672313
0.675872
0.680661
0.691496
0.693364
0.7109
0.697237
0.707054
0.677726
0.664624
0.67111
0.707308
0.697397
0.690345
0.677057
0.665269
0.676005
0.708497
0.682061
0.682248
0.678506
0.670237
0.670644
0.71176
0.701904
0.686929
0.690456
0.675322
0.664891
0.70572
0.68497
0.677437
0.672053
0.663241
0.667302
0.678431
0.68944
0.703654
0.706587
0.707021
0.688725
0.687398
0.644424
0.645653
0.660364
0.71845
0.68721
0.673649
0.657909
0.653949
0.697474
0.698321
0.718545
0.701015
0.706217
0.696102
0.687607
0.669355
0.67049
0.657365
0.659406
0.640717
0.649047
0.651058
0.650345
0.650471
0.63875
0.66404
0.668333
0.674643
0.656758
0.650995
0.656315
0.661497
0.675381
0.667576
0.656118
0.653731
0.660829
0.675097
0.688854
0.665157
0.661027
0.675796
0.674802
0.687149
0.681047
0.660337
0.653002
0.67165
0.685224
0.678765
0.699454
0.677748
0.664283
0.661663
0.669854
0.671057
0.681995
0.683002
0.659224
0.671656
0.674138
0.682203
0.684076
0.654498
0.665738
0.679188
0.696716
0.688438
0.689184
0.670744
0.670979
0.673825
0.667107
0.648324
0.681814
0.684244
0.678896
0.68208
0.669303
0.680222
0.68096
0.666421
0.663166
0.681526
0.697079
0.688522
0.690252
0.672083
0.66281
0.675447
0.685981
0.674571
0.680761
0.695892
0.674279
0.673425
0.656836
0.664856
0.688137
0.688154
0.682403
0.695632
0.685718
0.65068
0.660318
0.670818
0.690041
0.719836
0.709697
0.703978
0.680706
0.655736
0.659372
0.699995
0.698297
0.679593
0.67605
0.666929
0.681333
0.683997
0.68608
0.704569
0.689213
0.663271
0.659886
0.66221
0.693267
0.700042
0.673175
0.657045
0.664565
0.686488
0.699922
0.675615
0.68559
0.667206
0.652731
0.666599
0.678339
0.667448
0.683846
0.677881
0.686257
0.68509
0.661865
0.661745
0.674097
0.67778
0.695284
0.678491
0.669156
0.660354
0.664141
0.676747
0.678313
0.697028
0.690613
0.661585
0.656493
0.651212
0.658302
0.675339
0.674189
0.660962
0.652617
0.662482
0.68832
0.695261
0.69056
0.67657
0.669574
0.656087
0.659607
0.677068
0.672633
0.666508
0.672808
0.655329
0.662044
0.682101
0.688871
0.681403
0.685671
0.677663
0.650046
0.665497
0.687024
0.682397
0.715423
0.706182
0.689259
0.665422
0.662177
0.667707
0.69497
0.689639
0.675554
0.67229
0.665725
0.679994
0.690938
0.684212
0.665169
0.662431
0.662305
0.674637
0.687199
0.679043
0.65849
0.664737
0.665496
0.670943
0.68505
0.673262
0.646749
0.669774
0.669011
0.676856
0.662468
0.649628
0.657734
0.667384
0.696584
0.700149
0.679889
0.683135
0.658945
0.670597
0.701783
0.683878
0.705542
0.686645
0.675647
0.678903
0.675179
0.689917
0.667584
0.679094
0.6771
0.666659
0.671693
0.665191
0.706257
0.680872
0.68894
0.703977
0.706717
0.679097
0.663695
0.654177
0.661104
0.670459
0.672644
0.659567
0.66637
0.677095
0.688372
0.681718
0.681178
0.674115
0.690155
0.693225
0.685429
0.684948
0.682595
0.684333
0.687928
0.666656
0.658902
0.665642
0.678874
0.731721
0.692606
