373.414
146.23
153.413
101.251
95.6877
89.7524
34.5184
41.6375
45.7683
75.6693
71.8217
81.1831
81.2168
82.3018
81.6912
80.102
78.7562
78.9174
76.6127
75.1002
73.538
71.094
70.0233
68.2543
66.466
63.8925
62.0986
59.4973
58.3696
56.222
54.0201
53.8287
51.252
51.6191
49.1874
49.1796
47.4823
47.332
46.523
46.3696
45.4821
45.995
44.2932
44.2342
43.2602
42.6152
42.3597
41.9449
41.0921
40.7653
40.381
38.052
40.4349
35.5386
39.2918
36.6799
36.711
36.7201
36.4364
35.502
35.5615
35.2686
34.591
20.8173
51.0724
21.1288
15.9999
58.5188
20.6862
15.0956
53.5324
21.149
15.3876
52.4651
20.908
14.8412
48.9336
21.0474
14.935
48.2202
17.409
14.3155
50.4097
9.53048
16.0458
52.926
9.86785
15.8483
47.1235
9.96486
15.6199
50.1816
9.85556
15.7428
45.4607
9.7432
15.9938
46.4678
10.0203
15.7284
44.5462
9.75178
15.7159
45.0767
9.9104
15.5088
43.0318
9.57476
15.8111
43.5745
9.83323
15.8072
43.2252
9.83418
15.8843
42.7359
9.48982
15.8869
43.3714
9.86965
15.8344
43.4831
9.4495
15.7126
43.1845
9.84904
15.9301
42.6718
9.57777
15.8677
43.1615
9.86099
15.7524
43.8185
9.93266
15.9208
44.045
9.98111
15.7625
43.6304
9.90551
15.7432
44.0393
9.92395
15.8682
44.6963
10.197
16.089
45.1181
10.0074
16.2496
45.4164
9.8989
15.9455
46.4051
10.333
16.0772
46.6853
10.2669
16.0877
47.1313
10.0247
16.3397
48.0899
10.4369
16.7028
48.4542
10.5644
16.2628
48.817
10.4099
16.6559
49.8697
10.5523
16.9288
50.6471
10.1637
16.7883
51.212
18.1334
10.2949
52.373
18.3108
11.1244
53.7776
18.4842
11.5312
53.6319
18.5743
11.81
54.6892
18.6043
12.0331
53.9047
18.9568
12.1884
55.0482
18.6343
12.3668
55.2374
19.0504
12.5067
56.084
22.4593
12.086
55.2354
22.8988
12.2378
56.2289
22.4789
12.1687
55.7444
22.1056
12.2432
55.8843
22.7487
17.1537
52.2225
22.4888
17.6077
53.5623
22.5636
17.368
52.9754
22.8155
17.6935
54.2583
22.9505
17.5006
54.5001
22.7243
17.7476
54.59
22.7873
18.1379
53.67
22.904
17.6452
54.458
23.0512
17.9764
53.5808
22.8585
18.1049
54.0049
22.8599
17.8388
53.7169
22.9351
18.1135
53.472
22.4792
17.933
53.6835
23.2556
18.1745
52.7541
23.0626
17.7643
52.8052
22.6843
18.0539
52.0714
22.6675
17.8321
51.7885
23.2018
17.6002
51.1437
22.6155
18.0454
50.8798
22.8903
17.9412
49.3595
23.0558
17.7584
49.5463
22.701
17.7028
48.7733
19.9749
17.7884
49.6014
19.5696
17.1688
48.5962
19.5131
17.239
47.7664
19.8414
17.2022
46.6888
19.6095
17.1859
45.8456
19.7371
16.7309
44.7682
19.7494
13.2539
47.3711
19.3853
13.1215
45.7945
19.2046
12.9525
18.0775
49.0319
19.4114
12.8564
12.5395
50.6042
19.0193
12.6831
11.9832
49.1629
10.844
17.1534
13.0091
46.922
10.9699
17.3318
12.3146
45.1828
10.6122
17.0042
11.9751
11.1915
50.3634
11.001
16.3452
10.619
10.0999
49.1443
10.7101
15.7936
10.4476
9.73994
46.1347
10.4163
15.9149
10.605
9.18832
43.7104
10.117
15.7091
10.389
9.33746
15.8116
41.3302
9.40111
15.7035
10.137
8.95929
9.82683
8.8433
47.5376
10.0614
7.60673
14.458
10.5093
8.64372
8.81418
8.42944
46.5375
6.5499
8.16085
13.9709
7.30488
9.59506
9.2959
7.71389
43.2687
6.52625
7.63839
13.4378
6.8774
6.78954
8.5778
8.34661
7.31921
43.0027
5.96643
7.75497
12.3948
5.98263
6.66681
7.45999
8.02092
7.08028
7.36859
40.4157
5.24541
7.57187
6.0309
6.79186
5.9574
6.42939
6.83422
7.0551
6.99442
6.95194
38.8307
4.19455
8.10848
4.69794
7.1039
5.50698
5.81435
6.26012
6.51613
6.70651
6.69623
6.60842
6.51774
35.5699
1.83972
8.89788
3.26076
6.89384
5.42678
5.06447
5.44967
5.62143
5.6422
5.98401
6.0233
5.77516
5.83568
5.78504
31.1738
2.10186
6.40273
4.38688
4.70126
5.62166
5.09378
4.59997
4.43133
4.70283
5.2622
5.3543
5.14227
5.24697
5.26989
5.0026
4.85113
4.92357
4.93871
26.874
2.3266
4.50584
4.51415
3.88511
4.32937
4.70097
4.54033
4.03408
3.88039
4.02512
4.2794
4.42582
4.56352
4.51694
4.51758
4.51588
4.42222
4.44789
4.34779
4.07853
4.16962
4.22314
4.12882
3.96679
3.94572
3.80833
3.87914
23.3635
2.80947
1.64599
4.15752
3.87278
3.22449
3.40687
3.92807
3.90029
3.65799
3.32036
3.1705
3.20246
3.11978
3.26067
3.3833
3.50624
3.57848
3.50905
3.53299
3.48412
3.45965
3.4961
3.43064
3.34682
3.39857
3.21287
3.31853
3.19668
3.27617
3.1945
3.02586
3.03534
3.03256
3.18169
3.02873
3.07253
3.00461
3.01182
3.0578
2.9437
2.92959
2.9318
2.90755
2.75422
2.71302
17.3189
3.74381
1.6962
1.62811
1.56048
3.27769
2.96712
2.43243
2.29298
2.45639
2.54348
2.98485
2.94216
2.87585
2.64238
2.48758
2.37355
2.28646
2.33593
2.35183
2.40369
2.30486
2.40758
2.45071
2.37397
2.38907
2.37995
2.44464
2.48323
2.50248
2.3415
2.50507
2.41854
2.37238
2.29711
2.36853
2.49908
2.41738
2.38877
2.4039
2.36869
2.44961
2.31857
2.25506
2.32404
2.3312
2.30549
2.23541
2.18692
2.24937
2.20896
2.23045
2.20273
2.24569
2.25338
2.15771
2.21943
2.10022
2.07168
2.06301
2.05897
1.99382
2.13388
2.09156
2.13398
2.18627
2.0619
2.01365
1.9091
1.98081
2.04484
2.00062
2.05788
1.95396
1.925
2.00872
11.9787
5.588
2.39945
1.73131
1.65707
1.57287
1.60563
1.49429
1.4926
1.51294
2.25383
2.25083
2.00613
1.80982
1.76089
1.83666
1.76549
1.73146
1.8373
1.89608
1.9928
2.08139
2.00308
2.00195
1.88151
1.84562
1.84849
1.81172
1.73601
1.72252
1.73111
1.76058
1.74098
1.69273
1.73879
1.75255
1.65581
1.7357
1.74238
1.73041
1.76633
1.64836
1.67141
1.78365
1.72897
1.73531
1.79092
1.71429
1.8312
1.75225
1.69735
1.73928
1.66493
1.71622
1.67425
1.74063
1.6824
1.71644
1.8118
1.71579
1.72495
1.72345
1.71987
1.76091
1.64874
1.56948
1.71478
1.75851
1.74957
1.68737
1.61254
1.68881
1.64473
1.75426
1.65373
1.73385
1.63756
1.63711
1.67143
1.76006
1.64216
1.66869
1.6587
1.65144
1.68995
1.66717
1.66013
1.64675
1.53927
1.61956
1.66915
1.53509
1.59717
1.62308
1.53459
1.60224
1.55178
1.57573
1.63415
1.5607
1.53539
1.53424
1.64423
1.57132
1.57363
1.58947
1.59972
1.55915
1.55958
1.56993
1.50692
1.50021
1.49142
1.4783
1.41379
1.48303
1.54282
1.52758
1.5907
1.6582
7.34753
5.95393
3.35894
2.0134
1.73505
1.6365
1.58326
1.55976
1.48747
1.50472
1.49287
1.40513
1.42563
1.4282
1.40699
1.41332
1.35852
1.35809
1.37431
1.41569
1.40245
1.37348
1.36774
1.38294
1.46502
1.46168
1.54581
1.48535
1.55765
1.48142
1.4905
1.47905
1.51524
1.47143
1.46943
1.42769
1.49575
1.48382
1.57149
1.47965
1.41228
1.44129
1.48264
1.47885
1.4543
1.42496
1.40284
1.48502
1.39986
1.38137
1.36255
1.36866
1.34177
1.34146
1.3375
1.43427
1.49342
1.40171
1.49832
1.48403
1.41761
1.49538
1.52921
1.44434
1.49872
1.42758
1.50449
1.41601
1.47784
1.39818
1.47844
1.3963
1.49226
1.39693
1.40718
1.48802
1.38965
1.3667
1.46585
1.41362
1.38599
1.43688
1.32832
1.36315
1.41107
1.38418
1.45269
1.38755
1.40068
1.39723
1.38245
1.36716
1.36367
1.39741
1.39342
1.36004
1.37746
1.36576
1.42891
1.41142
1.39156
1.39357
1.40138
1.38976
1.41144
1.39821
1.36726
1.42046
1.44156
1.39342
1.34771
1.3374
1.39211
1.37368
1.40113
1.40205
1.41883
1.41663
1.40328
1.40244
1.41182
1.41673
1.41253
1.32783
1.36949
1.36468
1.32432
1.38527
1.39822
1.32875
1.41446
1.28579
1.41527
1.31298
1.37416
1.31994
1.41393
1.31721
1.42819
1.30184
1.38345
1.3147
1.32423
1.41431
1.31139
1.32056
1.38423
1.29999
1.33059
1.41791
1.31532
1.26509
1.26937
1.25208
1.33812
1.24921
1.28059
1.32703
1.30634
1.29653
1.39522
1.29301
1.31972
1.33574
1.2851
1.27432
1.24147
1.25329
1.26279
1.25775
1.24165
1.27051
1.32283
1.32332
1.31181
1.29956
1.30719
1.29916
1.29569
1.30898
1.24548
1.25609
1.24474
1.25716
1.24822
1.23342
1.26734
1.27129
1.27641
1.28086
1.30458
1.32862
1.2838
1.27966
1.25669
1.33426
1.30976
1.28972
1.31222
1.28129
1.30226
1.28287
1.35159
1.31711
1.3063
1.31301
1.30198
1.33244
1.30834
1.26717
1.29668
1.32454
1.30401
1.29854
1.2751
1.29697
1.31361
1.32675
1.29038
1.31146
1.33631
1.30466
1.32681
1.32859
1.26904
1.30127
1.32871
1.30274
1.31669
1.32497
1.2645
1.30299
1.27664
1.29581
1.33041
1.28061
1.30676
1.28452
1.30243
1.28089
1.27885
1.31758
1.30207
1.30045
1.3188
1.28145
1.32807
1.33283
1.34164
1.37713
1.30171
1.3257
1.29184
1.30628
1.27185
1.29016
1.29103
1.24704
1.25472
1.24927
1.23472
1.26612
1.23775
1.2605
1.26403
1.34037
1.23577
1.22846
1.22775
1.22965
1.22276
1.25117
1.21981
1.25477
1.2181
1.24398
1.17538
1.17076
1.17931
1.16915
1.18335
1.23272
1.23574
1.24275
1.22609
1.23235
1.19934
1.24184
1.22763
1.25866
1.21462
1.24657
1.2229
1.21114
1.24164
1.23131
1.24557
1.21191
1.21337
1.23942
1.22248
1.23495
1.21965
1.22983
1.22189
1.22621
1.2438
1.20684
1.23418
1.21198
1.24699
1.21185
1.24604
1.22308
1.25221
1.25014
1.18239
1.20999
1.19818
1.22567
1.22112
1.23882
1.22446
1.21607
1.24539
1.2141
1.21459
1.17278
1.16013
1.17072
1.25323
1.21539
1.23255
1.22439
1.23602
1.23074
1.22357
1.24084
1.22456
1.24167
1.23196
1.22328
1.25689
1.21209
1.25371
1.23963
1.23774
1.22627
1.24446
1.20632
1.24246
1.2107
1.21473
1.21987
1.22491
1.21916
1.20484
1.22049
1.21825
1.23034
1.22296
1.22182
1.23017
1.21094
1.18016
1.20637
1.19153
1.19766
1.19948
1.19754
1.21236
1.22274
1.25669
1.16299
1.16828
1.18457
1.1625
1.17694
1.17386
1.21546
1.21343
1.22357
1.24049
1.23627
1.25005
1.22244
1.25608
1.22667
1.24233
1.1732
1.18797
1.16687
1.09217
1.18376
1.08788
1.16588
1.1349
1.15148
1.14883
1.14918
1.1592
1.14188
1.16023
1.18315
1.14045
1.10205
1.09221
1.09738
1.09518
1.09171
1.09247
1.10364
1.09623
1.09248
1.15938
1.13113
1.14967
1.14867
1.1297
1.17458
1.1594
1.12898
1.13895
1.14966
1.12742
1.11751
1.09145
1.15398
1.1394
1.17895
1.15063
1.13016
1.15741
1.15212
1.15639
1.12094
1.12721
1.12001
1.11718
1.12208
1.17175
1.15012
1.13902
1.15668
1.14062
1.12474
1.08801
1.09697
1.08508
1.15662
1.17405
1.12745
1.12606
1.15539
1.14213
1.12712
1.15738
1.14648
1.12029
1.11705
1.11591
1.12206
1.13139
1.12086
1.14209
1.17182
1.14501
1.16692
1.13539
1.14028
1.1494
1.15261
1.14305
1.14227
1.15396
1.12862
1.1341
1.10942
1.09568
1.08689
1.0861
1.08434
1.07848
1.09346
1.13999
1.12531
1.15468
1.16
1.13278
1.14352
1.11947
1.11821
1.15507
1.13226
1.12695
1.15068
1.12223
1.08021
1.09207
1.09568
1.08892
1.09214
1.12013
1.15722
1.13385
1.15063
1.14238
1.15323
1.15391
1.14184
1.13674
1.15302
1.15031
1.1311
1.14269
1.1617
1.14341
1.14131
1.16843
1.12349
1.11173
1.13812
1.1647
1.13856
1.13311
1.13756
1.14076
1.11985
1.13407
1.14701
1.14451
1.14647
1.13408
1.13733
1.14615
1.12228
1.12018
1.14198
1.14314
1.13823
1.13801
1.15547
1.12981
1.11849
1.13402
1.1447
1.13968
1.12267
1.13512
1.09416
1.08601
1.08483
1.08983
1.08321
1.07686
1.13816
1.14885
1.13549
1.14107
1.14669
1.11291
1.10802
1.10103
1.11971
1.134
1.11507
1.07849
1.08526
1.08737
1.0796
1.0977
1.08849
1.08444
1.16438
1.13975
1.16194
1.14711
1.15372
1.15746
1.14441
1.13191
1.16106
1.14346
1.13569
1.14717
1.14491
1.09128
1.08811
1.091
1.09296
1.1022
1.13276
1.1415
1.13333
1.12608
1.13068
1.15232
1.14251
1.14471
1.14035
1.13067
1.13318
1.11819
1.1564
1.11384
1.08974
1.10007
1.08641
1.1094
1.13992
1.15076
1.11485
1.13771
1.14299
1.12773
1.14145
1.12067
1.10724
1.08997
1.08261
1.07895
1.08359
1.08983
1.09483
1.08798
1.08387
1.11142
1.12277
1.13834
1.13289
1.15948
1.11074
1.10333
1.15309
1.0683
1.12891
1.04651
1.11254
1.04142
1.13885
1.06481
1.14861
1.06139
1.13382
1.04321
1.15781
1.05928
1.04616
1.15135
1.06285
1.05733
1.04999
1.03413
1.06657
1.07373
1.05387
1.00616
1.00514
1.00854
1.00493
1.01479
1.00986
1.01042
1.02936
1.06086
1.06018
1.06638
1.05442
1.03204
1.0319
1.02874
1.02328
1.03536
1.03647
1.03184
1.03562
1.03623
1.02511
1.0616
1.02431
1.00454
1.01194
1.01852
1.0871
1.05569
1.05356
1.03786
1.03314
1.0292
1.02905
1.03628
1.01905
1.05023
1.07296
1.06978
1.06128
1.06506
1.02855
1.00958
1.01315
1.00545
0.996069
1.04848
1.04529
1.03803
1.05159
1.08599
1.02242
1.04898
1.05798
1.04921
1.05809
1.06429
1.04088
1.03969
1.05143
1.04371
1.02611
1.04732
1.05943
1.04905
1.04984
1.04297
1.0575
1.04206
1.05041
1.05226
1.04287
1.0439
1.05999
1.08027
1.05363
1.06552
1.05185
1.02375
1.04202
1.03014
1.03235
1.04612
1.02939
1.03555
1.0477
1.03588
1.04388
1.04228
1.02591
1.02247
1.04321
1.04649
1.0452
1.08073
1.0059
1.00049
1.00918
0.998328
0.994205
1.00587
1.00017
1.00052
1.00715
1.03396
1.03808
1.06056
1.05997
1.05185
1.07427
1.05889
1.05448
1.06705
1.042
1.02239
1.00663
1.00344
0.999032
1.00176
0.991816
0.99592
1.0075
1.00417
1.0308
1.04786
1.05184
1.0485
1.05995
1.03703
1.01929
1.01217
1.00853
1.01557
1.03719
1.02564
1.01873
1.02976
1.02065
1.02506
1.03726
1.03731
1.03083
1.04848
1.06235
1.07311
1.08613
1.05048
1.06945
1.07587
1.06112
1.0573
1.06384
1.05774
1.01516
1.01135
1.00459
1.00398
1.00938
1.00172
1.00259
1.00618
1.01085
1.04183
1.05287
1.04311
1.04844
1.05302
1.05453
1.04655
1.05501
1.08898
1.06058
1.05693
1.06117
1.044
1.05931
1.04545
1.03782
1.03522
1.02899
1.00507
1.05569
1.04741
1.04753
1.06902
1.0532
1.04333
1.07154
1.05394
1.04694
1.05871
1.0593
1.06668
1.07414
1.0533
1.05762
1.0134
0.999033
1.0021
1.01144
1.04683
1.03535
1.05758
1.03883
1.05229
1.05979
1.05256
1.05006
1.06663
1.06333
1.06293
1.06019
1.06442
1.05427
1.04957
1.0468
1.03748
1.0845
1.04324
1.04389
1.04528
1.04229
1.06591
1.05081
1.03218
1.04646
1.04998
1.0555
1.02363
1.00303
1.00921
1.00255
1.04682
1.01628
0.997054
1.00695
0.996927
0.995552
1.02245
1.0365
1.04637
1.0454
1.04528
1.0942
1.05697
1.02203
1.0215
1.02702
1.05706
1.07567
1.0377
1.05493
1.00441
1.00021
0.994223
0.996428
1.00174
1.00865
1.04192
1.05788
1.0627
1.06374
1.05946
1.05326
1.04731
1.05369
1.05096
1.05205
1.05819
1.00143
0.997146
1.00672
0.999127
1.0026
1.01266
1.0071
0.999178
1.05097
1.04266
1.03757
1.04147
1.05347
1.04215
1.10797
1.06358
1.05585
1.05957
1.05166
1.05217
1.0599
1.05941
1.04034
1.0568
1.05388
1.04725
1.06915
1.05074
1.01743
1.02836
1.02378
1.0333
1.02996
1.03669
1.04375
1.04625
1.03552
1.00368
0.995705
1.00367
1.00131
0.999674
1.00026
0.993764
0.997622
1.00247
0.996329
1.04555
1.04462
1.05713
1.05709
1.0411
1.0426
1.04991
1.04054
1.04157
1.02492
1.00434
0.998273
1.00409
0.999934
0.99666
1.00734
0.996217
0.997214
1.00136
1.03538
1.06324
1.06887
1.04166
1.03323
1.02571
1.02761
1.01914
1.03218
1.02199
1.08323
1.03656
0.998575
0.998365
1.00194
1.00337
0.997011
1.01104
1.00766
1.01513
1.0525
1.05323
1.05187
1.05838
1.02465
1.01494
1.02471
1.0244
1.0159
1.03415
1.05521
1.04713
1.07916
1.07458
1.04921
1.0565
1.04473
1.03633
1.04085
1.03008
1.07919
1.08466
1.08371
1.03323
1.06553
1.05055
1.04703
1.06234
1.00956
0.990895
0.990268
0.995202
0.985651
0.998738
1.04166
1.04379
1.01453
1.00253
1.02128
1.0395
1.04739
1.03852
1.0552
1.05212
1.03693
1.0515
1.0526
1.04678
1.04293
0.994032
0.992372
0.999843
0.996703
0.995523
1.00207
0.997317
1.02276
1.07589
1.03898
1.03384
1.04684
1.02905
1.04484
1.03791
1.03895
1.03307
1.03966
1.04569
1.02303
1.02643
1.01673
1.00644
1.03264
1.02444
1.01952
1.07102
1.05514
1.03317
1.04167
1.04253
1.03648
1.04126
1.02946
1.04055
1.05474
1.05354
1.0276
1.04956
1.00836
1.04248
1.05861
1.03927
1.05582
1.06569
1.06028
1.06255
1.05421
1.06535
1.05417
1.07476
1.0648
1.04226
1.04693
1.04722
1.046
1.03467
1.02288
0.980916
1.00063
0.998521
0.991878
0.989798
0.996533
1.00681
1.03404
1.03798
1.04716
1.0633
1.05001
1.04431
1.04284
1.04413
1.04807
1.06788
1.04671
1.04644
1.02516
1.04137
1.03998
1.0559
1.05481
1.00204
1.00429
0.988576
0.991554
1.04884
1.05092
1.06305
1.06868
1.02861
1.03284
1.04873
1.05901
1.03929
1.02089
1.00281
0.996753
1.00293
0.999896
0.996143
1.00154
0.996035
0.989818
1.00123
1.00442
1.03917
1.06154
1.04806
1.04437
1.06174
1.04153
1.0744
1.06798
1.05675
1.03309
1.05084
1.05178
1.04461
1.08414
1.05528
1.02549
1.05787
1.05556
1.0533
1.05744
1.05511
1.05775
1.05491
1.04787
1.04084
1.04526
1.04703
1.04282
1.05897
1.03722
1.04705
1.06933
1.05305
1.04384
1.01478
0.996805
0.990922
1.00509
1.02852
1.02461
1.0462
1.04388
1.04875
1.05126
1.02981
1.04929
1.05545
1.03641
1.0511
1.02456
0.998104
0.994431
1.00076
0.997717
0.998576
1.00469
0.996605
1.02832
1.04214
1.0367
1.04793
1.05442
1.03689
1.0406
1.06136
1.05308
1.04292
1.0505
1.05141
0.993505
0.999335
0.995736
0.990077
1.04137
1.04907
1.05959
1.04821
1.04568
1.03913
1.06657
1.07188
1.04887
1.05392
1.06655
1.04783
1.03921
1.03202
1.02707
1.02894
1.05044
1.03811
1.05616
1.04992
1.03867
1.0505
1.04994
1.04904
1.04555
1.05901
1.03954
1.05405
1.03744
1.05794
1.05214
1.04714
1.05359
1.05162
1.04147
1.04622
1.05163
1.05465
1.04108
1.04238
1.03357
1.03646
1.05694
1.0513
1.02951
1.04104
1.03356
1.05449
1.07825
1.05486
1.08044
1.05758
1.05411
1.02699
1.02853
1.0276
1.02884
1.03147
1.03506
1.02364
1.02847
1.04737
1.04323
1.05335
1.05652
1.04184
1.057
1.03657
1.02849
1.06239
1.05055
1.04496
1.01817
0.998626
0.988961
0.999464
1.0006
0.99555
1.00598
1.02054
1.04236
1.05151
1.02956
1.04821
1.05884
1.04399
1.04936
1.05062
1.0408
1.0434
1.05016
1.02966
1.00932
1.00054
0.997514
0.986487
0.996989
0.992843
0.991428
1.00207
1.04588
1.05473
1.04832
1.03781
1.0171
1.02441
1.02175
1.04159
1.04549
1.05215
1.04519
0.999204
1.00147
0.99943
0.999949
1.00288
0.997812
1.00288
0.997224
1.01366
1.04876
1.04446
1.03544
1.03584
1.03998
1.05395
1.05423
1.05203
1.05754
1.05189
1.02889
1.04314
1.02767
1.06324
1.02939
1.00057
1.00351
0.995438
1.01856
1.0485
1.03533
1.01749
1.01618
1.00663
1.01955
1.02711
1.08378
1.05663
1.04384
1.04786
1.04998
1.05079
1.04686
1.06526
1.04703
1.04472
1.05122
1.04485
1.03983
1.05045
1.05552
1.05408
1.06174
1.03918
1.01677
1.01776
1.01535
1.02655
1.04398
1.0347
1.0308
1.04637
1.04571
1.04447
1.03059
1.03267
1.02896
1.03767
1.0427
1.04235
1.06928
1.0798
1.07421
1.04104
1.03327
1.0381
1.05935
1.03834
1.01391
1.04077
1.03875
1.04222
1.07292
1.0313
1.01888
1.02374
1.03328
1.03573
1.04069
1.04345
1.04576
1.04499
1.01561
1.0077
1.01187
1.00999
1.04394
1.053
0.996506
0.991008
0.994715
0.989263
0.994169
0.990977
0.994105
0.981136
1.04455
1.03823
1.05835
1.04908
1.02272
1.00476
1.01026
1.00886
1.00327
1.01652
1.05404
1.03569
1.0498
1.03593
1.03035
1.0307
1.00845
1.00241
1.01816
1.0177
1.03943
1.02624
1.00044
1.01081
1.02745
1.01127
1.02816
1.04011
1.03839
1.02036
1.05632
0.994398
0.985927
0.99398
0.994294
0.992052
0.998146
0.995279
0.990447
1.03196
1.0372
1.04318
1.05281
1.04654
1.03493
1.03093
1.03967
1.01336
1.03603
1.04239
1.03221
0.990235
0.988869
0.985914
0.915062
0.913556
0.912178
0.91052
0.907456
0.927035
0.950744
0.955913
0.948705
0.961391
0.947067
0.921344
0.925036
0.926643
0.933251
0.941776
0.964039
0.959179
0.950495
0.962418
0.947673
0.964849
0.9529
0.953889
0.967254
0.947043
0.968757
0.977068
0.965837
0.961928
0.961419
0.956661
0.954388
0.949795
0.939734
0.922295
0.935704
0.962354
0.920937
0.921925
0.918201
0.90489
0.910377
0.907657
0.904197
0.92115
0.91846
0.923485
0.964298
0.956372
0.936114
0.952088
0.937208
0.956622
0.964714
0.964874
0.960556
0.950021
0.934702
0.923514
0.926014
0.944328
0.914711
0.921028
0.946627
0.951077
0.957074
0.98103
0.973141
0.941776
0.90935
0.936642
0.972074
0.970622
0.961992
0.969376
0.965845
0.957854
0.985325
0.951524
0.953888
0.956284
0.908428
0.907977
0.917754
0.904585
0.911364
0.917147
0.908375
0.901766
0.977462
0.951449
0.937913
0.958456
0.945908
0.960811
0.94856
0.950473
0.958541
0.968578
0.965562
0.959374
0.958352
0.920407
0.941159
0.939509
0.938853
0.943147
0.956518
0.952641
0.960281
0.966771
0.965902
0.954825
0.96511
0.967109
0.959965
0.956781
0.960247
0.95361
0.967419
0.957268
0.945029
0.912152
0.903777
0.907754
0.919331
0.915717
0.91604
0.912429
0.908508
0.904793
0.927102
0.95563
0.956876
0.970592
0.959883
0.950487
0.949207
0.958148
0.948282
0.96234
0.949647
0.959493
0.958868
0.953036
0.928418
0.921468
0.916027
0.900718
0.905979
0.912706
0.9131
0.933778
0.94137
0.934066
0.931811
0.929534
0.912073
0.936714
0.932147
0.93519
0.936604
0.925921
0.946158
0.964894
0.986396
0.970887
0.942877
0.960975
0.955376
0.955348
0.974424
0.94119
0.94603
0.957207
0.958702
0.961858
0.953998
0.930463
0.951515
0.957533
0.955228
0.971092
0.949566
0.955247
0.96316
0.96337
0.932718
0.948401
0.924423
0.945885
0.960911
0.957334
0.953714
0.960859
0.958951
0.946683
0.951315
0.933749
0.952326
0.96881
0.965747
0.963431
0.964402
0.945132
0.945025
0.964362
0.947277
0.955878
0.975787
0.957488
0.938049
0.937294
0.938012
0.96384
0.978669
0.955327
0.949211
0.970334
0.966303
0.960535
0.957786
0.963444
0.964035
0.975221
0.979824
0.962798
0.974619
0.941352
0.912547
0.918527
0.917029
0.910028
0.904191
0.91084
0.946627
0.968427
0.963012
0.963858
0.968642
0.96953
0.963724
0.971564
0.963512
0.976461
1.00894
0.97811
0.960896
0.961565
0.962552
0.956756
0.965016
0.940544
0.962357
0.952795
0.955945
0.941872
0.95824
0.953994
0.954706
0.954299
0.946164
0.938181
0.950676
0.947846
0.941005
0.951019
0.997338
0.956087
0.956464
0.936374
0.935779
0.944903
0.938682
0.929205
0.940597
0.936309
0.914139
0.929384
0.957839
0.956227
0.960387
0.957289
0.950963
0.955216
0.957001
0.936699
0.952834
0.946095
0.961231
0.978013
0.950342
0.950998
0.947391
0.940046
0.90574
0.902309
0.907831
0.908763
0.917506
0.9371
0.959506
0.948637
0.932617
0.949791
0.956295
0.949551
0.951578
0.968286
0.962759
0.963333
0.96711
0.940821
0.925692
0.929507
0.92046
0.94317
0.956514
0.947479
0.936931
0.951385
0.962766
0.961077
0.964979
0.960427
0.962393
0.967306
0.961861
0.939256
0.961045
0.945235
0.934016
0.964315
0.934926
0.926422
0.941804
0.942351
0.949537
0.960583
0.966333
0.960346
0.965504
0.963018
0.956555
0.95333
0.94224
0.938183
0.964694
0.972514
0.946977
0.926375
0.919607
0.940786
0.943628
0.90871
0.900859
0.905781
0.899243
0.907606
0.915888
0.905738
0.903319
0.908824
0.904826
0.951599
0.961478
0.950899
0.951321
0.963414
0.960158
0.949205
0.95583
0.954741
0.93604
0.943393
0.940689
0.932395
0.953744
0.942655
0.907816
0.914337
0.912667
0.903213
0.905031
0.89949
0.944522
0.953542
0.957531
0.954999
0.959282
0.932224
0.937636
0.938865
0.925358
0.952084
0.961586
0.968347
0.965126
0.97081
0.966433
0.942638
0.939254
0.897033
0.900792
0.91381
0.913717
0.937285
0.961435
0.956835
0.932971
0.946139
0.947101
0.94629
0.962359
0.93986
0.949378
0.962187
0.957383
0.926565
0.908457
0.897265
0.897208
0.914131
0.912286
0.912992
0.954781
0.955849
0.950221
0.959385
0.937136
0.938683
0.958372
0.951594
0.973189
0.991222
0.949859
0.944954
0.930476
0.952043
0.943017
0.946384
0.963229
0.954143
0.964129
0.957597
0.947574
0.916764
0.905274
0.916228
0.954243
0.933711
0.941942
0.949734
0.956719
0.969231
0.984791
0.981164
0.960817
0.966521
0.937287
0.930432
0.936603
0.94183
0.946335
0.914694
0.909481
0.908444
0.917166
0.907013
0.908622
0.939838
0.934042
0.975938
0.952296
0.953549
0.95805
0.963214
0.951058
0.943293
0.936949
0.955017
0.971593
0.943794
0.899909
0.89654
0.909614
0.913266
0.910148
0.917705
0.912318
0.901323
0.931595
0.927586
0.947593
0.955744
0.954269
0.948851
0.948394
0.934455
0.936626
0.94448
0.951548
0.957834
0.966303
0.963585
0.936743
0.951376
0.946552
0.936359
0.949409
0.950534
0.94698
0.960993
0.949833
0.913214
0.922243
0.932651
0.953503
0.968626
0.948844
0.956847
0.956674
0.951776
0.910221
0.9027
0.901834
0.901357
0.916171
0.907497
0.900663
0.901298
0.907657
0.909345
0.917758
0.951418
0.941865
0.947578
0.942414
0.906398
0.931367
0.92967
0.916153
0.919618
0.919084
0.926024
0.991077
0.964011
0.943517
0.958606
0.947055
0.927794
0.934697
0.959673
0.964454
0.977976
0.965845
0.927219
0.960741
0.925722
0.945876
0.953977
0.965166
0.9586
0.966606
0.965338
0.961908
0.953191
0.954138
0.952317
0.930611
0.904525
0.895397
0.901934
0.907707
0.897315
0.902627
0.909887
0.936528
0.934752
0.925224
0.929658
0.964963
0.945899
0.935956
0.944767
0.943779
0.942367
0.941908
0.941836
0.949482
0.942479
0.960841
0.950101
0.957801
0.933359
0.890645
0.905181
0.899678
0.940798
0.95891
0.951844
0.940982
0.95206
0.928482
0.928864
0.947315
0.932011
0.937322
0.954236
0.971426
0.963903
0.960523
0.952756
0.963313
0.961431
0.95737
0.955521
0.9488
0.956939
0.930321
0.951112
0.942784
0.941246
0.951012
0.941226
0.9378
0.948863
0.952594
0.942797
0.935663
0.931112
0.915117
0.933746
0.903444
0.90445
0.911744
0.907228
0.89793
0.893243
0.894125
0.922291
0.952707
0.949063
0.95674
0.94902
0.947135
0.922697
0.958164
0.9582
0.941434
0.957561
0.948262
0.923626
0.93733
0.917309
0.93834
0.953754
0.942752
0.934395
0.939202
0.892803
0.899648
0.943424
0.960013
0.949707
0.973741
0.961416
0.935756
0.91602
0.91904
0.901948
0.925298
0.943952
0.956973
0.95892
0.947237
0.945693
0.944122
0.925058
0.893973
0.904419
0.918069
0.948837
0.950633
0.935363
0.941293
0.943574
0.949656
0.950123
0.955071
0.941453
0.933836
0.9293
0.931925
0.940421
0.947217
0.905672
0.904501
0.908927
0.900601
0.890183
0.899709
0.90491
0.900837
0.914354
0.938751
0.920288
0.947511
0.949176
0.929652
0.941385
0.947773
0.925486
0.936802
0.920196
0.972265
1.00315
0.98133
0.951714
0.940237
0.925881
0.932625
0.927643
0.948698
0.94573
0.912831
0.948466
0.942117
0.944729
0.943944
0.929768
0.937188
0.942984
0.940332
0.953747
0.95113
0.943453
0.980936
0.948634
0.940589
0.958083
0.937798
0.926241
0.942995
0.961895
0.968947
0.963827
0.94782
0.933796
0.932974
0.918433
0.93911
0.954226
0.949476
0.942811
0.94944
0.943994
0.938206
0.93614
0.930228
0.901991
0.947246
0.956449
0.961019
0.944259
0.93201
0.931089
0.923633
0.93444
0.952278
0.957818
0.95632
0.929321
0.936514
0.937669
0.947428
0.934928
0.945766
0.942071
0.944274
0.915578
0.939086
0.944645
0.936746
0.928408
0.919944
0.915945
0.928603
0.961534
0.955661
0.950321
0.955171
0.923538
0.942229
0.94581
0.943853
0.943047
0.956775
0.939369
0.947648
0.969201
0.96156
0.955264
0.960835
0.958669
0.962736
0.957952
0.932163
0.924102
0.929071
0.924928
0.921389
0.937665
0.959899
0.941034
0.94233
0.952301
0.957848
0.963072
0.938579
0.945914
0.943944
0.929807
0.934851
0.937537
0.958843
0.94449
0.939994
0.91899
0.933795
0.961922
0.948582
0.938854
0.954351
0.941109
0.927705
0.943993
0.935443
0.939911
0.94851
0.934665
0.947771
0.959006
0.954513
0.944399
0.951217
0.915308
0.932101
0.946387
0.951266
0.950352
0.958495
0.95342
0.957019
0.93023
0.928029
0.93287
0.976028
0.977889
0.966818
0.959977
0.956459
0.95026
0.952818
0.938092
0.901038
0.914144
0.907094
0.896321
0.895956
0.897204
0.896639
0.902755
0.898182
0.890712
0.941428
0.944982
0.936664
0.956473
0.937042
0.904241
0.909545
0.929427
0.937232
0.952311
0.935751
0.92146
0.914597
0.906389
0.898475
0.906556
0.909076
0.898266
0.895007
0.882993
0.89048
0.921277
0.92816
0.935214
0.934925
0.898411
0.911817
0.943215
0.949942
0.948771
0.940387
0.942472
0.955006
0.943179
0.942612
0.938046
0.953003
0.933451
0.943429
0.95309
0.954797
0.923579
0.937108
0.922321
0.916809
0.924121
0.918563
0.928042
0.939586
0.937272
0.921638
0.923706
0.935572
0.936325
0.932468
0.919297
0.905085
0.919071
0.956699
0.965153
0.951928
0.932604
0.872214
0.904796
0.927708
0.939986
0.930218
0.906686
0.941457
0.953252
0.940232
0.935912
0.945767
0.941427
0.932643
0.950221
0.930587
0.925081
0.935489
0.950107
0.949626
0.927078
0.905224
0.928751
0.898846
0.897085
0.921293
0.943154
0.942691
0.932438
0.952258
0.942525
0.920836
0.951831
0.983301
1.00547
0.955698
0.960646
0.945627
0.943497
0.949124
0.914908
0.939221
0.951522
0.944174
0.957428
0.95472
0.934848
0.937664
0.919593
0.923623
0.93301
0.950436
0.944893
0.946286
0.948119
0.924305
0.924173
0.926591
0.940734
0.959276
0.931346
0.93353
0.913072
0.904338
0.89506
0.936977
0.944183
0.938717
0.943031
0.924781
0.943118
0.954168
0.952101
0.945674
0.950123
0.941327
0.920312
0.932081
0.941097
0.914916
0.906394
0.900541
0.889867
0.889008
0.891366
0.897607
0.904351
0.886432
0.889056
0.938722
0.944513
0.953501
0.964316
0.950693
0.940965
0.936704
0.915763
0.926527
0.940052
0.934609
0.895612
0.89383
0.88374
0.893405
0.905266
0.903332
0.897289
0.894112
0.887723
0.890125
0.903684
0.943139
0.93561
0.953921
0.93206
0.955441
0.922322
0.939564
0.935242
0.944982
0.938746
0.944379
0.913054
0.890613
0.891098
0.904086
0.895674
0.8885
0.89061
0.89987
0.897664
0.897429
0.898533
0.919253
0.937022
0.920904
0.904197
0.918439
0.920238
0.928973
0.946479
0.952816
0.915175
0.924981
0.934326
0.944666
0.951052
0.923861
0.92595
0.923326
0.918317
0.931423
0.941294
0.959444
0.970214
0.955801
0.944925
0.928698
0.924299
0.94006
0.950184
0.924778
0.912504
0.924839
0.928544
0.942282
0.93216
0.963267
0.955011
0.931416
0.940058
0.939704
0.94128
0.951534
0.950098
0.946472
0.949925
0.950299
0.919437
0.924962
0.931944
0.937244
0.943918
0.96119
0.949633
0.929729
0.923187
0.944279
0.950329
0.972598
0.952178
0.95501
0.943418
0.906567
0.887742
0.901999
0.909327
0.947532
0.927667
0.905045
0.911542
0.949812
0.944059
0.95456
0.935243
0.914771
0.914811
0.931333
0.935438
0.93681
0.93496
0.93259
0.929396
0.94355
0.958419
0.950431
0.952258
0.940939
0.938591
0.945721
0.909716
0.920646
0.924466
0.91512
0.92501
0.920146
0.917365
0.921878
0.905586
0.94232
0.934283
0.922448
0.903846
0.904944
0.901456
0.891967
0.89397
0.888304
0.894771
0.895793
0.924539
0.91649
0.930733
0.934731
0.917752
0.930556
0.930726
0.903489
0.941015
0.9433
0.941554
0.92229
0.881646
0.885577
0.893508
0.896694
0.885339
0.885872
0.88771
0.893054
0.896134
0.88041
0.909804
0.93111
0.906463
0.923214
0.930877
0.941785
0.916397
0.945072
0.954193
0.955504
0.949739
0.946963
0.937336
0.933253
0.927297
0.924117
0.942532
0.939407
0.944194
0.963119
0.946307
0.911049
0.911797
0.935233
0.93003
0.919068
0.935671
0.955345
0.917987
0.93437
0.93752
0.921236
0.924589
0.924092
0.963533
0.933203
0.937325
0.94534
0.941653
0.935081
0.929321
0.94556
0.917352
0.914035
0.928462
0.928293
0.925728
0.914794
0.933892
0.936339
0.916431
0.913364
0.923377
0.930153
0.917081
0.895727
0.884554
0.882956
0.886097
0.894637
0.889357
0.886844
0.881505
0.890574
0.90514
0.936204
0.930303
0.903442
0.90092
0.894333
0.917245
0.941931
0.942909
0.902609
0.893465
0.90717
0.941595
0.958233
0.919832
0.932639
0.919062
0.947195
0.970881
0.947759
0.942495
0.932037
0.919048
0.910619
0.934539
0.925011
0.925718
0.969601
0.939457
0.941893
0.942664
0.926973
0.927603
0.938968
0.946971
0.951739
0.961816
0.922732
0.927336
0.934058
0.92309
0.939984
0.939994
0.931208
0.901013
0.933498
0.939866
0.936831
0.940815
0.951561
0.913696
0.900416
0.930569
0.936539
0.949603
0.945693
0.957575
0.946722
0.935814
0.932426
0.924271
0.937632
0.937761
0.951387
0.93124
0.922776
0.938715
0.930746
0.933818
0.945743
0.945809
0.93479
0.940252
0.939501
0.920411
0.921562
0.928922
0.926077
0.940561
0.933674
0.878458
0.887564
0.890041
0.894232
0.90079
0.884987
0.87881
0.928515
0.939881
0.9437
0.931985
0.944052
0.917
0.944192
0.935193
0.949949
0.941887
0.943449
0.934013
0.91695
0.911314
0.926529
0.943974
0.93531
0.88502
0.886919
0.887688
0.895664
0.917665
0.92771
0.919689
0.919147
0.955775
0.936148
0.966798
0.936591
0.91218
0.914779
0.946925
0.897759
0.896193
0.879596
0.882374
0.896848
0.892947
0.888147
0.890958
0.878895
0.888418
0.900154
0.917071
0.912578
0.933269
0.909647
0.937927
0.951938
0.946326
0.941165
0.948395
0.91138
0.908932
0.925884
0.927058
0.905545
0.900641
0.897792
0.889896
0.89316
0.888872
0.877659
0.896974
0.897442
0.922406
0.935007
0.959585
0.924179
0.924987
0.922885
0.921081
0.938422
0.934841
0.919
0.907593
0.933436
0.918386
0.946206
0.943961
0.944789
0.952204
0.950666
0.942738
0.943994
0.938326
0.896593
0.920763
0.945641
0.939882
0.931757
0.933149
0.919145
0.927634
0.931059
0.919959
0.916098
0.921851
0.933605
0.930835
0.924366
0.936327
0.942116
0.920329
0.924857
0.927665
0.939979
0.937924
0.940852
0.944867
0.942385
0.943491
0.930064
0.94417
0.921853
0.933498
0.926056
0.939264
0.925807
0.923719
0.930107
0.917113
0.937629
0.963356
0.917909
0.923695
0.92885
0.937835
0.9401
0.952146
0.936828
0.918229
0.932873
0.920385
0.927496
0.955769
0.933156
0.90928
0.898759
0.900643
0.913078
0.943645
0.950588
0.948433
0.941777
0.940885
0.924252
0.936043
0.883608
0.891269
0.894199
0.946174
0.918542
0.912956
0.906793
0.920151
0.942236
0.948985
0.969034
0.94302
0.938094
0.92884
0.920424
0.914978
0.938899
0.921078
0.885817
0.871283
0.89487
0.890945
0.877694
0.884188
0.879952
0.91906
0.928998
0.909722
0.881762
0.894704
0.908483
0.905282
0.903864
0.900068
0.894421
0.898436
0.919696
0.918245
0.92248
0.90578
0.919634
0.939942
0.933628
0.912365
0.920064
0.910797
0.915251
0.930292
0.92564
0.915545
0.929041
0.915664
0.911356
0.916315
0.924007
0.916002
0.916571
0.923661
0.910223
0.936477
0.935138
0.925314
0.912812
0.891546
0.920399
0.922777
0.931786
0.920521
0.931359
0.916271
0.927375
0.938737
0.93425
0.905005
0.926953
0.91481
0.912819
0.919515
0.910601
0.946915
0.936772
0.928001
0.930933
0.940361
0.937154
0.913672
0.931481
0.916652
0.92346
0.938468
0.943052
0.938242
0.925691
0.925149
0.902216
0.916795
0.904272
0.921437
0.936162
0.934161
0.910567
0.928081
0.919847
0.904234
0.925251
0.926833
0.928799
0.949236
0.93981
0.939123
0.920423
0.901466
0.92261
0.94126
0.943084
0.909481
0.926023
0.932562
0.946176
0.941968
0.931732
0.935298
0.91656
0.901524
0.918152
0.920695
0.927212
0.938077
0.916813
0.908505
0.928735
0.945813
0.949512
0.911047
0.91186
0.905755
0.902952
0.927501
0.934548
0.922553
0.935142
0.922487
0.918204
0.921911
0.899542
0.915936
0.930202
0.932933
0.9237
0.90784
0.913412
0.916545
0.925795
0.93009
0.933951
0.935457
0.918559
0.893956
0.899308
0.902494
0.904591
0.918293
0.909295
0.885123
0.895531
0.906295
0.928247
0.937889
0.922268
0.912155
0.924328
0.908316
0.914668
0.944891
0.937282
0.9058
0.914611
0.905912
0.918362
0.927831
0.92794
0.91975
0.915578
0.917844
0.900776
0.928818
0.92804
0.926889
0.954417
0.93972
0.930968
0.915345
0.918111
0.919184
0.934423
0.923277
0.919278
0.929515
0.929686
0.935935
0.942349
0.926188
0.905221
0.910991
0.921165
0.921485
0.920304
0.912591
0.898802
0.916903
0.928493
0.927409
0.907387
0.917016
0.894636
0.916986
0.912886
0.901941
0.893899
0.904119
0.912143
0.912637
0.93298
0.953678
0.928308
0.952007
0.914722
0.927471
0.945704
0.921971
0.936893
0.91848
0.933092
0.961203
0.944703
0.950206
0.930743
0.910776
0.918749
0.921206
0.947006
0.924643
0.959836
0.939044
0.936754
0.941137
0.937102
0.9275
0.921373
0.914384
0.91567
0.907951
0.902766
0.903986
0.937691
0.928725
0.918573
0.910657
0.9263
0.934746
0.938515
0.929986
0.916863
0.922572
0.925887
0.933841
0.946891
0.916811
0.912333
0.922827
0.937423
0.97219
0.938977
