-0.848953
-0.813008
-0.794447
-0.777579
-0.762202
-0.748138
-0.73523
-0.723343
-0.712356
-0.702166
-0.69268
-0.683818
-0.67551
-0.667693
-0.660314
-0.653324
-0.646683
-0.640353
-0.634301
-0.628501
-0.622926
-0.617555
-0.612369
-0.60735
-0.602483
-0.597755
-0.593154
-0.588671
-0.584295
-0.580018
-0.575834
-0.571736
-0.567717
-0.563773
-0.5599
-0.556093
-0.552348
-0.548662
-0.545032
-0.541455
-0.537929
-0.534452
-0.531022
-0.527636
-0.524293
-0.520992
-0.51773
-0.514507
-0.511322
-0.508173
-0.505058
-0.501978
-0.498931
-0.495917
-0.492934
-0.489981
-0.487058
-0.484165
-0.4813
-0.478463
-0.475653
-0.47287
-0.470113
-0.467381
-0.464675
-0.461993
-0.459335
-0.456701
-0.454089
-0.451501
-0.448935
-0.446391
-0.443868
-0.441367
-0.438886
-0.436426
-0.433985
-0.431565
-0.429164
-0.426782
-0.424418
-0.422074
-0.419747
-0.417439
-0.415148
-0.412874
-0.410617
-0.408378
-0.406155
-0.403948
-0.401757
-0.399583
-0.397424
-0.39528
-0.393152
-0.391039
-0.38894
-0.386856
-0.384787
-0.382732
-0.380691
-0.378664
-0.37665
-0.37465
-0.372664
-0.37069
-0.36873
-0.366783
-0.364848
-0.362926
-0.361016
-0.359119
-0.357233
-0.35536
-0.353499
-0.351649
-0.349811
-0.347984
-0.346169
-0.344365
-0.342572
-0.34079
-0.339019
-0.337259
-0.33551
-0.333771
-0.332042
-0.330324
-0.328616
-0.326918
-0.325231
-0.323553
-0.321885
-0.320227
-0.318579
-0.31694
-0.31531
-0.313691
-0.31208
-0.310479
-0.308887
-0.307303
-0.305729
-0.304164
-0.302608
-0.301061
-0.299522
-0.297992
-0.296471
-0.294958
-0.293453
-0.291957
-0.290469
-0.288989
-0.287518
-0.286055
-0.284599
-0.283152
-0.281713
-0.280281
-0.278857
-0.277441
-0.276033
-0.274632
-0.273239
-0.271854
-0.270476
-0.269105
-0.267742
-0.266386
-0.265037
-0.263696
-0.262362
-0.261034
-0.259714
-0.258401
-0.257095
-0.255796
-0.254504
-0.253218
-0.25194
-0.250668
-0.249402
-0.248144
-0.246892
-0.245647
-0.244408
-0.243175
-0.24195
-0.24073
-0.239517
-0.23831
-0.23711
-0.235915
-0.234727
-0.233546
-0.23237
-0.2312
-0.230037
-0.228879
-0.227728
-0.226582
-0.225443
-0.224309
-0.223181
-0.222059
-0.220942
-0.219832
-0.218727
-0.217628
-0.216534
-0.215447
-0.214364
-0.213287
-0.212216
-0.21115
-0.21009
-0.209035
-0.207986
-0.206942
-0.205903
-0.204869
-0.203841
-0.202818
-0.201801
-0.200788
-0.199781
-0.198779
-0.197781
-0.196789
-0.195802
-0.19482
-0.193843
-0.192871
-0.191904
-0.190942
-0.189985
-0.189032
-0.188085
-0.187142
-0.186204
-0.18527
-0.184342
-0.183418
-0.182499
-0.181584
-0.180674
-0.179769
-0.178868
-0.177972
-0.177081
-0.176194
-0.175311
-0.174433
-0.173559
-0.17269
-0.171825
-0.170964
-0.170108
-0.169256
-0.168408
-0.167565
-0.166726
-0.165891
-0.16506
-0.164234
-0.163412
-0.162593
-0.161779
-0.160969
-0.160164
-0.159362
-0.158564
-0.15777
-0.15698
-0.156195
-0.155413
-0.154635
-0.153861
-0.153091
-0.152324
-0.151562
-0.150804
-0.150049
-0.149298
-0.148551
-0.147807
-0.147068
-0.146332
-0.145599
-0.144871
-0.144146
-0.143424
-0.142707
-0.141993
-0.141282
-0.140575
-0.139872
-0.139172
-0.138476
-0.137783
-0.137094
-0.136408
-0.135725
-0.135046
-0.134371
-0.133698
-0.133029
-0.132364
-0.131702
-0.131043
-0.130387
-0.129735
-0.129086
-0.12844
-0.127798
-0.127158
-0.126522
-0.125889
-0.12526
-0.124633
-0.12401
-0.123389
-0.122772
-0.122158
-0.121547
-0.120939
-0.120334
-0.119732
-0.119133
-0.118538
-0.117945
-0.117355
-0.116768
-0.116184
-0.115603
-0.115024
-0.114449
-0.113877
-0.113307
-0.11274
-0.112177
-0.111616
-0.111057
-0.110502
-0.109949
-0.109399
-0.108852
-0.108308
-0.107766
-0.107227
-0.106691
-0.106157
-0.105626
-0.105098
-0.104573
-0.10405
-0.103529
-0.103012
-0.102496
-0.101984
-0.101474
-0.100966
-0.100461
-0.099959
-0.0994591
-0.0989617
-0.0984668
-0.0979744
-0.0974845
-0.096997
-0.0965119
-0.0960293
-0.0955491
-0.0950712
-0.0945958
-0.0941228
-0.0936521
-0.0931838
-0.0927178
-0.0922541
-0.0917928
-0.0913338
-0.0908771
-0.0904226
-0.0899704
-0.0895205
-0.0890729
-0.0886275
-0.0881843
-0.0877433
-0.0873046
-0.086868
-0.0864336
-0.0860014
-0.0855713
-0.0851434
-0.0847177
-0.0842941
-0.0838725
-0.0834531
-0.0830358
-0.0826206
-0.0822075
-0.0817964
-0.0813874
-0.0809804
-0.0805755
-0.0801726
-0.0797717
-0.0793728
-0.0789759
-0.078581
-0.0781881
-0.0777971
-0.0774081
-0.077021
-0.0766359
-0.0762527
-0.0758714
-0.075492
-0.0751145
-0.074739
-0.0743652
-0.0739934
-0.0736234
-0.0732553
-0.072889
-0.0725245
-0.0721619
-0.071801
-0.071442
-0.0710848
-0.0707293
-0.0703757
-0.0700238
-0.0696736
-0.0693253
-0.0689786
-0.0686337
-0.0682905
-0.0679491
-0.0676093
-0.0672712
-0.0669349
-0.0666002
-0.0662672
-0.0659358
-0.0656061
-0.0652781
-0.0649517
-0.0646269
-0.0643038
-0.0639822
-0.0636623
-0.063344
-0.0630273
-0.0627121
-0.0623985
-0.0620865
-0.0617761
-0.0614672
-0.0611599
-0.0608541
-0.0605498
-0.060247
-0.0599458
-0.059646
-0.0593478
-0.0590511
-0.0587558
-0.058462
-0.0581697
-0.0578788
-0.0575894
-0.0573015
-0.057015
-0.0567299
-0.0564462
-0.056164
-0.0558832
-0.0556037
-0.0553257
-0.0550491
-0.0547738
-0.0545
-0.0542275
-0.0539563
-0.0536865
-0.0534181
-0.053151
-0.0528852
-0.0526208
-0.0523577
-0.0520959
-0.0518354
-0.0515762
-0.0513183
-0.0510618
-0.0508064
-0.0505524
-0.0502996
-0.0500481
-0.0497979
-0.0495489
-0.0493011
-0.0490546
-0.0488094
-0.0485653
-0.0483225
-0.0480809
-0.0478405
-0.0476013
-0.0473632
-0.0471264
-0.0468908
-0.0466563
-0.046423
-0.0461909
-0.04596
-0.0457302
-0.0455015
-0.045274
-0.0450476
-0.0448224
-0.0445983
-0.0443753
-0.0441534
-0.0439326
-0.043713
-0.0434944
-0.0432769
-0.0430605
-0.0428452
-0.042631
-0.0424179
-0.0422058
-0.0419947
-0.0417848
-0.0415758
-0.041368
-0.0411611
-0.0409553
-0.0407505
-0.0405468
-0.040344
-0.0401423
-0.0399416
-0.0397419
-0.0395432
-0.0393455
-0.0391487
-0.038953
-0.0387582
-0.0385644
-0.0383716
-0.0381797
-0.0379888
-0.0377989
-0.0376099
-0.0374219
-0.0372347
-0.0370486
-0.0368633
-0.036679
-0.0364956
-0.0363131
-0.0361316
-0.0359509
-0.0357712
-0.0355923
-0.0354143
-0.0352373
-0.0350611
-0.0348858
-0.0347113
-0.0345378
-0.0343651
-0.0341933
-0.0340223
-0.0338522
-0.0336829
-0.0335145
-0.0333469
-0.0331802
-0.0330143
-0.0328492
-0.032685
-0.0325216
-0.0323589
-0.0321972
-0.0320362
-0.031876
-0.0317166
-0.031558
-0.0314002
-0.0312432
-0.031087
-0.0309316
-0.0307769
-0.030623
-0.0304699
-0.0303176
-0.030166
-0.0300151
-0.0298651
-0.0297157
-0.0295672
-0.0294193
-0.0292722
-0.0291259
-0.0289802
-0.0288353
-0.0286912
-0.0285477
-0.028405
-0.0282629
-0.0281216
-0.027981
-0.0278411
-0.0277019
-0.0275634
-0.0274256
-0.0272885
-0.027152
-0.0270162
-0.0268812
-0.0267468
-0.026613
-0.02648
-0.0263476
-0.0262158
-0.0260847
-0.0259543
-0.0258246
-0.0256955
-0.025567
-0.0254392
-0.025312
-0.0251854
-0.0250595
-0.0249342
-0.0248095
-0.0246855
-0.0245621
-0.0244393
-0.0243171
-0.0241955
-0.0240745
-0.0239542
-0.0238344
-0.0237153
-0.0235967
-0.0234787
-0.0233613
-0.0232445
-0.0231283
-0.0230127
-0.0228976
-0.0227831
-0.0226692
-0.0225559
-0.0224431
-0.0223309
-0.0222193
-0.0221082
-0.0219976
-0.0218876
-0.0217782
-0.0216693
-0.021561
-0.0214532
-0.0213459
-0.0212392
-0.021133
-0.0210274
-0.0209222
-0.0208176
-0.0207135
-0.02061
-0.0205069
-0.0204044
-0.0203024
-0.0202009
-0.0200999
-0.0199994
-0.0198994
-0.0197999
-0.0197009
-0.0196024
-0.0195044
-0.0194069
-0.0193099
-0.0192133
-0.0191173
-0.0190217
-0.0189266
-0.018832
-0.0187378
-0.0186442
-0.0185509
-0.0184582
-0.0183659
-0.0182741
-0.0181827
-0.0180918
-0.0180014
-0.0179114
-0.0178218
-0.0177327
-0.0176441
-0.0175559
-0.0174681
-0.0173808
-0.0172939
-0.0172074
-0.0171214
-0.0170358
-0.0169506
-0.0168659
-0.0167815
-0.0166976
-0.0166142
-0.0165311
-0.0164484
-0.0163662
-0.0162844
-0.016203
-0.016122
-0.0160414
-0.0159612
-0.0158814
-0.015802
-0.015723
-0.0156443
-0.0155661
-0.0154883
-0.0154109
-0.0153338
-0.0152572
-0.0151809
-0.015105
-0.0150295
-0.0149543
-0.0148796
-0.0148052
-0.0147311
-0.0146575
-0.0145842
-0.0145113
-0.0144387
-0.0143666
-0.0142947
-0.0142233
-0.0141522
-0.0140814
-0.014011
-0.0139409
-0.0138712
-0.0138019
-0.0137329
-0.0136642
-0.0135959
-0.0135279
-0.0134603
-0.013393
-0.0133261
-0.0132594
-0.0131931
-0.0131272
-0.0130615
-0.0129962
-0.0129313
-0.0128666
-0.0128023
-0.0127383
-0.0126746
-0.0126112
-0.0125482
-0.0124854
-0.012423
-0.0123609
-0.0122991
-0.0122376
-0.0121764
-0.0121155
-0.012055
-0.0119947
-0.0119347
-0.0118751
-0.0118157
-0.0117566
-0.0116978
-0.0116394
-0.0115812
-0.0115233
-0.0114656
-0.0114083
-0.0113513
-0.0112945
-0.0112381
-0.0111819
-0.011126
-0.0110703
-0.011015
-0.0109599
-0.0109051
-0.0108506
-0.0107964
-0.0107424
-0.0106887
-0.0106352
-0.0105821
-0.0105292
-0.0104765
-0.0104241
-0.010372
-0.0103202
-0.0102686
-0.0102172
-0.0101661
-0.0101153
-0.0100647
-0.0100144
-0.00996436
-0.00991454
-0.00986497
-0.00981565
-0.00976657
-0.00971774
-0.00966916
-0.00962082
-0.00957272
-0.00952486
-0.00947723
-0.00942985
-0.00938271
-0.0093358
-0.00928912
-0.00924268
-0.00919647
-0.00915049
-0.00910474
-0.00905922
-0.00901393
-0.00896886
-0.00892402
-0.0088794
-0.00883501
-0.00879084
-0.00874689
-0.00870316
-0.00865964
-0.00861635
-0.00857327
-0.00853041
-0.00848776
-0.00844532
-0.0084031
-0.00836109
-0.00831928
-0.00827769
-0.00823631
-0.00819513
-0.00815416
-0.00811339
-0.00807282
-0.00803246
-0.0079923
-0.00795235
-0.00791259
-0.00787303
-0.00783367
-0.0077945
-0.00775553
-0.00771676
-0.00767818
-0.00763979
-0.00760159
-0.00756359
-0.00752577
-0.00748815
-0.00745071
-0.00741346
-0.00737639
-0.00733952
-0.00730282
-0.00726631
-0.00722998
-0.00719383
-0.00715787
-0.00712208
-0.00708647
-0.00705105
-0.00701579
-0.00698072
-0.00694582
-0.00691109
-0.00687654
-0.00684216
-0.00680795
-0.00677391
-0.00674005
-0.00670635
-0.00667282
-0.00663946
-0.00660627
-0.00657324
-0.00654037
-0.00650767
-0.00647514
-0.00644277
-0.00641056
-0.00637851
-0.00634662
-0.00631489
-0.00628331
-0.0062519
-0.00622064
-0.00618954
-0.0061586
-0.00612781
-0.00609717
-0.00606669
-0.00603636
-0.00600618
-0.00597615
-0.00594627
-0.00591655
-0.00588697
-0.00585753
-0.00582825
-0.00579911
-0.00577012
-0.00574127
-0.00571257
-0.00568401
-0.00565559
-0.00562731
-0.00559918
-0.00557119
-0.00554333
-0.00551562
-0.00548804
-0.00546061
-0.00543331
-0.00540614
-0.00537911
-0.00535222
-0.00532546
-0.00529884
-0.00527235
-0.00524599
-0.00521976
-0.00519367
-0.0051677
-0.00514186
-0.00511616
-0.00509058
-0.00506513
-0.00503981
-0.00501461
-0.00498954
-0.00496459
-0.00493977
-0.00491508
-0.00489051
-0.00486606
-0.00484173
-0.00481752
-0.00479344
-0.00476947
-0.00474563
-0.0047219
-0.0046983
-0.00467481
-0.00465144
-0.00462818
-0.00460504
-0.00458202
-0.00455911
-0.00453632
-0.00451364
-0.00449108
-0.00446862
-0.00444628
-0.00442405
-0.00440194
-0.00437993
-0.00435803
-0.00433624
-0.00431457
-0.004293
-0.00427153
-0.00425018
-0.00422893
-0.00420779
-0.00418675
-0.00416582
-0.00414499
-0.00412427
-0.00410365
-0.00408314
-0.00406272
-0.00404241
-0.0040222
-0.00400209
-0.00398209
-0.00396218
-0.00394237
-0.00392266
-0.00390305
-0.00388354
-0.00386412
-0.0038448
-0.00382558
-0.00380646
-0.00378743
-0.00376849
-0.00374965
-0.00373091
-0.00371226
-0.0036937
-0.00367523
-0.00365686
-0.00363858
-0.00362039
-0.00360229
-0.00358428
-0.00356636
-0.00354853
-0.00353079
-0.00351314
-0.00349557
-0.0034781
-0.00346071
-0.00344341
-0.0034262
-0.00340907
-0.00339202
-0.00337507
-0.00335819
-0.0033414
-0.0033247
-0.00330808
-0.00329154
-0.00327509
-0.00325871
-0.00324242
-0.00322621
-0.00321008
-0.00319404
-0.00317807
-0.00316218
-0.00314637
-0.00313064
-0.00311499
-0.00309942
-0.00308392
-0.00306851
-0.00305317
-0.0030379
-0.00302272
-0.00300761
-0.00299257
-0.00297761
-0.00296272
-0.00294791
-0.00293318
-0.00291851
-0.00290392
-0.0028894
-0.00287496
-0.00286059
-0.00284629
-0.00283206
-0.0028179
-0.00280381
-0.0027898
-0.00277585
-0.00276197
-0.00274817
-0.00273443
-0.00272076
-0.00270716
-0.00269362
-0.00268016
-0.00266676
-0.00265343
-0.00264016
-0.00262696
-0.00261383
-0.00260076
-0.00258776
-0.00257483
-0.00256195
-0.00254915
-0.0025364
-0.00252372
-0.00251111
-0.00249855
-0.00248606
-0.00247364
-0.00246127
-0.00244897
-0.00243672
-0.00242454
-0.00241242
-0.00240036
-0.00238836
-0.00237642
-0.00236454
-0.00235272
-0.00234096
-0.00232926
-0.00231762
-0.00230603
-0.0022945
-0.00228303
-0.00227162
-0.00226026
-0.00224896
-0.00223772
-0.00222653
-0.0022154
-0.00220433
-0.00219331
-0.00218235
-0.00217144
-0.00216058
-0.00214978
-0.00213903
-0.00212834
-0.0021177
-0.00210712
-0.00209658
-0.0020861
-0.00207567
-0.0020653
-0.00205497
-0.0020447
-0.00203448
-0.00202431
-0.00201419
-0.00200412
-0.0019941
-0.00198413
-0.00197422
-0.00196435
-0.00195453
-0.00194476
-0.00193504
-0.00192536
-0.00191574
-0.00190616
-0.00189663
-0.00188715
-0.00187772
-0.00186833
-0.00185899
-0.0018497
-0.00184045
-0.00183125
-0.0018221
-0.00181299
-0.00180393
-0.00179491
-0.00178594
-0.00177701
-0.00176813
-0.00175929
-0.0017505
-0.00174175
-0.00173304
-0.00172438
-0.00171576
-0.00170718
-0.00169865
-0.00169015
-0.00168171
-0.0016733
-0.00166494
-0.00165661
-0.00164833
-0.00164009
-0.00163189
-0.00162374
-0.00161562
-0.00160754
-0.00159951
-0.00159151
-0.00158356
-0.00157564
-0.00156777
-0.00155993
-0.00155213
-0.00154437
-0.00153665
-0.00152897
-0.00152133
-0.00151372
-0.00150616
-0.00149863
-0.00149114
-0.00148369
-0.00147627
-0.00146889
-0.00146155
-0.00145424
-0.00144697
-0.00143974
-0.00143254
-0.00142538
-0.00141826
-0.00141117
-0.00140411
-0.0013971
-0.00139011
-0.00138316
-0.00137625
-0.00136937
-0.00136253
-0.00135572
-0.00134894
-0.0013422
-0.00133549
-0.00132881
-0.00132217
-0.00131556
-0.00130899
-0.00130244
-0.00129593
-0.00128946
-0.00128301
-0.0012766
-0.00127022
-0.00126387
-0.00125755
-0.00125126
-0.00124501
-0.00123879
-0.00123259
-0.00122643
-0.0012203
-0.0012142
-0.00120814
-0.0012021
-0.00119609
-0.00119011
-0.00118416
-0.00117824
-0.00117235
-0.00116649
-0.00116066
-0.00115486
-0.00114909
-0.00114335
-0.00113763
-0.00113195
-0.00112629
-0.00112066
-0.00111506
-0.00110948
-0.00110394
-0.00109842
-0.00109293
-0.00108747
-0.00108203
-0.00107662
-0.00107124
-0.00106589
-0.00106056
-0.00105526
-0.00104999
-0.00104474
-0.00103952
-0.00103432
-0.00102915
-0.00102401
-0.00101889
-0.0010138
-0.00100873
-0.00100369
-0.000998671
-0.00099368
-0.000988713
-0.000983772
-0.000978855
-0.000973962
-0.000969095
-0.000964251
-0.000959432
-0.000954637
-0.000949865
-0.000945118
-0.000940394
-0.000935694
-0.000931018
-0.000926364
-0.000921735
-0.000917128
-0.000912544
-0.000907983
-0.000903445
-0.00089893
-0.000894437
-0.000889967
-0.000885519
-0.000881093
-0.00087669
-0.000872308
-0.000867948
-0.000863611
-0.000859294
-0.000855
-0.000850727
-0.000846475
-0.000842244
-0.000838035
-0.000833847
-0.000829679
-0.000825533
-0.000821407
-0.000817302
-0.000813217
-0.000809153
-0.000805109
-0.000801086
-0.000797082
-0.000793098
-0.000789135
-0.000785191
-0.000781267
-0.000777362
-0.000773477
-0.000769612
-0.000765766
-0.000761939
-0.000758131
-0.000754342
-0.000750572
-0.000746821
-0.000743089
-0.000739375
-0.00073568
-0.000732004
-0.000728346
-0.000724706
-0.000721084
-0.000717481
-0.000713895
-0.000710327
-0.000706777
-0.000703245
-0.000699731
-0.000696234
-0.000692755
-0.000689293
-0.000685848
-0.000682421
-0.00067901
-0.000675617
-0.000672241
-0.000668882
-0.000665539
-0.000662213
-0.000658904
-0.000655611
-0.000652335
-0.000649075
-0.000645831
-0.000642604
-0.000639393
-0.000636197
-0.000633018
-0.000629855
-0.000626707
-0.000623576
-0.00062046
-0.000617359
-0.000614274
-0.000611204
-0.00060815
-0.000605111
-0.000602087
-0.000599079
-0.000596085
-0.000593106
-0.000590143
-0.000587194
-0.000584259
-0.00058134
-0.000578435
-0.000575544
-0.000572668
-0.000569807
-0.00056696
-0.000564127
-0.000561308
-0.000558503
-0.000555712
-0.000552935
-0.000550172
-0.000547423
-0.000544688
-0.000541966
-0.000539258
-0.000536563
-0.000533882
-0.000531215
-0.00052856
-0.000525919
-0.000523291
-0.000520676
-0.000518075
-0.000515486
-0.00051291
-0.000510348
-0.000507798
-0.00050526
-0.000502736
-0.000500224
-0.000497724
-0.000495237
-0.000492763
-0.000490301
-0.000487851
-0.000485413
-0.000482988
-0.000480575
-0.000478173
-0.000475784
-0.000473407
-0.000471042
-0.000468688
-0.000466346
-0.000464016
-0.000461698
-0.000459391
-0.000457096
-0.000454812
-0.00045254
-0.000450279
-0.000448029
-0.00044579
-0.000443563
-0.000441347
-0.000439142
-0.000436948
-0.000434765
-0.000432592
-0.000430431
-0.000428281
-0.000426141
-0.000424012
-0.000421893
-0.000419786
-0.000417688
-0.000415601
-0.000413525
-0.000411459
-0.000409403
-0.000407358
-0.000405323
-0.000403298
-0.000401283
-0.000399278
-0.000397284
-0.000395299
-0.000393324
-0.000391359
-0.000389404
-0.000387458
-0.000385523
-0.000383597
-0.00038168
-0.000379773
-0.000377876
-0.000375988
-0.00037411
-0.000372241
-0.000370382
-0.000368531
-0.00036669
-0.000364858
-0.000363036
-0.000361222
-0.000359418
-0.000357622
-0.000355835
-0.000354058
-0.000352289
-0.000350529
-0.000348778
-0.000347036
-0.000345302
-0.000343577
-0.000341861
-0.000340153
-0.000338454
-0.000336763
-0.000335081
-0.000333407
-0.000331742
-0.000330085
-0.000328436
-0.000326795
-0.000325163
-0.000323539
-0.000321922
-0.000320314
-0.000318714
-0.000317122
-0.000315538
-0.000313962
-0.000312394
-0.000310833
-0.000309281
-0.000307736
-0.000306199
-0.000304669
-0.000303148
-0.000301633
-0.000300127
-0.000298628
-0.000297136
-0.000295652
-0.000294175
-0.000292706
-0.000291244
-0.000289789
-0.000288342
-0.000286901
-0.000285468
-0.000284043
-0.000282624
-0.000281212
-0.000279808
-0.00027841
-0.00027702
-0.000275636
-0.000274259
-0.00027289
-0.000271527
-0.000270171
-0.000268821
-0.000267479
-0.000266143
-0.000264814
-0.000263491
-0.000262175
-0.000260866
-0.000259563
-0.000258266
-0.000256977
-0.000255693
-0.000254416
-0.000253146
-0.000251881
-0.000250623
-0.000249372
-0.000248126
-0.000246887
-0.000245654
-0.000244428
-0.000243207
-0.000241992
-0.000240784
-0.000239581
-0.000238385
-0.000237194
-0.00023601
-0.000234831
-0.000233659
-0.000232492
-0.000231331
-0.000230176
-0.000229026
-0.000227883
-0.000226745
-0.000225612
-0.000224486
-0.000223365
-0.000222249
-0.00022114
-0.000220035
-0.000218937
-0.000217843
-0.000216756
-0.000215673
-0.000214596
-0.000213525
-0.000212459
-0.000211398
-0.000210342
-0.000209292
-0.000208247
-0.000207207
-0.000206172
-0.000205143
-0.000204119
-0.000203099
-0.000202085
-0.000201076
-0.000200072
-0.000199073
-0.000198079
-0.000197091
-0.000196106
-0.000195127
-0.000194153
-0.000193184
-0.000192219
-0.00019126
-0.000190305
-0.000189355
-0.000188409
-0.000187469
-0.000186533
-0.000185601
-0.000184675
-0.000183753
-0.000182835
-0.000181923
-0.000181014
-0.000180111
-0.000179211
-0.000178317
-0.000177427
-0.000176541
-0.00017566
-0.000174783
-0.00017391
-0.000173042
-0.000172178
-0.000171319
-0.000170463
-0.000169612
-0.000168766
-0.000167923
-0.000167085
-0.000166251
-0.000165421
-0.000164595
-0.000163774
-0.000162956
-0.000162143
-0.000161333
-0.000160528
-0.000159727
-0.000158929
-0.000158136
-0.000157347
-0.000156561
-0.00015578
-0.000155002
-0.000154229
-0.000153459
-0.000152693
-0.000151931
-0.000151172
-0.000150418
-0.000149667
-0.00014892
-0.000148177
-0.000147437
-0.000146702
-0.000145969
-0.000145241
-0.000144516
-0.000143795
-0.000143077
-0.000142363
-0.000141653
-0.000140946
-0.000140242
-0.000139542
-0.000138846
-0.000138153
-0.000137464
-0.000136778
-0.000136095
-0.000135416
-0.00013474
-0.000134068
-0.000133399
-0.000132733
-0.000132071
-0.000131411
-0.000130756
-0.000130103
-0.000129454
-0.000128808
-0.000128165
-0.000127526
-0.000126889
-0.000126256
-0.000125626
-0.000124999
-0.000124376
-0.000123755
-0.000123138
-0.000122523
-0.000121912
-0.000121304
-0.000120698
-0.000120096
-0.000119497
-0.000118901
-0.000118308
-0.000117717
-0.00011713
-0.000116546
-0.000115964
-0.000115386
-0.00011481
-0.000114237
-0.000113667
-0.0001131
-0.000112536
-0.000111975
-0.000111416
-0.00011086
-0.000110307
-0.000109757
-0.000109209
-0.000108664
-0.000108122
-0.000107583
-0.000107046
-0.000106512
-0.000105981
-0.000105452
-0.000104926
-0.000104403
-0.000103882
-0.000103364
-0.000102848
-0.000102335
-0.000101825
-0.000101317
-0.000100812
-0.000100309
-9.98087e-05
-9.93109e-05
-9.88155e-05
-9.83227e-05
-9.78323e-05
-9.73444e-05
-9.68589e-05
-9.63758e-05
-9.58952e-05
-9.54169e-05
-9.4941e-05
-9.44676e-05
-9.39964e-05
-9.35277e-05
-9.30613e-05
-9.25972e-05
-9.21354e-05
-9.16759e-05
-9.12188e-05
-9.07639e-05
-9.03113e-05
-8.98609e-05
-8.94128e-05
-8.8967e-05
-8.85233e-05
-8.80819e-05
-8.76427e-05
-8.72057e-05
-8.67709e-05
-8.63382e-05
-8.59077e-05
-8.54794e-05
-8.50532e-05
-8.46291e-05
-8.42071e-05
-8.37873e-05
-8.33695e-05
-8.29539e-05
-8.25403e-05
-8.21288e-05
-8.17193e-05
-8.13119e-05
-8.09065e-05
-8.05032e-05
-8.01019e-05
-7.97025e-05
-7.93052e-05
-7.89098e-05
-7.85165e-05
-7.81251e-05
-7.77356e-05
-7.73481e-05
-7.69625e-05
-7.65789e-05
-7.61972e-05
-7.58173e-05
-7.54394e-05
-7.50634e-05
-7.46892e-05
-7.4317e-05
-7.39465e-05
-7.3578e-05
-7.32112e-05
-7.28463e-05
-7.24832e-05
-7.2122e-05
-7.17625e-05
-7.14049e-05
-7.1049e-05
-7.06949e-05
-7.03426e-05
-6.9992e-05
-6.96432e-05
-6.92961e-05
-6.89508e-05
-6.86072e-05
-6.82653e-05
-6.79251e-05
-6.75866e-05
-6.72497e-05
-6.69146e-05
-6.65812e-05
-6.62495e-05
-6.59195e-05
-6.5591e-05
-6.52642e-05
-6.49391e-05
-6.46155e-05
-6.42935e-05
-6.39731e-05
-6.36544e-05
-6.33372e-05
-6.30216e-05
-6.27076e-05
-6.23952e-05
-6.20843e-05
-6.1775e-05
-6.14672e-05
-6.1161e-05
-6.08563e-05
-6.05531e-05
-6.02515e-05
-5.99513e-05
-5.96527e-05
-5.93555e-05
-5.90599e-05
-5.87657e-05
-5.84729e-05
-5.81817e-05
-5.78919e-05
-5.76035e-05
-5.73166e-05
-5.70311e-05
-5.67471e-05
-5.64644e-05
-5.61832e-05
-5.59034e-05
-5.5625e-05
-5.5348e-05
-5.50723e-05
-5.4798e-05
-5.45251e-05
-5.42536e-05
-5.39834e-05
-5.37146e-05
-5.34471e-05
-5.3181e-05
-5.29162e-05
-5.26527e-05
-5.23905e-05
-5.21296e-05
-5.187e-05
-5.16118e-05
-5.13548e-05
-5.10991e-05
-5.08447e-05
-5.05915e-05
-5.03397e-05
-5.0089e-05
-4.98397e-05
-4.95915e-05
-4.93447e-05
-4.9099e-05
-4.88546e-05
-4.86114e-05
-4.83694e-05
-4.81286e-05
-4.7889e-05
-4.76506e-05
-4.74135e-05
-4.71775e-05
-4.69426e-05
-4.6709e-05
-4.64765e-05
-4.62452e-05
-4.6015e-05
-4.5786e-05
-4.55581e-05
-4.53314e-05
-4.51058e-05
-4.48813e-05
-4.46579e-05
-4.44357e-05
-4.42146e-05
-4.39945e-05
-4.37756e-05
-4.35578e-05
-4.3341e-05
-4.31254e-05
-4.29108e-05
-4.26973e-05
-4.24848e-05
-4.22735e-05
-4.20631e-05
-4.18539e-05
-4.16456e-05
-4.14384e-05
-4.12323e-05
-4.10272e-05
-4.0823e-05
-4.062e-05
-4.04179e-05
-4.02168e-05
-4.00168e-05
-3.98177e-05
-3.96197e-05
-3.94226e-05
-3.92265e-05
-3.90314e-05
-3.88373e-05
-3.86441e-05
-3.84519e-05
-3.82607e-05
-3.80704e-05
-3.7881e-05
-3.76926e-05
-3.75052e-05
-3.73187e-05
-3.71331e-05
-3.69485e-05
-3.67647e-05
-3.65819e-05
-3.64e-05
-3.6219e-05
-3.60389e-05
-3.58597e-05
-3.56814e-05
-3.5504e-05
-3.53274e-05
-3.51518e-05
-3.4977e-05
-3.48032e-05
-3.46302e-05
-3.44581e-05
-3.42868e-05
-3.41164e-05
-3.39468e-05
-3.37781e-05
-3.36102e-05
-3.34431e-05
-3.32769e-05
-3.31115e-05
-3.29469e-05
-3.27831e-05
-3.26202e-05
-3.24581e-05
-3.22968e-05
-3.21362e-05
-3.19765e-05
-3.18176e-05
-3.16595e-05
-3.15022e-05
-3.13457e-05
-3.11899e-05
-3.10349e-05
-3.08807e-05
-3.07273e-05
-3.05746e-05
-3.04227e-05
-3.02716e-05
-3.01212e-05
-2.99716e-05
-2.98227e-05
-2.96745e-05
-2.95271e-05
-2.93805e-05
-2.92345e-05
-2.90893e-05
-2.89448e-05
-2.88011e-05
-2.8658e-05
-2.85157e-05
-2.8374e-05
-2.82331e-05
-2.80929e-05
-2.79534e-05
-2.78146e-05
-2.76765e-05
-2.7539e-05
-2.74023e-05
-2.72662e-05
-2.71309e-05
-2.69961e-05
-2.68621e-05
-2.67287e-05
-2.6596e-05
-2.6464e-05
-2.63326e-05
-2.62019e-05
-2.60718e-05
-2.59424e-05
-2.58136e-05
-2.56855e-05
-2.5558e-05
-2.54312e-05
-2.5305e-05
-2.51794e-05
-2.50544e-05
-2.49301e-05
-2.48063e-05
-2.46832e-05
-2.45608e-05
-2.44389e-05
-2.43176e-05
-2.4197e-05
-2.40769e-05
-2.39574e-05
-2.38386e-05
-2.37203e-05
-2.36026e-05
-2.34855e-05
-2.3369e-05
-2.32531e-05
-2.31378e-05
-2.3023e-05
-2.29088e-05
-2.27952e-05
-2.26821e-05
-2.25696e-05
-2.24577e-05
-2.23463e-05
-2.22355e-05
-2.21252e-05
-2.20155e-05
-2.19063e-05
-2.17977e-05
-2.16896e-05
-2.1582e-05
-2.1475e-05
-2.13686e-05
-2.12626e-05
-2.11572e-05
-2.10523e-05
-2.0948e-05
-2.08441e-05
-2.07408e-05
-2.0638e-05
-2.05357e-05
-2.04339e-05
-2.03326e-05
-2.02318e-05
-2.01316e-05
-2.00318e-05
-1.99325e-05
-1.98338e-05
-1.97355e-05
-1.96377e-05
-1.95404e-05
-1.94435e-05
-1.93471e-05
-1.92513e-05
-1.91559e-05
-1.90609e-05
-1.89665e-05
-1.88726e-05
-1.87791e-05
-1.86861e-05
-1.85936e-05
-1.85015e-05
-1.84098e-05
-1.83187e-05
-1.82279e-05
-1.81376e-05
-1.80478e-05
-1.79584e-05
-1.78695e-05
-1.77809e-05
-1.76929e-05
-1.76053e-05
-1.75181e-05
-1.74313e-05
-1.7345e-05
-1.72591e-05
-1.71736e-05
-1.70886e-05
-1.7004e-05
-1.69198e-05
-1.6836e-05
-1.67526e-05
-1.66696e-05
-1.65871e-05
-1.6505e-05
-1.64232e-05
-1.63419e-05
-1.6261e-05
-1.61805e-05
-1.61004e-05
-1.60206e-05
-1.59413e-05
-1.58624e-05
-1.57838e-05
-1.57057e-05
-1.56279e-05
-1.55505e-05
-1.54735e-05
-1.53969e-05
-1.53207e-05
-1.52448e-05
-1.51693e-05
-1.50942e-05
-1.50195e-05
-1.49451e-05
-1.48711e-05
-1.47974e-05
-1.47242e-05
-1.46512e-05
-1.45787e-05
-1.45065e-05
-1.44346e-05
-1.43631e-05
-1.4292e-05
-1.42212e-05
-1.41507e-05
-1.40806e-05
-1.40109e-05
-1.39415e-05
-1.38724e-05
-1.38037e-05
-1.37353e-05
-1.36672e-05
-1.35995e-05
-1.35321e-05
-1.3465e-05
-1.33983e-05
-1.33319e-05
-1.32658e-05
-1.32001e-05
-1.31346e-05
-1.30695e-05
-1.30047e-05
-1.29403e-05
-1.28761e-05
-1.28123e-05
-1.27487e-05
-1.26855e-05
-1.26226e-05
-1.256e-05
-1.24977e-05
-1.24357e-05
-1.2374e-05
-1.23128e-05
-1.22527e-05
-1.21928e-05
-1.21332e-05
-1.2074e-05
-1.2015e-05
-1.19563e-05
-1.18979e-05
-1.18398e-05
-1.1782e-05
-1.17245e-05
-1.16673e-05
-1.16103e-05
-1.15537e-05
-1.14973e-05
-1.14412e-05
-1.13853e-05
-1.13298e-05
-1.12745e-05
-1.12195e-05
-1.11648e-05
-1.11103e-05
-1.10561e-05
-1.10021e-05
-1.09485e-05
-1.08951e-05
-1.08419e-05
-1.0789e-05
-1.07364e-05
-1.0684e-05
-1.06318e-05
-1.058e-05
-1.05283e-05
-1.04769e-05
-1.04258e-05
-1.03749e-05
-1.03243e-05
-1.02739e-05
-1.02237e-05
-1.01738e-05
-1.01241e-05
-1.00747e-05
-1.00255e-05
-9.9765e-06
-9.92776e-06
-9.87925e-06
-9.83097e-06
-9.78292e-06
-9.7351e-06
-9.68751e-06
-9.64014e-06
-9.593e-06
-9.54608e-06
-9.49938e-06
-9.4529e-06
-9.40664e-06
-9.3606e-06
-9.31481e-06
-9.26922e-06
-9.22374e-06
-9.17853e-06
-9.13354e-06
-9.08877e-06
-9.04423e-06
-8.99993e-06
-8.95585e-06
-8.91197e-06
-8.8683e-06
-8.82482e-06
-8.78154e-06
-8.73845e-06
-8.69557e-06
