-0.957154
-0.88922
-0.870252
-0.852985
-0.837215
-0.822764
-0.809476
-0.797213
-0.785856
-0.7753
-0.765452
-0.756232
-0.747569
-0.739401
-0.731674
-0.724339
-0.717355
-0.710685
-0.704296
-0.69816
-0.692252
-0.68655
-0.681034
-0.675687
-0.670494
-0.665442
-0.660519
-0.655715
-0.651019
-0.646425
-0.641924
-0.63751
-0.633178
-0.628922
-0.624738
-0.620621
-0.616568
-0.612575
-0.60864
-0.604759
-0.600931
-0.597152
-0.593421
-0.589736
-0.586096
-0.582498
-0.578941
-0.575424
-0.571946
-0.568505
-0.565101
-0.561731
-0.558397
-0.555095
-0.551827
-0.54859
-0.545385
-0.542209
-0.539064
-0.535948
-0.53286
-0.5298
-0.526767
-0.523761
-0.520781
-0.517827
-0.514899
-0.511995
-0.509115
-0.506259
-0.503427
-0.500618
-0.497832
-0.495067
-0.492325
-0.489605
-0.486905
-0.484227
-0.481569
-0.478931
-0.476314
-0.473716
-0.471137
-0.468577
-0.466036
-0.463514
-0.46101
-0.458524
-0.456055
-0.453604
-0.451171
-0.448754
-0.446354
-0.443971
-0.441604
-0.439253
-0.436918
-0.434599
-0.432295
-0.430007
-0.427734
-0.425475
-0.423232
-0.421003
-0.418789
-0.416588
-0.414402
-0.41223
-0.410072
-0.407927
-0.405796
-0.403678
-0.401573
-0.399481
-0.397402
-0.395336
-0.393283
-0.391242
-0.389213
-0.387197
-0.385193
-0.383201
-0.381221
-0.379252
-0.377295
-0.37535
-0.373416
-0.371493
-0.369582
-0.367682
-0.365793
-0.363914
-0.362047
-0.36019
-0.358344
-0.356509
-0.354684
-0.352869
-0.351064
-0.34927
-0.347486
-0.345712
-0.343947
-0.342193
-0.340449
-0.338714
-0.336988
-0.335273
-0.333566
-0.33187
-0.330182
-0.328504
-0.326835
-0.325175
-0.323524
-0.321882
-0.320249
-0.318624
-0.317009
-0.315402
-0.313804
-0.312215
-0.310634
-0.309062
-0.307498
-0.305942
-0.304395
-0.302856
-0.301325
-0.299802
-0.298287
-0.296781
-0.295282
-0.293791
-0.292308
-0.290833
-0.289366
-0.287906
-0.286454
-0.28501
-0.283573
-0.282144
-0.280722
-0.279308
-0.277901
-0.276501
-0.275109
-0.273724
-0.272346
-0.270975
-0.269612
-0.268255
-0.266905
-0.265563
-0.264227
-0.262899
-0.261577
-0.260262
-0.258954
-0.257652
-0.256357
-0.255069
-0.253788
-0.252513
-0.251244
-0.249982
-0.248727
-0.247478
-0.246235
-0.244999
-0.243769
-0.242546
-0.241328
-0.240117
-0.238912
-0.237714
-0.236521
-0.235334
-0.234154
-0.232979
-0.231811
-0.230648
-0.229491
-0.228341
-0.227196
-0.226056
-0.224923
-0.223795
-0.222674
-0.221557
-0.220447
-0.219342
-0.218243
-0.217149
-0.216061
-0.214978
-0.213901
-0.212829
-0.211763
-0.210702
-0.209646
-0.208596
-0.207551
-0.206511
-0.205477
-0.204448
-0.203424
-0.202405
-0.201391
-0.200383
-0.199379
-0.198381
-0.197388
-0.196399
-0.195416
-0.194437
-0.193464
-0.192495
-0.191532
-0.190573
-0.189619
-0.18867
-0.187725
-0.186785
-0.18585
-0.18492
-0.183995
-0.183074
-0.182157
-0.181246
-0.180339
-0.179436
-0.178538
-0.177645
-0.176756
-0.175871
-0.174991
-0.174115
-0.173244
-0.172377
-0.171515
-0.170656
-0.169802
-0.168953
-0.168107
-0.167266
-0.166429
-0.165597
-0.164768
-0.163944
-0.163124
-0.162308
-0.161496
-0.160688
-0.159884
-0.159084
-0.158288
-0.157496
-0.156708
-0.155924
-0.155144
-0.154368
-0.153596
-0.152828
-0.152063
-0.151303
-0.150546
-0.149793
-0.149043
-0.148298
-0.147556
-0.146818
-0.146084
-0.145353
-0.144626
-0.143903
-0.143183
-0.142467
-0.141754
-0.141045
-0.14034
-0.139638
-0.138939
-0.138245
-0.137553
-0.136865
-0.136181
-0.1355
-0.134822
-0.134148
-0.133477
-0.132809
-0.132145
-0.131484
-0.130827
-0.130172
-0.129521
-0.128874
-0.128229
-0.127588
-0.12695
-0.126315
-0.125683
-0.125055
-0.124429
-0.123807
-0.123188
-0.122572
-0.121959
-0.121349
-0.120742
-0.120138
-0.119538
-0.11894
-0.118345
-0.117753
-0.117164
-0.116578
-0.115995
-0.115415
-0.114838
-0.114264
-0.113693
-0.113124
-0.112558
-0.111995
-0.111435
-0.110878
-0.110324
-0.109772
-0.109223
-0.108677
-0.108134
-0.107593
-0.107055
-0.106519
-0.105987
-0.105457
-0.10493
-0.104405
-0.103883
-0.103363
-0.102846
-0.102332
-0.10182
-0.101311
-0.100805
-0.100301
-0.0997992
-0.0993001
-0.0988036
-0.0983095
-0.097818
-0.0973288
-0.0968422
-0.0963579
-0.0958761
-0.0953967
-0.0949197
-0.0944451
-0.0939728
-0.0935029
-0.0930354
-0.0925702
-0.0921073
-0.0916467
-0.0911885
-0.0907325
-0.0902788
-0.0898274
-0.0893783
-0.0889314
-0.0884867
-0.0880442
-0.087604
-0.087166
-0.0867301
-0.0862964
-0.0858649
-0.0854356
-0.0850084
-0.0845834
-0.0841604
-0.0837396
-0.0833209
-0.0829043
-0.0824897
-0.0820773
-0.0816669
-0.0812585
-0.0808522
-0.080448
-0.0800457
-0.0796455
-0.0792472
-0.078851
-0.0784567
-0.0780644
-0.0776741
-0.0772857
-0.0768993
-0.0765148
-0.0761322
-0.0757515
-0.0753727
-0.0749959
-0.0746209
-0.0742478
-0.0738765
-0.0735071
-0.0731396
-0.0727739
-0.07241
-0.072048
-0.0716877
-0.0713293
-0.0709726
-0.0706177
-0.0702646
-0.0699133
-0.0695637
-0.0692159
-0.0688698
-0.0685255
-0.0681828
-0.0678419
-0.0675027
-0.0671652
-0.0668294
-0.0664952
-0.0661627
-0.0658319
-0.0655027
-0.0651752
-0.0648493
-0.0645251
-0.0642025
-0.0638815
-0.063562
-0.0632442
-0.062928
-0.0626134
-0.0623003
-0.0619888
-0.0616788
-0.0613704
-0.0610636
-0.0607583
-0.0604545
-0.0601522
-0.0598514
-0.0595522
-0.0592544
-0.0589581
-0.0586633
-0.05837
-0.0580782
-0.0577878
-0.0574988
-0.0572113
-0.0569253
-0.0566406
-0.0563574
-0.0560757
-0.0557953
-0.0555163
-0.0552387
-0.0549625
-0.0546877
-0.0544143
-0.0541422
-0.0538715
-0.0536021
-0.0533341
-0.0530674
-0.0528021
-0.0525381
-0.0522754
-0.052014
-0.0517539
-0.0514952
-0.0512377
-0.0509815
-0.0507266
-0.050473
-0.0502206
-0.0499695
-0.0497196
-0.049471
-0.0492237
-0.0489776
-0.0487327
-0.048489
-0.0482466
-0.0480053
-0.0477653
-0.0475265
-0.0472888
-0.0470524
-0.0468171
-0.046583
-0.0463501
-0.0461184
-0.0458878
-0.0456583
-0.0454301
-0.0452029
-0.0449769
-0.044752
-0.0445282
-0.0443056
-0.0440841
-0.0438636
-0.0436443
-0.0434261
-0.043209
-0.0429929
-0.042778
-0.0425641
-0.0423513
-0.0421395
-0.0419288
-0.0417192
-0.0415106
-0.041303
-0.0410965
-0.040891
-0.0406865
-0.0404831
-0.0402807
-0.0400793
-0.0398789
-0.0396795
-0.0394811
-0.0392837
-0.0390873
-0.0388918
-0.0386974
-0.0385039
-0.0383114
-0.0381198
-0.0379292
-0.0377396
-0.0375509
-0.0373631
-0.0371763
-0.0369904
-0.0368055
-0.0366214
-0.0364383
-0.0362561
-0.0360749
-0.0358945
-0.035715
-0.0355364
-0.0353588
-0.035182
-0.0350061
-0.0348311
-0.0346569
-0.0344836
-0.0343112
-0.0341397
-0.033969
-0.0337992
-0.0336302
-0.033462
-0.0332947
-0.0331283
-0.0329626
-0.0327978
-0.0326338
-0.0324707
-0.0323083
-0.0321468
-0.0319861
-0.0318261
-0.031667
-0.0315087
-0.0313512
-0.0311944
-0.0310385
-0.0308833
-0.0307289
-0.0305753
-0.0304224
-0.0302704
-0.030119
-0.0299685
-0.0298186
-0.0296696
-0.0295213
-0.0293737
-0.0292268
-0.0290807
-0.0289353
-0.0287907
-0.0286468
-0.0285036
-0.0283611
-0.0282193
-0.0280782
-0.0279378
-0.0277982
-0.0276592
-0.0275209
-0.0273833
-0.0272464
-0.0271102
-0.0269747
-0.0268398
-0.0267057
-0.0265722
-0.0264393
-0.0263071
-0.0261756
-0.0260448
-0.0259146
-0.025785
-0.0256561
-0.0255278
-0.0254002
-0.0252732
-0.0251469
-0.0250212
-0.0248961
-0.0247716
-0.0246478
-0.0245245
-0.0244019
-0.0242799
-0.0241586
-0.0240378
-0.0239176
-0.023798
-0.0236791
-0.0235607
-0.0234429
-0.0233257
-0.0232091
-0.0230931
-0.0229776
-0.0228628
-0.0227485
-0.0226348
-0.0225216
-0.022409
-0.022297
-0.0221855
-0.0220746
-0.0219642
-0.0218544
-0.0217452
-0.0216365
-0.0215283
-0.0214207
-0.0213136
-0.021207
-0.021101
-0.0209955
-0.0208906
-0.0207861
-0.0206822
-0.0205788
-0.0204759
-0.0203736
-0.0202717
-0.0201704
-0.0200695
-0.0199692
-0.0198694
-0.01977
-0.0196712
-0.0195729
-0.019475
-0.0193777
-0.0192808
-0.0191844
-0.0190885
-0.0189931
-0.0188981
-0.0188036
-0.0187096
-0.0186161
-0.018523
-0.0184304
-0.0183383
-0.0182466
-0.0181554
-0.0180646
-0.0179743
-0.0178844
-0.017795
-0.0177061
-0.0176175
-0.0175295
-0.0174418
-0.0173546
-0.0172679
-0.0171815
-0.0170957
-0.0170102
-0.0169251
-0.0168405
-0.0167563
-0.0166726
-0.0165892
-0.0165063
-0.0164238
-0.0163416
-0.01626
-0.0161787
-0.0160978
-0.0160173
-0.0159372
-0.0158575
-0.0157783
-0.0156994
-0.0156209
-0.0155428
-0.0154651
-0.0153878
-0.0153109
-0.0152343
-0.0151582
-0.0150824
-0.015007
-0.0149319
-0.0148573
-0.014783
-0.0147091
-0.0146356
-0.0145624
-0.0144896
-0.0144172
-0.0143451
-0.0142734
-0.014202
-0.014131
-0.0140604
-0.0139901
-0.0139201
-0.0138505
-0.0137813
-0.0137124
-0.0136438
-0.0135756
-0.0135078
-0.0134402
-0.013373
-0.0133062
-0.0132397
-0.0131735
-0.0131076
-0.0130421
-0.0129769
-0.012912
-0.0128475
-0.0127832
-0.0127193
-0.0126557
-0.0125925
-0.0125295
-0.0124669
-0.0124045
-0.0123425
-0.0122808
-0.0122194
-0.0121583
-0.0120976
-0.0120371
-0.0119769
-0.011917
-0.0118574
-0.0117982
-0.0117392
-0.0116805
-0.0116221
-0.011564
-0.0115062
-0.0114487
-0.0113914
-0.0113345
-0.0112778
-0.0112214
-0.0111653
-0.0111095
-0.011054
-0.0109987
-0.0109437
-0.010889
-0.0108346
-0.0107804
-0.0107265
-0.0106729
-0.0106195
-0.0105664
-0.0105136
-0.0104611
-0.0104088
-0.0103567
-0.0103049
-0.0102534
-0.0102022
-0.0101512
-0.0101004
-0.0100499
-0.00999968
-0.00994969
-0.00989995
-0.00985046
-0.00980121
-0.00975221
-0.00970346
-0.00965495
-0.00960668
-0.00955866
-0.00951087
-0.00946332
-0.00941601
-0.00936894
-0.0093221
-0.0092755
-0.00922913
-0.00918299
-0.00913708
-0.0090914
-0.00904595
-0.00900073
-0.00895573
-0.00891096
-0.00886642
-0.00882209
-0.00877799
-0.0087341
-0.00869044
-0.00864699
-0.00860377
-0.00856076
-0.00851796
-0.00847538
-0.00843301
-0.00839085
-0.0083489
-0.00830716
-0.00826563
-0.00822431
-0.0081832
-0.00814229
-0.00810158
-0.00806108
-0.00802078
-0.00798069
-0.00794079
-0.00790109
-0.00786159
-0.00782229
-0.00778319
-0.00774428
-0.00770556
-0.00766704
-0.00762871
-0.00759058
-0.00755263
-0.00751487
-0.00747731
-0.00743993
-0.00740273
-0.00736573
-0.0073289
-0.00729227
-0.00725581
-0.00721954
-0.00718345
-0.00714754
-0.00711181
-0.00707625
-0.00704088
-0.00700568
-0.00697066
-0.00693581
-0.00690114
-0.00686664
-0.00683231
-0.00679816
-0.00676417
-0.00673036
-0.00669672
-0.00666324
-0.00662993
-0.00659679
-0.00656381
-0.00653099
-0.00649835
-0.00646586
-0.00643354
-0.00640138
-0.00636938
-0.00633754
-0.00630585
-0.00627433
-0.00624297
-0.00621176
-0.00618071
-0.00614981
-0.00611907
-0.00608848
-0.00605804
-0.00602776
-0.00599762
-0.00596764
-0.00593781
-0.00590813
-0.00587859
-0.00584921
-0.00581997
-0.00579087
-0.00576192
-0.00573312
-0.00570446
-0.00567595
-0.00564757
-0.00561934
-0.00559125
-0.0055633
-0.00553549
-0.00550782
-0.00548029
-0.00545289
-0.00542563
-0.00539851
-0.00537152
-0.00534467
-0.00531795
-0.00529137
-0.00526492
-0.0052386
-0.00521241
-0.00518636
-0.00516043
-0.00513464
-0.00510897
-0.00508343
-0.00505802
-0.00503274
-0.00500758
-0.00498255
-0.00495764
-0.00493286
-0.0049082
-0.00488366
-0.00485925
-0.00483496
-0.00481079
-0.00478674
-0.00476282
-0.00473901
-0.00471532
-0.00469175
-0.0046683
-0.00464496
-0.00462174
-0.00459864
-0.00457565
-0.00455278
-0.00453002
-0.00450738
-0.00448485
-0.00446243
-0.00444012
-0.00441793
-0.00439584
-0.00437387
-0.00435201
-0.00433025
-0.00430861
-0.00428707
-0.00426564
-0.00424432
-0.0042231
-0.00420199
-0.00418099
-0.00416009
-0.00413929
-0.0041186
-0.00409802
-0.00407753
-0.00405715
-0.00403687
-0.00401669
-0.00399661
-0.00397664
-0.00395676
-0.00393698
-0.0039173
-0.00389772
-0.00387824
-0.00385885
-0.00383956
-0.00382037
-0.00380128
-0.00378228
-0.00376337
-0.00374456
-0.00372584
-0.00370722
-0.00368869
-0.00367025
-0.0036519
-0.00363365
-0.00361549
-0.00359742
-0.00357943
-0.00356154
-0.00354374
-0.00352603
-0.0035084
-0.00349087
-0.00347342
-0.00345606
-0.00343878
-0.00342159
-0.00340449
-0.00338747
-0.00337054
-0.0033537
-0.00333693
-0.00332025
-0.00330366
-0.00328714
-0.00327071
-0.00325437
-0.0032381
-0.00322192
-0.00320581
-0.00318979
-0.00317384
-0.00315798
-0.0031422
-0.00312649
-0.00311086
-0.00309531
-0.00307984
-0.00306445
-0.00304913
-0.00303389
-0.00301873
-0.00300364
-0.00298863
-0.00297369
-0.00295883
-0.00294404
-0.00292932
-0.00291468
-0.00290011
-0.00288562
-0.0028712
-0.00285685
-0.00284257
-0.00282836
-0.00281422
-0.00280016
-0.00278616
-0.00277224
-0.00275838
-0.00274459
-0.00273088
-0.00271723
-0.00270365
-0.00269013
-0.00267669
-0.00266331
-0.00265
-0.00263675
-0.00262358
-0.00261046
-0.00259742
-0.00258443
-0.00257152
-0.00255866
-0.00254588
-0.00253315
-0.00252049
-0.00250789
-0.00249536
-0.00248289
-0.00247048
-0.00245813
-0.00244585
-0.00243362
-0.00242146
-0.00240936
-0.00239732
-0.00238533
-0.00237341
-0.00236155
-0.00234975
-0.00233801
-0.00232632
-0.00231469
-0.00230313
-0.00229162
-0.00228016
-0.00226877
-0.00225743
-0.00224615
-0.00223492
-0.00222375
-0.00221264
-0.00220158
-0.00219058
-0.00217963
-0.00216874
-0.0021579
-0.00214711
-0.00213638
-0.00212571
-0.00211508
-0.00210451
-0.00209399
-0.00208353
-0.00207312
-0.00206276
-0.00205245
-0.00204219
-0.00203198
-0.00202183
-0.00201172
-0.00200167
-0.00199167
-0.00198171
-0.00197181
-0.00196196
-0.00195215
-0.0019424
-0.00193269
-0.00192303
-0.00191342
-0.00190386
-0.00189434
-0.00188488
-0.00187546
-0.00186609
-0.00185676
-0.00184748
-0.00183825
-0.00182906
-0.00181992
-0.00181083
-0.00180178
-0.00179277
-0.00178382
-0.0017749
-0.00176603
-0.00175721
-0.00174842
-0.00173969
-0.00173099
-0.00172234
-0.00171374
-0.00170517
-0.00169665
-0.00168817
-0.00167974
-0.00167134
-0.00166299
-0.00165468
-0.00164641
-0.00163819
-0.00163
-0.00162185
-0.00161375
-0.00160569
-0.00159766
-0.00158968
-0.00158174
-0.00157383
-0.00156597
-0.00155814
-0.00155036
-0.00154261
-0.0015349
-0.00152723
-0.0015196
-0.00151201
-0.00150445
-0.00149693
-0.00148945
-0.00148201
-0.00147461
-0.00146724
-0.00145991
-0.00145261
-0.00144535
-0.00143813
-0.00143094
-0.00142379
-0.00141668
-0.0014096
-0.00140256
-0.00139555
-0.00138858
-0.00138164
-0.00137474
-0.00136787
-0.00136103
-0.00135423
-0.00134746
-0.00134073
-0.00133403
-0.00132737
-0.00132074
-0.00131414
-0.00130757
-0.00130104
-0.00129454
-0.00128807
-0.00128163
-0.00127523
-0.00126886
-0.00126252
-0.00125621
-0.00124993
-0.00124369
-0.00123747
-0.00123129
-0.00122514
-0.00121902
-0.00121293
-0.00120687
-0.00120084
-0.00119484
-0.00118887
-0.00118293
-0.00117702
-0.00117114
-0.00116529
-0.00115946
-0.00115367
-0.00114791
-0.00114217
-0.00113647
-0.00113079
-0.00112514
-0.00111952
-0.00111392
-0.00110836
-0.00110282
-0.00109731
-0.00109183
-0.00108638
-0.00108095
-0.00107555
-0.00107017
-0.00106483
-0.00105951
-0.00105422
-0.00104895
-0.00104371
-0.00103849
-0.00103331
-0.00102814
-0.00102301
-0.0010179
-0.00101281
-0.00100775
-0.00100272
-0.000997708
-0.000992724
-0.000987765
-0.00098283
-0.000977921
-0.000973035
-0.000968175
-0.000963338
-0.000958526
-0.000953737
-0.000948973
-0.000944232
-0.000939516
-0.000934822
-0.000930152
-0.000925506
-0.000920883
-0.000916283
-0.000911705
-0.000907151
-0.00090262
-0.000898111
-0.000893625
-0.000889161
-0.000884719
-0.0008803
-0.000875903
-0.000871527
-0.000867174
-0.000862842
-0.000858532
-0.000854244
-0.000849977
-0.000845731
-0.000841507
-0.000837303
-0.000833121
-0.00082896
-0.000824819
-0.000820699
-0.0008166
-0.000812521
-0.000808463
-0.000804425
-0.000800407
-0.000796409
-0.000792431
-0.000788473
-0.000784535
-0.000780616
-0.000776717
-0.000772838
-0.000768978
-0.000765137
-0.000761315
-0.000757513
-0.000753729
-0.000749965
-0.000746219
-0.000742492
-0.000738784
-0.000735094
-0.000731423
-0.00072777
-0.000724135
-0.000720519
-0.00071692
-0.000713339
-0.000709777
-0.000706232
-0.000702705
-0.000699195
-0.000695703
-0.000692229
-0.000688772
-0.000685332
-0.00068191
-0.000678504
-0.000675116
-0.000671744
-0.000668389
-0.000665052
-0.00066173
-0.000658426
-0.000655138
-0.000651866
-0.000648611
-0.000645371
-0.000642149
-0.000638942
-0.000635751
-0.000632576
-0.000629417
-0.000626274
-0.000623147
-0.000620035
-0.000616939
-0.000613858
-0.000610793
-0.000607743
-0.000604708
-0.000601688
-0.000598684
-0.000595694
-0.00059272
-0.00058976
-0.000586815
-0.000583885
-0.00058097
-0.000578069
-0.000575182
-0.00057231
-0.000569453
-0.000566609
-0.00056378
-0.000560965
-0.000558164
-0.000555377
-0.000552604
-0.000549845
-0.0005471
-0.000544368
-0.00054165
-0.000538946
-0.000536255
-0.000533577
-0.000530913
-0.000528263
-0.000525625
-0.000523001
-0.00052039
-0.000517792
-0.000515206
-0.000512634
-0.000510075
-0.000507528
-0.000504994
-0.000502473
-0.000499965
-0.000497469
-0.000494985
-0.000492514
-0.000490055
-0.000487609
-0.000485174
-0.000482752
-0.000480342
-0.000477944
-0.000475558
-0.000473184
-0.000470822
-0.000468472
-0.000466133
-0.000463806
-0.000461491
-0.000459187
-0.000456895
-0.000454614
-0.000452345
-0.000450087
-0.00044784
-0.000445605
-0.00044338
-0.000441167
-0.000438965
-0.000436774
-0.000434594
-0.000432425
-0.000430266
-0.000428118
-0.000425982
-0.000423855
-0.00042174
-0.000419635
-0.00041754
-0.000415456
-0.000413382
-0.000411319
-0.000409266
-0.000407224
-0.000405191
-0.000403169
-0.000401157
-0.000399155
-0.000397163
-0.00039518
-0.000393208
-0.000391246
-0.000389293
-0.00038735
-0.000385417
-0.000383493
-0.000381579
-0.000379675
-0.00037778
-0.000375895
-0.000374019
-0.000372153
-0.000370296
-0.000368448
-0.000366609
-0.000364779
-0.000362959
-0.000361148
-0.000359346
-0.000357553
-0.000355768
-0.000353993
-0.000352227
-0.000350469
-0.00034872
-0.00034698
-0.000345249
-0.000343526
-0.000341812
-0.000340106
-0.000338409
-0.000336721
-0.000335041
-0.000333369
-0.000331706
-0.000330051
-0.000328404
-0.000326765
-0.000325135
-0.000323513
-0.000321899
-0.000320293
-0.000318695
-0.000317105
-0.000315523
-0.000313949
-0.000312382
-0.000310824
-0.000309273
-0.00030773
-0.000306195
-0.000304667
-0.000303148
-0.000301635
-0.000300131
-0.000298633
-0.000297144
-0.000295661
-0.000294186
-0.000292719
-0.000291259
-0.000289806
-0.00028836
-0.000286922
-0.000285491
-0.000284066
-0.00028265
-0.00028124
-0.000279837
-0.000278441
-0.000277052
-0.00027567
-0.000274295
-0.000272927
-0.000271566
-0.000270212
-0.000268864
-0.000267523
-0.000266189
-0.000264861
-0.00026354
-0.000262226
-0.000260918
-0.000259617
-0.000258322
-0.000257034
-0.000255752
-0.000254476
-0.000253207
-0.000251944
-0.000250688
-0.000249438
-0.000248194
-0.000246956
-0.000245725
-0.0002445
-0.00024328
-0.000242067
-0.00024086
-0.000239659
-0.000238464
-0.000237275
-0.000236092
-0.000234915
-0.000233744
-0.000232578
-0.000231418
-0.000230265
-0.000229117
-0.000227974
-0.000226838
-0.000225707
-0.000224581
-0.000223462
-0.000222348
-0.000221239
-0.000220136
-0.000219039
-0.000217947
-0.00021686
-0.000215779
-0.000214703
-0.000213633
-0.000212568
-0.000211508
-0.000210454
-0.000209405
-0.000208361
-0.000207323
-0.000206289
-0.000205261
-0.000204238
-0.00020322
-0.000202207
-0.000201199
-0.000200196
-0.000199198
-0.000198205
-0.000197218
-0.000196235
-0.000195257
-0.000194283
-0.000193315
-0.000192352
-0.000191393
-0.000190439
-0.00018949
-0.000188546
-0.000187606
-0.000186671
-0.000185741
-0.000184816
-0.000183895
-0.000182978
-0.000182066
-0.000181159
-0.000180257
-0.000179358
-0.000178465
-0.000177575
-0.000176691
-0.00017581
-0.000174934
-0.000174063
-0.000173195
-0.000172333
-0.000171474
-0.00017062
-0.00016977
-0.000168924
-0.000168082
-0.000167245
-0.000166412
-0.000165583
-0.000164758
-0.000163937
-0.00016312
-0.000162308
-0.000161499
-0.000160695
-0.000159894
-0.000159098
-0.000158305
-0.000157517
-0.000156732
-0.000155952
-0.000155175
-0.000154402
-0.000153633
-0.000152868
-0.000152107
-0.000151349
-0.000150595
-0.000149845
-0.000149099
-0.000148356
-0.000147618
-0.000146883
-0.000146151
-0.000145423
-0.000144699
-0.000143979
-0.000143262
-0.000142548
-0.000141839
-0.000141132
-0.00014043
-0.00013973
-0.000139035
-0.000138342
-0.000137654
-0.000136968
-0.000136286
-0.000135608
-0.000134933
-0.000134261
-0.000133593
-0.000132928
-0.000132266
-0.000131608
-0.000130952
-0.000130301
-0.000129652
-0.000129007
-0.000128364
-0.000127726
-0.00012709
-0.000126457
-0.000125828
-0.000125202
-0.000124578
-0.000123958
-0.000123341
-0.000122728
-0.000122117
-0.000121509
-0.000120904
-0.000120303
-0.000119704
-0.000119108
-0.000118516
-0.000117926
-0.000117339
-0.000116755
-0.000116174
-0.000115596
-0.000115021
-0.000114449
-0.00011388
-0.000113313
-0.000112749
-0.000112188
-0.00011163
-0.000111075
-0.000110522
-0.000109973
-0.000109425
-0.000108881
-0.00010834
-0.000107801
-0.000107264
-0.000106731
-0.0001062
-0.000105672
-0.000105146
-0.000104623
-0.000104103
-0.000103585
-0.00010307
-0.000102557
-0.000102047
-0.00010154
-0.000101035
-0.000100533
-0.000100033
-9.95353e-05
-9.90404e-05
-9.85479e-05
-9.80579e-05
-9.75704e-05
-9.70853e-05
-9.66026e-05
-9.61223e-05
-9.56444e-05
-9.51689e-05
-9.46958e-05
-9.4225e-05
-9.37566e-05
-9.32906e-05
-9.28268e-05
-9.23654e-05
-9.19063e-05
-9.14495e-05
-9.09949e-05
-9.05426e-05
-9.00926e-05
-8.96449e-05
-8.91993e-05
-8.8756e-05
-8.83149e-05
-8.7876e-05
-8.74393e-05
-8.70048e-05
-8.65725e-05
-8.61423e-05
-8.57142e-05
-8.52883e-05
-8.48646e-05
-8.44429e-05
-8.40233e-05
-8.36059e-05
-8.31905e-05
-8.27772e-05
-8.2366e-05
-8.19568e-05
-8.15496e-05
-8.11445e-05
-8.07415e-05
-8.03404e-05
-7.99413e-05
-7.95442e-05
-7.91491e-05
-7.8756e-05
-7.83649e-05
-7.79757e-05
-7.75884e-05
-7.72031e-05
-7.68197e-05
-7.64382e-05
-7.60586e-05
-7.56809e-05
-7.53051e-05
-7.49312e-05
-7.45591e-05
-7.41889e-05
-7.38206e-05
-7.3454e-05
-7.30894e-05
-7.27265e-05
-7.23654e-05
-7.20062e-05
-7.16487e-05
-7.12931e-05
-7.09392e-05
-7.0587e-05
-7.02367e-05
-6.98881e-05
-6.95412e-05
-6.9196e-05
-6.88526e-05
-6.85109e-05
-6.81711e-05
-6.78327e-05
-6.74961e-05
-6.71612e-05
-6.6828e-05
-6.64964e-05
-6.61665e-05
-6.58382e-05
-6.55115e-05
-6.51864e-05
-6.4863e-05
-6.45412e-05
-6.42209e-05
-6.39023e-05
-6.35853e-05
-6.32698e-05
-6.29559e-05
-6.26436e-05
-6.23329e-05
-6.20237e-05
-6.17161e-05
-6.141e-05
-6.11054e-05
-6.08023e-05
-6.05008e-05
-6.02008e-05
-5.99023e-05
-5.96052e-05
-5.93097e-05
-5.90156e-05
-5.8723e-05
-5.84319e-05
-5.81422e-05
-5.78539e-05
-5.75671e-05
-5.72817e-05
-5.69978e-05
-5.67153e-05
-5.64341e-05
-5.61544e-05
-5.58761e-05
-5.55992e-05
-5.53236e-05
-5.50494e-05
-5.47766e-05
-5.45052e-05
-5.42351e-05
-5.39663e-05
-5.36989e-05
-5.34329e-05
-5.31681e-05
-5.29047e-05
-5.26426e-05
-5.23818e-05
-5.21223e-05
-5.18641e-05
-5.16072e-05
-5.13516e-05
-5.10973e-05
-5.08442e-05
-5.05924e-05
-5.03418e-05
-5.00925e-05
-4.98444e-05
-4.95976e-05
-4.9352e-05
-4.91076e-05
-4.88645e-05
-4.86225e-05
-4.83818e-05
-4.81423e-05
-4.79039e-05
-4.76668e-05
-4.74308e-05
-4.7196e-05
-4.69624e-05
-4.673e-05
-4.64987e-05
-4.62685e-05
-4.60396e-05
-4.58117e-05
-4.5585e-05
-4.53594e-05
-4.5135e-05
-4.49117e-05
-4.46894e-05
-4.44683e-05
-4.42483e-05
-4.40294e-05
-4.38116e-05
-4.35949e-05
-4.33792e-05
-4.31647e-05
-4.29512e-05
-4.27387e-05
-4.25274e-05
-4.23171e-05
-4.21078e-05
-4.18996e-05
-4.16924e-05
-4.14862e-05
-4.12811e-05
-4.1077e-05
-4.08739e-05
-4.06718e-05
-4.04708e-05
-4.02707e-05
-4.00717e-05
-3.98736e-05
-3.96765e-05
-3.94804e-05
-3.92853e-05
-3.90911e-05
-3.8898e-05
-3.87058e-05
-3.85145e-05
-3.83242e-05
-3.81348e-05
-3.79464e-05
-3.7759e-05
-3.75724e-05
-3.73868e-05
-3.72022e-05
-3.70184e-05
-3.68356e-05
-3.66536e-05
-3.64726e-05
-3.62925e-05
-3.61133e-05
-3.5935e-05
-3.57575e-05
-3.55814e-05
-3.54058e-05
-3.52309e-05
-3.5057e-05
-3.48838e-05
-3.47116e-05
-3.45402e-05
-3.43697e-05
-3.42001e-05
-3.40313e-05
-3.38633e-05
-3.36962e-05
-3.35299e-05
-3.33645e-05
-3.31998e-05
-3.3036e-05
-3.2873e-05
-3.27108e-05
-3.25494e-05
-3.23889e-05
-3.22291e-05
-3.20701e-05
-3.1912e-05
-3.17546e-05
-3.1598e-05
-3.14422e-05
-3.12871e-05
-3.11329e-05
-3.09794e-05
-3.08266e-05
-3.06747e-05
-3.05235e-05
-3.0373e-05
-3.02233e-05
-3.00744e-05
-2.99261e-05
-2.97787e-05
-2.96319e-05
-2.94859e-05
-2.93406e-05
-2.91961e-05
-2.90523e-05
-2.89091e-05
-2.87667e-05
-2.8625e-05
-2.84841e-05
-2.83438e-05
-2.82042e-05
-2.80653e-05
-2.79271e-05
-2.77896e-05
-2.76528e-05
-2.75166e-05
-2.73812e-05
-2.72464e-05
-2.71123e-05
-2.69788e-05
-2.6846e-05
-2.67139e-05
-2.65825e-05
-2.64517e-05
-2.63215e-05
-2.6192e-05
-2.60631e-05
-2.59349e-05
-2.58073e-05
-2.56804e-05
-2.55541e-05
-2.54284e-05
-2.53034e-05
-2.51789e-05
-2.50551e-05
-2.49319e-05
-2.48093e-05
-2.46874e-05
-2.4566e-05
-2.44453e-05
-2.43251e-05
-2.42056e-05
-2.40866e-05
-2.39682e-05
-2.38504e-05
-2.37333e-05
-2.36167e-05
-2.35006e-05
-2.33852e-05
-2.32703e-05
-2.3156e-05
-2.30423e-05
-2.29291e-05
-2.28165e-05
-2.27045e-05
-2.2593e-05
-2.24821e-05
-2.23717e-05
-2.22619e-05
-2.21526e-05
-2.20439e-05
-2.19357e-05
-2.1828e-05
-2.17209e-05
-2.16143e-05
-2.15083e-05
-2.14027e-05
-2.12977e-05
-2.11933e-05
-2.10893e-05
-2.09859e-05
-2.0883e-05
-2.07805e-05
-2.06786e-05
-2.05772e-05
-2.04764e-05
-2.0376e-05
-2.02761e-05
-2.01767e-05
-2.00778e-05
-1.99794e-05
-1.98815e-05
-1.97841e-05
-1.96871e-05
-1.95907e-05
-1.94947e-05
-1.93997e-05
-1.93048e-05
-1.92102e-05
-1.9116e-05
-1.90223e-05
-1.8929e-05
-1.88363e-05
-1.8744e-05
-1.86522e-05
-1.85609e-05
-1.84701e-05
-1.83797e-05
-1.82898e-05
-1.82003e-05
-1.81112e-05
-1.80226e-05
-1.79344e-05
-1.78467e-05
-1.77594e-05
-1.76725e-05
-1.75861e-05
-1.75001e-05
-1.74145e-05
-1.73294e-05
-1.72447e-05
-1.71604e-05
-1.70765e-05
-1.6993e-05
-1.691e-05
-1.68274e-05
-1.67451e-05
-1.66633e-05
-1.65819e-05
-1.65009e-05
-1.64203e-05
-1.63401e-05
-1.62603e-05
-1.61809e-05
-1.61019e-05
-1.60233e-05
-1.59451e-05
-1.58673e-05
-1.57898e-05
-1.57128e-05
-1.56361e-05
-1.55598e-05
-1.54839e-05
-1.54083e-05
-1.53332e-05
-1.52584e-05
-1.5184e-05
-1.51099e-05
-1.50363e-05
-1.49629e-05
-1.489e-05
-1.48174e-05
-1.47452e-05
-1.46733e-05
-1.46018e-05
-1.45307e-05
-1.44599e-05
-1.43895e-05
-1.43194e-05
-1.42496e-05
-1.41802e-05
-1.41112e-05
-1.40425e-05
-1.39741e-05
-1.39061e-05
-1.38384e-05
-1.3771e-05
-1.3704e-05
-1.36373e-05
-1.3571e-05
-1.35049e-05
-1.34393e-05
-1.33739e-05
-1.33088e-05
-1.32441e-05
-1.31797e-05
-1.31157e-05
-1.30519e-05
-1.29885e-05
-1.29253e-05
-1.28625e-05
-1.28e-05
-1.27378e-05
-1.2676e-05
-1.26144e-05
-1.25531e-05
-1.24922e-05
-1.24315e-05
-1.23711e-05
-1.23111e-05
-1.22513e-05
-1.21918e-05
-1.21327e-05
-1.20738e-05
-1.20152e-05
-1.19569e-05
-1.18989e-05
-1.18412e-05
-1.17838e-05
-1.17267e-05
-1.16698e-05
-1.16132e-05
-1.15569e-05
-1.15009e-05
-1.14452e-05
-1.13897e-05
-1.13345e-05
-1.12796e-05
-1.1225e-05
-1.11706e-05
-1.11165e-05
-1.10627e-05
-1.10091e-05
-1.09558e-05
-1.09028e-05
-1.08501e-05
-1.07975e-05
-1.07453e-05
-1.06933e-05
-1.06416e-05
-1.05901e-05
-1.05389e-05
-1.0488e-05
-1.04373e-05
-1.03868e-05
-1.03366e-05
-1.02866e-05
-1.02369e-05
-1.01875e-05
-1.01383e-05
-1.00893e-05
-1.00406e-05
-9.99208e-06
