141.225
1.02326
1.01943
0.993672
0.992444
0.993125
0.991692
0.993858
0.999905
1.01775
1.00629
1.01422
1.00002
0.996892
0.996511
0.993607
1.00964
0.991563
0.998039
1.00089
0.99714
0.991564
1.00182
1.00054
0.996949
1.01039
0.987694
1.00614
1.01318
1.01859
1.01997
0.998972
0.998317
0.997967
0.997036
1.00149
0.99433
0.994819
0.999661
1.00022
0.989213
0.992785
0.989941
1.00294
1.00797
0.99771
0.996822
0.996395
1.00354
0.992982
0.995328
1.0022
0.994841
0.997832
0.992722
0.995469
0.996939
1.01726
1.00493
1.02015
0.996013
0.992371
0.988625
0.988229
0.99306
1.00347
0.996561
1.00083
0.990666
0.997176
1.00021
0.98982
0.995163
1.00405
1.00741
0.997135
0.998822
0.995498
0.992568
1.01042
0.99957
0.995244
0.994178
0.99389
1.0071
0.993298
0.991682
0.983051
0.997925
1.01209
0.997827
0.993446
1.00093
0.993226
0.996831
0.990667
0.998077
0.989427
0.997141
0.984369
0.986961
0.994165
0.998816
0.987036
0.992241
0.993748
1.00527
0.994773
0.990511
1.00181
0.988446
0.988144
0.986472
0.990199
0.992065
0.997047
0.997681
0.986028
0.994791
0.996965
0.992794
0.995149
0.993672
0.984142
0.987098
0.994727
0.984798
0.980054
0.99743
0.995018
0.986786
0.982816
0.990576
0.988522
0.992776
0.984531
0.988304
0.982341
0.987812
0.981832
0.988692
1.00282
0.97928
0.986717
0.984543
0.986607
0.984178
1.00319
0.977658
1.00193
0.98625
0.990534
0.994203
0.991062
0.99596
0.986947
0.994875
0.98881
0.995007
0.986945
0.987763
0.987087
0.989123
0.985149
0.999481
1.00235
0.992128
0.983961
0.986428
0.98981
0.987532
0.97929
0.976765
0.982763
0.984844
0.986481
0.978072
0.98137
0.983328
0.988178
1.00744
0.989238
0.9983
0.98757
0.98438
0.986983
0.983489
0.989353
0.986841
1.00495
0.998568
0.982201
0.989128
0.986483
0.988811
1.01015
1.00261
0.980539
0.983559
0.979371
0.98383
0.98624
0.991231
0.975605
0.98694
1.00328
0.992103
0.989101
0.985613
0.987894
1.01078
0.994658
0.992125
0.995963
0.991244
0.995235
0.982068
0.989542
0.985997
0.989375
0.984611
0.98409
0.989897
0.98539
0.984044
0.979831
0.983055
0.988168
0.978493
0.988951
0.98481
0.982343
0.994006
1.0064
0.992315
0.991458
0.983658
1.00183
0.981371
0.98177
0.991947
0.988098
0.997172
0.984285
0.980925
0.987474
0.983995
0.985168
0.985951
0.994792
1.01378
0.983194
0.98583
0.988768
0.985484
0.999373
0.991931
0.990522
0.994957
1.00017
0.996498
0.982801
1.00506
0.981614
0.987259
0.977951
0.983919
0.985777
0.987488
0.985604
0.993045
0.989507
0.996184
0.979839
0.996244
0.991912
0.991439
0.985233
0.989323
0.982923
1.00563
0.993713
0.98504
0.977313
1.00792
0.990501
0.985394
0.991419
0.988455
0.986735
0.995306
0.991923
0.983495
0.994979
0.99643
0.985057
0.989756
0.988543
0.991042
1.00759
0.993457
0.988215
0.987884
0.982087
0.985427
0.982131
0.9957
0.986414
0.978986
0.975348
0.978542
0.9874
0.970641
0.998487
0.985942
0.995982
0.991319
0.982782
0.972101
0.9814
0.977503
0.981469
0.983284
0.988874
0.982368
0.988045
0.983479
0.971999
0.96774
0.983559
0.999828
0.993305
0.993831
0.986947
0.981722
0.983762
0.976245
0.9731
0.973657
0.981505
0.983019
0.978584
0.969854
0.981105
0.966363
0.968675
0.968615
0.984193
0.992525
0.978316
0.976538
0.97215
0.969019
0.992368
0.980207
0.976678
0.97473
0.973148
0.977703
0.97549
0.995211
0.974702
0.972567
0.98234
0.97149
0.974993
0.971257
0.967961
0.973176
0.977517
0.97571
0.97923
0.982795
0.982164
0.981981
0.975553
0.979371
0.988965
0.971191
0.980683
0.972694
0.969311
0.971
0.974007
0.969132
0.978261
0.9686
0.963997
0.967344
0.973809
0.981824
0.971912
0.967616
0.972776
0.976854
0.973874
0.979678
0.997332
0.978258
0.977884
0.972601
0.971029
0.969979
0.974156
0.988246
0.973884
0.980951
0.977192
0.979277
0.977735
0.979837
0.963079
0.966486
0.972745
0.964999
0.97514
0.956203
0.968858
0.9805
0.969678
0.975583
0.972109
0.987874
0.969156
0.971405
0.972283
0.967608
0.980044
0.96359
0.979546
0.966699
0.976327
0.962648
0.960493
0.961709
0.95654
0.973085
0.964057
0.958472
0.974939
0.96583
0.962513
0.973921
0.973987
0.963575
0.955548
0.986529
0.998603
0.974945
0.967342
0.967188
0.975502
0.969706
0.978639
0.960114
0.97562
0.966321
0.966217
0.964568
0.977177
0.973737
0.970175
0.967383
0.981507
0.973449
0.973955
0.960929
0.968052
0.966383
0.965021
0.971121
0.974828
0.967403
0.96783
0.967677
0.966515
0.966396
0.985772
0.970883
0.974693
0.971501
0.979787
0.978159
0.977376
0.972846
0.968616
0.965201
0.967059
0.965042
0.966903
0.976978
0.980448
0.973296
0.974641
0.979095
0.970036
0.986787
0.977654
0.974439
0.967753
0.976595
0.969755
0.970592
0.967176
0.967397
0.968207
0.968464
0.964792
0.972289
0.981289
0.965068
0.973946
0.96907
0.965711
0.973864
0.970165
0.971116
0.973099
0.967113
0.973681
0.971876
0.971743
0.977284
0.958819
0.968307
0.969137
0.969944
0.963592
0.964135
0.96544
0.971324
0.96254
0.96089
0.96082
0.95914
0.961296
0.961807
0.960993
0.963086
0.960717
0.971135
0.953315
0.968412
0.957018
0.958761
0.966525
0.991406
0.961794
0.964622
0.964207
0.957801
0.960261
0.959432
0.95979
0.961553
0.978557
0.955561
0.967414
0.958117
0.971006
0.957837
0.959214
0.957553
0.95988
0.961342
0.964127
0.956436
0.965389
0.955982
0.960045
0.96856
0.9621
0.959227
0.963592
0.954618
0.954384
0.955797
0.962584
0.961653
0.961421
0.96045
0.957366
0.954771
0.96576
0.959792
0.959338
0.966042
0.952053
0.953285
0.957719
0.950592
0.970124
0.954482
0.962111
0.954482
0.956373
0.969406
0.951229
0.959323
0.962123
0.958257
0.952209
0.964511
0.95652
0.964998
0.954649
0.964265
0.952572
0.962116
0.972908
0.957375
0.960606
0.956055
0.954149
0.952905
0.967241
0.963638
0.951845
0.954841
0.958622
0.954282
0.970018
0.956239
0.962569
0.95529
0.954271
0.951181
0.95903
0.964869
0.956344
0.955564
0.956816
0.956248
0.955313
0.961696
0.966908
0.957577
0.958559
0.967155
0.958625
0.959496
0.954503
0.956126
0.957332
0.959962
0.954887
0.969109
0.975497
0.959257
0.959108
0.963418
0.967628
0.961631
0.952917
0.95893
0.957444
0.959274
0.96267
0.958253
0.964266
0.958899
0.955595
0.957205
0.955304
0.958458
0.95682
0.955622
0.955166
0.948276
0.947402
0.955399
0.951949
0.958653
0.942433
0.944902
0.952581
0.944998
0.950454
0.947305
0.950095
0.944976
0.952794
0.946676
0.954564
0.954031
0.94898
0.955976
0.948863
0.95268
0.945895
0.948361
0.948836
0.936453
0.941203
0.956893
0.963942
0.964612
0.980553
0.945914
0.945548
0.957202
0.956032
0.959199
0.936498
0.947077
0.937334
0.933233
0.936093
0.943064
0.933684
0.945599
0.933551
0.93016
0.932935
0.929797
0.93789
0.932889
0.928795
0.930281
0.943202
0.934405
0.92832
0.946871
0.941645
0.934724
0.937362
0.936609
0.929432
0.94423
0.948516
0.943099
0.936835
0.936837
0.936532
0.947337
0.941528
0.927783
0.926358
0.930438
0.930776
0.932436
0.934193
0.938488
0.929166
0.930975
0.939742
0.938034
0.934684
0.938253
0.933302
0.94769
0.944726
0.958398
0.939383
0.947599
0.937496
0.945593
0.945165
0.939613
0.948249
0.94321
0.944265
0.940084
0.93562
0.937838
0.948779
0.945768
0.94756
0.946694
0.940516
0.942261
0.93786
0.9449
0.95039
0.9376
0.94241
0.933538
0.940733
0.93262
0.942352
0.947245
0.94153
0.936093
0.957405
0.949667
0.933069
0.955335
0.9454
0.938063
0.94715
0.942152
0.946952
0.94657
0.935115
0.952916
0.941514
0.938691
0.942056
0.943192
0.943035
0.937715
0.939531
0.937065
0.94572
0.941131
0.938994
0.939102
0.94075
0.945207
0.937516
0.946056
0.937064
0.949971
0.942661
0.949897
0.944238
0.941215
0.943514
0.944659
0.950603
0.960175
0.950021
0.948894
0.946894
0.95369
0.961806
0.948746
0.942792
0.95176
0.94481
0.945769
0.941186
0.938433
0.949886
0.945174
0.964742
0.939639
0.947883
0.970323
0.947504
0.95236
0.940359
0.952866
0.938937
0.944237
0.946406
0.950589
0.952615
0.948084
0.944997
0.955551
0.953798
0.939528
0.94981
0.945362
0.945553
0.935321
0.949344
0.94639
0.949798
0.943341
0.936902
0.942258
0.949064
0.942702
0.937783
0.941266
0.945878
0.941431
0.944982
0.935513
0.935756
0.935422
0.950569
0.944953
0.941769
0.954696
0.941323
0.934738
0.937946
0.929071
0.953044
0.947747
0.931453
0.935619
0.941209
0.937048
0.941174
0.938058
0.957383
0.941158
0.936274
0.935583
0.932202
0.933471
0.930543
0.939394
0.934019
0.937481
0.937117
0.942961
0.949419
0.945594
0.932424
0.938009
0.930792
0.936445
0.936613
0.935773
0.930796
0.945442
0.951596
0.942669
0.942609
0.932315
0.952284
0.943609
0.94078
0.943429
0.936743
0.933331
0.938383
0.933036
0.934289
0.930242
0.939219
0.947519
0.954778
0.931168
0.93401
0.940605
0.934686
0.934645
0.951699
0.947866
0.940706
0.939343
0.936441
0.935787
0.939434
0.947587
0.93381
0.938072
0.94341
0.950127
0.943622
0.937742
0.945804
0.939749
0.928327
0.92927
0.937717
0.938087
0.945154
0.937746
0.938204
0.943173
0.940196
0.936556
0.925407
0.933435
0.941925
0.936394
0.941363
0.942203
0.933427
0.934001
0.929795
0.933248
0.935545
0.933669
0.935344
0.938103
0.935251
0.930143
0.937562
0.944996
0.93423
0.948062
0.948572
0.943769
0.934556
0.940177
0.934053
0.938428
0.934182
0.943805
0.934912
0.933976
0.927072
0.932472
0.963851
0.930852
0.938926
0.940064
0.944958
0.938541
0.93928
0.93338
0.933571
0.928338
0.929281
0.930397
0.940366
0.944538
0.943674
0.932679
0.94804
0.930506
0.939308
0.928358
0.934326
0.926331
0.935311
0.924528
0.931093
0.929359
0.930664
0.930401
0.929313
0.929117
0.92437
0.926032
0.925904
0.92908
0.930511
0.940705
0.928662
0.929835
0.926722
0.947089
0.929258
0.924169
0.920574
0.933914
0.931525
0.929269
0.923882
0.935428
0.9252
0.928444
0.925969
0.931679
0.939605
0.928329
0.91893
0.922497
0.924852
0.921836
0.927607
0.922898
0.923865
0.926085
0.926401
0.924048
0.928322
0.935753
0.927424
0.928451
0.921667
0.920091
0.937011
0.933159
0.925316
0.915592
0.925581
0.926561
0.925934
0.920312
0.927655
0.918893
0.925446
0.925057
0.925806
0.918945
0.920294
0.921492
0.922736
0.925451
0.926175
0.92325
0.928508
0.938743
0.927106
0.921933
0.92474
0.922664
0.921659
0.927645
0.929165
0.929553
0.919002
0.933968
0.934984
0.937051
0.942856
0.934245
0.922795
0.92336
0.924529
0.927812
0.924134
0.936967
0.928234
0.925233
0.923742
0.923047
0.939097
0.93578
0.923076
0.926153
0.922578
0.919871
0.925943
0.92046
0.921383
0.926511
0.923616
0.9292
0.920752
0.922445
0.932815
0.924823
0.920361
0.91987
0.913909
0.927315
0.926526
0.926914
0.943713
0.931371
0.926934
0.926038
0.929118
0.936634
0.920772
0.922507
0.929087
0.923117
0.926718
0.926346
0.916251
0.926347
0.924646
0.923193
0.923675
0.932515
0.945306
0.931002
0.922753
0.930669
0.929978
0.927886
0.929282
0.924212
0.925102
0.928413
0.926106
0.926078
0.942984
0.933666
0.926775
0.924459
0.931287
0.928552
0.924232
0.919948
0.923401
0.927641
0.925441
0.922492
0.923362
0.925698
0.927996
0.922793
0.931039
0.923679
0.927651
0.919282
0.935746
0.92713
0.924405
0.933437
0.919464
0.931885
0.936371
0.94162
0.926347
0.927957
0.923641
0.918037
0.924926
0.920066
0.930793
0.921446
0.923898
0.918417
0.908341
0.917771
0.937245
0.921524
0.924502
0.917496
0.924162
0.91769
0.925745
0.914788
0.917824
0.914795
0.926582
0.917349
0.929022
0.926484
0.914461
0.915744
0.923829
0.927865
0.929954
0.924878
0.92036
0.917707
0.914677
0.91417
0.924471
0.915512
0.925267
0.910406
0.924019
0.91778
0.909879
0.909001
0.907672
0.910796
0.912889
0.913118
0.917832
0.918307
0.910844
0.93416
0.90815
0.9128
0.910703
0.91438
0.916842
0.919979
0.916464
0.909328
0.912828
0.90995
0.917625
0.915887
0.93197
0.924067
0.929172
0.917786
0.917497
0.920789
0.912084
0.92491
0.92101
0.914672
0.916869
0.912798
0.917235
0.918345
0.925191
0.921492
0.911892
0.915481
0.910821
0.912436
0.914984
0.924211
0.911348
0.909205
0.922117
0.915349
0.917977
0.913723
0.921443
0.912353
0.921177
0.932355
0.92602
0.914498
0.922433
0.908793
0.915502
0.912963
0.913394
0.920311
0.912941
0.916366
0.918106
0.921863
0.915854
0.9103
0.918818
0.913026
0.922864
0.914537
0.923078
0.911038
0.915481
0.90701
0.9113
0.911492
0.911885
0.904726
0.918133
0.916739
0.940813
0.913413
0.921425
0.915977
0.916594
0.905272
0.917036
0.914706
0.907027
0.911213
0.928243
0.913945
0.909461
0.917143
0.917728
0.924535
0.91613
0.908391
0.920094
0.913053
0.91303
0.909703
0.918664
0.908979
0.915404
0.926802
0.908389
0.915545
0.911151
0.904725
0.909698
0.915904
0.915366
0.912979
0.910626
0.913637
0.910639
0.908075
0.905169
0.91326
0.910781
0.9062
0.911232
0.903765
0.907942
0.925556
0.920182
0.918662
0.908731
0.904203
0.908445
0.908541
0.930118
0.92631
0.913757
0.907529
0.908329
0.91345
0.918865
0.930436
0.899202
0.90598
0.907211
0.90119
0.908666
0.911159
0.923736
0.910899
0.904752
0.897727
0.90922
0.905873
0.923038
0.906383
0.912942
0.920167
0.910347
0.902488
0.903385
0.909535
0.903222
0.901054
0.910152
0.901713
0.908883
0.914207
0.902637
0.906181
0.903286
0.905665
0.906854
0.904194
0.909809
0.901632
0.909758
0.897106
0.910927
0.907197
0.89852
0.904616
0.897748
0.8997
0.903978
0.901025
0.905564
0.90293
0.901703
0.908054
0.911088
0.904619
0.912893
0.907502
0.911641
0.901005
0.899085
0.901823
0.906069
0.905341
0.90562
0.903841
0.904702
0.898888
0.901327
0.907032
0.907313
0.917972
0.908412
0.915345
0.903246
0.911484
0.901231
0.901275
0.902979
0.896908
0.910794
0.90402
0.91007
0.900347
0.9274
0.915194
0.895204
0.907429
0.90226
0.908211
0.916113
0.910913
0.903757
0.902266
0.904127
0.898544
0.899539
0.907373
0.904675
0.906159
0.903198
0.903471
0.889903
0.914312
0.914706
0.899838
0.894027
0.897368
0.904821
0.898375
0.900193
0.918146
0.89558
0.901089
0.902679
0.897578
0.896396
0.896273
0.906546
0.89748
0.90204
0.895104
0.896934
0.904939
0.90089
0.906803
0.890066
0.898572
0.890825
0.913021
0.895713
0.892921
0.897607
0.886879
0.890151
0.89006
0.893865
0.907593
0.898676
0.896658
0.886071
0.892039
0.894296
0.912185
0.896794
0.893262
0.893118
0.889027
0.898354
0.900196
0.907587
0.8968
0.885131
0.886343
0.895251
0.892571
0.888529
0.891517
0.89088
0.8937
0.885317
0.901802
0.891287
0.890982
0.914649
0.902143
0.901213
0.894201
0.917171
0.900227
0.889349
0.906277
0.897556
0.896895
0.887991
0.883805
0.885943
0.896811
0.900581
0.890234
0.889808
0.887464
0.891033
0.895919
0.894941
0.903459
0.89167
0.890489
0.894421
0.889215
0.896155
0.891914
0.893048
0.89593
0.893454
0.909833
0.893348
0.893835
0.88911
0.907831
0.897138
0.897367
0.899426
0.891051
0.895212
0.898234
0.892728
0.899153
0.890434
0.893365
0.88993
0.891063
0.8913
0.890766
0.903977
0.907145
0.894753
0.903387
0.887579
0.894391
0.89226
0.89898
0.885712
0.896434
0.897506
0.888448
0.894268
0.897469
0.891413
0.89473
0.89427
0.886829
0.89945
0.892692
0.888681
0.896008
0.88981
0.895668
0.890263
0.894545
0.904924
0.895119
0.895572
0.891294
0.908355
0.900918
0.904637
0.888998
0.895266
0.893671
0.909722
0.897424
0.894232
0.906871
0.893219
0.897483
0.887241
0.89178
0.896785
0.909586
0.893619
0.903634
0.883468
0.886481
0.893561
0.897748
0.905284
0.900452
0.902345
0.901338
0.890048
0.885594
0.904962
0.90113
0.889016
0.888275
0.886115
0.888438
0.888721
0.883835
0.887641
0.891816
0.897227
0.88572
0.887914
0.884375
0.886202
0.888936
0.882018
0.88821
0.889386
0.89064
0.894717
0.886599
0.877488
0.877947
0.881778
0.892284
0.878613
0.905198
0.899477
0.894158
0.883259
0.879406
0.887429
0.882678
0.884854
0.886689
0.88365
0.880048
0.882623
0.878752
0.876042
0.895686
0.88336
0.884143
0.87948
0.88665
0.878111
0.879516
0.885066
0.878313
0.885086
0.876942
0.883814
0.88689
0.890308
0.893011
0.873237
0.896568
0.898594
0.890111
0.878827
0.874658
0.882558
0.887633
0.880597
0.894408
0.887304
0.880885
0.882946
0.892681
0.882635
0.886133
0.878028
0.880374
0.879661
0.877485
0.879859
0.883145
0.876287
0.872758
0.882738
0.888733
0.910959
0.877119
0.881641
0.883674
0.880417
0.892018
0.877259
0.874685
0.883296
0.882132
0.882664
0.875293
0.883346
0.88367
0.903602
0.89567
0.886574
0.876383
0.89082
0.880865
0.881871
0.881614
0.877526
0.882591
0.878343
0.878255
0.879891
0.895763
0.876455
0.877435
0.87701
0.875033
0.876069
0.878839
0.879453
0.878132
0.88453
0.898415
0.889508
0.880043
0.883431
0.879676
0.888932
0.890034
0.885315
0.888615
0.907858
0.889348
0.883831
0.874258
0.880032
0.877324
0.889552
0.883971
0.890208
0.895973
0.879894
0.879785
0.876589
0.889575
0.881212
0.886013
0.88254
0.881825
0.885333
0.885236
0.885602
0.879238
0.900954
0.882903
0.882461
0.887907
0.879139
0.881657
0.882268
0.880557
0.880945
0.884541
0.880662
0.888314
0.877036
0.890305
0.88809
0.882301
0.879994
0.888397
0.884659
0.878927
0.878024
0.883215
0.884574
0.881306
0.881954
0.883063
0.886081
0.884785
0.882771
0.880414
0.874278
0.874358
0.880446
0.895589
0.888666
0.876133
0.87423
0.877401
0.87559
0.874574
0.878733
0.89828
0.873938
0.884496
0.881897
0.875585
0.878321
0.881413
0.882755
0.895752
0.888353
0.881682
0.877166
0.871541
0.874703
0.898944
0.897805
0.881903
0.870585
0.866575
0.886612
0.875333
0.869394
0.871328
0.873082
0.868694
0.878304
0.869695
0.884061
0.874314
0.878093
0.869289
0.885167
0.865416
0.866918
0.869924
0.871874
0.868847
0.868793
0.871627
0.874607
0.873105
0.871367
0.866042
0.873775
0.86912
0.877691
0.867647
0.872736
0.869781
0.874276
0.875372
0.866208
0.877087
0.869029
0.86944
0.89205
0.868168
0.863276
0.878414
0.873569
0.871316
0.870458
0.871415
0.869915
0.876466
0.869372
0.886021
0.887014
0.876381
0.886488
0.873637
0.869118
0.872448
0.871029
0.878452
0.873503
0.877676
0.871601
0.872729
0.872269
0.866769
0.877073
0.873486
0.872613
0.870732
0.873099
0.87336
0.875446
0.874356
0.882421
0.873228
0.875532
0.873989
0.873241
0.870826
0.873604
0.872226
0.865336
0.871137
0.87368
0.878901
0.869749
0.869865
0.874941
0.862964
0.865064
0.872089
0.880866
0.874077
0.872286
0.889818
0.878751
0.881479
0.869227
0.873073
0.875933
0.868955
0.881345
0.871826
0.875124
0.867626
0.868831
0.871203
0.875965
0.877553
0.862055
0.86607
0.871104
0.866564
0.87497
0.866743
0.870071
0.86501
0.862523
0.867198
0.85836
0.868698
0.875433
0.873757
0.866135
0.864618
0.864622
0.869702
0.859759
0.85919
0.872896
0.867955
0.872855
0.861746
0.870429
0.878285
0.870601
0.860194
0.857914
0.859534
0.860644
0.86098
0.857908
0.857275
0.857507
0.855739
0.85683
0.855014
0.854274
0.857307
0.863696
0.87805
0.857064
0.870207
0.863153
0.865725
0.870406
0.859148
0.862551
0.854753
0.864088
0.862623
0.860872
0.862741
0.877802
0.870608
0.860663
0.859744
0.856293
0.863406
0.864526
0.86214
0.863907
0.864676
0.855431
0.856106
0.857043
0.86305
0.879351
0.882099
0.873534
0.86739
0.864604
0.863664
0.866239
0.872924
0.861704
0.861058
0.856463
0.86334
0.865983
0.856332
0.856915
0.865042
0.856025
0.852048
0.856194
0.853112
0.859517
0.858712
0.856704
0.854324
0.858154
0.857839
0.86457
0.863141
0.869088
0.878397
0.860659
0.860703
0.8573
0.862147
0.867689
0.862744
0.864606
0.861334
0.860329
0.85848
0.870396
0.859924
0.870648
0.876126
0.854066
0.855253
0.867415
0.86495
0.866459
0.858894
0.859836
0.859421
0.853604
0.854187
0.867525
0.863755
0.872281
0.859419
0.857908
0.851797
0.858223
0.854983
0.856453
0.862935
0.853146
0.856406
0.861959
0.851094
0.863796
0.860364
0.856758
0.859836
0.858838
0.860702
0.863442
0.848851
0.861766
0.855668
0.851946
0.859898
0.858453
0.845289
0.839083
0.851217
0.850304
0.867384
0.847514
0.843821
0.846787
0.849483
0.868791
0.856916
0.85689
0.85378
0.852952
0.859472
0.843181
0.850553
0.850988
0.861766
0.855193
0.849022
0.852026
0.849183
0.843913
0.863449
0.86107
0.842857
0.847558
0.852014
0.846815
0.849382
0.860377
0.854639
0.854483
0.844881
0.854314
0.848222
0.854218
0.841326
0.843894
0.85094
0.844833
0.84626
0.858926
0.859429
0.852532
0.856785
0.851085
0.854425
0.852553
0.859702
0.844009
0.84532
0.845094
0.840524
0.855027
0.851622
0.861786
0.866751
0.8498
0.843044
0.84309
0.855053
0.856214
0.87064
0.850514
0.853387
0.849238
0.839499
0.842658
0.846063
0.847159
0.84843
0.850994
0.858828
0.862137
0.851573
0.843183
0.843222
0.846097
0.856817
0.855194
0.864961
0.849486
0.852087
0.843695
0.852694
0.837267
0.849269
0.839362
0.842649
0.84035
0.849573
0.846203
0.848554
0.840479
0.84156
0.837171
0.843647
0.848498
0.845795
0.838852
0.838359
0.852802
0.84315
0.856465
0.845355
0.843997
0.846843
0.85242
0.839145
0.851384
0.853741
0.84809
0.845401
0.844317
0.847778
0.853618
0.841207
0.838139
0.84269
0.841418
0.840403
0.835569
0.840772
0.833467
0.846732
0.838744
0.833242
0.840515
0.835162
0.841351
0.844713
0.840706
