0.863747
0.865088
0.852035
0.842092
0.843027
0.843901
0.841224
0.84497
0.850814
0.868533
0.857466
0.864412
0.851178
0.84776
0.846631
0.84403
0.846659
0.841635
0.848298
0.849337
0.846764
0.840918
0.85154
0.85023
0.846631
0.859615
0.836984
0.855868
0.862786
0.86678
0.865623
0.848329
0.847618
0.847613
0.846647
0.850262
0.843623
0.844638
0.84879
0.848552
0.837293
0.842368
0.839179
0.851546
0.855451
0.847385
0.844876
0.845658
0.852784
0.842439
0.843231
0.851773
0.844415
0.847185
0.842182
0.845072
0.846527
0.866948
0.854154
0.852375
0.845539
0.841799
0.837772
0.837856
0.842635
0.852927
0.846505
0.85046
0.839938
0.846314
0.849809
0.839471
0.844634
0.853716
0.843364
0.845335
0.848115
0.84521
0.842143
0.860137
0.84864
0.844321
0.843954
0.84325
0.856367
0.842071
0.840288
0.832827
0.846983
0.855824
0.845823
0.842877
0.850268
0.841351
0.846259
0.840192
0.847442
0.839035
0.846605
0.834004
0.836401
0.843652
0.848479
0.836671
0.841005
0.843339
0.854666
0.844404
0.840305
0.849866
0.838207
0.838169
0.834748
0.839147
0.841784
0.8453
0.847342
0.835441
0.844192
0.846289
0.842411
0.843024
0.843183
0.832526
0.836395
0.844507
0.833712
0.829667
0.838337
0.833077
0.836363
0.83115
0.839474
0.838136
0.842413
0.834346
0.836057
0.831849
0.835599
0.830429
0.837709
0.837758
0.828476
0.836155
0.834084
0.834642
0.833748
0.850977
0.827143
0.851524
0.83521
0.840102
0.843788
0.837787
0.844624
0.836353
0.84419
0.836726
0.844745
0.836323
0.837272
0.836533
0.838903
0.834742
0.847378
0.848354
0.841632
0.833529
0.835766
0.839323
0.836807
0.828514
0.826226
0.832478
0.8342
0.835755
0.827765
0.831023
0.832949
0.837396
0.838679
0.838753
0.847562
0.836914
0.833574
0.835318
0.832921
0.837544
0.836353
0.852818
0.846516
0.831748
0.838774
0.835991
0.838532
0.852054
0.844656
0.828924
0.832815
0.827304
0.83355
0.835272
0.840575
0.824947
0.836389
0.85302
0.840654
0.836951
0.833727
0.835804
0.860229
0.840986
0.840723
0.8455
0.840867
0.844495
0.831537
0.83759
0.835568
0.838569
0.834381
0.833278
0.839509
0.83475
0.833266
0.828616
0.831706
0.83801
0.8281
0.838278
0.833868
0.831674
0.843631
0.855208
0.841567
0.840608
0.832838
0.850226
0.830869
0.831215
0.84009
0.836321
0.846713
0.83367
0.830731
0.836873
0.83169
0.834352
0.83502
0.844125
0.844918
0.832678
0.835121
0.837146
0.834886
0.847904
0.840787
0.838662
0.84455
0.848214
0.844914
0.831918
0.840957
0.831128
0.836518
0.827404
0.832756
0.833935
0.836776
0.833983
0.842513
0.839026
0.84541
0.829374
0.845466
0.837987
0.840785
0.834647
0.839002
0.832534
0.853515
0.841754
0.83449
0.826705
0.855676
0.839614
0.835026
0.838462
0.837974
0.83625
0.844891
0.841595
0.832567
0.844444
0.845969
0.83466
0.839102
0.838217
0.84085
0.839842
0.842233
0.837437
0.836851
0.831721
0.83492
0.831877
0.845009
0.835498
0.82842
0.824765
0.827825
0.822895
0.820146
0.848348
0.835689
0.845548
0.839735
0.832624
0.821848
0.830839
0.826758
0.830464
0.832261
0.833431
0.831597
0.837574
0.832905
0.819814
0.817178
0.832002
0.847591
0.841924
0.843365
0.836538
0.83131
0.83228
0.825414
0.822595
0.823345
0.831048
0.831787
0.828003
0.819175
0.830504
0.815727
0.818142
0.817927
0.833277
0.824572
0.8278
0.825283
0.821861
0.818654
0.84082
0.8299
0.826222
0.824136
0.821361
0.827155
0.825312
0.82868
0.824085
0.822071
0.832008
0.820609
0.824389
0.820396
0.817762
0.822742
0.827193
0.825376
0.828373
0.829472
0.829436
0.830052
0.825184
0.828485
0.837073
0.819938
0.829643
0.822374
0.818993
0.820028
0.823231
0.818294
0.825701
0.817534
0.813787
0.817016
0.823281
0.831331
0.821304
0.816632
0.822493
0.825366
0.821904
0.82926
0.829196
0.8276
0.826666
0.82029
0.820868
0.819654
0.82392
0.835443
0.823396
0.830447
0.825266
0.829144
0.82619
0.815882
0.8128
0.815763
0.822264
0.814544
0.824582
0.805916
0.818237
0.829823
0.819013
0.824185
0.821601
0.833512
0.818665
0.820604
0.820432
0.815997
0.829238
0.81321
0.829
0.816154
0.825778
0.812143
0.809589
0.810707
0.805809
0.822569
0.813499
0.807975
0.824567
0.815104
0.811929
0.822657
0.823768
0.813095
0.804917
0.834469
0.829239
0.824412
0.816798
0.816649
0.824752
0.819343
0.828084
0.809523
0.825101
0.815945
0.815606
0.814184
0.812817
0.8226
0.819802
0.816889
0.83117
0.822487
0.823404
0.810488
0.817808
0.816254
0.813291
0.820397
0.824536
0.812333
0.817588
0.816715
0.815942
0.814996
0.834308
0.819428
0.823039
0.819737
0.828441
0.826746
0.824372
0.820012
0.81671
0.813687
0.815279
0.813502
0.815492
0.825366
0.828493
0.820011
0.821628
0.82769
0.817899
0.817389
0.824903
0.821452
0.81604
0.825294
0.818516
0.819079
0.815695
0.814505
0.816793
0.816397
0.812846
0.820952
0.816114
0.81326
0.821674
0.817027
0.814055
0.821025
0.818609
0.819407
0.821771
0.815556
0.820951
0.818508
0.816506
0.825651
0.807586
0.816758
0.817583
0.8169
0.81182
0.812598
0.813608
0.819062
0.811329
0.808756
0.809497
0.806696
0.809792
0.810343
0.807984
0.811259
0.808914
0.819506
0.801613
0.816901
0.805361
0.80656
0.813453
0.821721
0.81003
0.811728
0.812663
0.80629
0.808409
0.805953
0.808245
0.810091
0.825207
0.803734
0.815936
0.806762
0.804193
0.806087
0.806724
0.806164
0.806721
0.810091
0.810844
0.805015
0.813978
0.804812
0.808444
0.815614
0.804064
0.807347
0.81206
0.803104
0.802815
0.804115
0.809668
0.810296
0.808238
0.808704
0.805145
0.80237
0.812795
0.806758
0.807982
0.81475
0.800386
0.801341
0.806285
0.797358
0.818151
0.802661
0.809796
0.802928
0.805115
0.799139
0.799654
0.807292
0.810287
0.805991
0.80072
0.81146
0.805042
0.813445
0.802496
0.812832
0.801167
0.810368
0.807781
0.805802
0.808881
0.804568
0.802718
0.801244
0.815691
0.812066
0.800059
0.80305
0.807136
0.802541
0.813593
0.804859
0.810946
0.803789
0.802674
0.799587
0.807135
0.813486
0.805118
0.803709
0.805257
0.80476
0.803717
0.809172
0.813815
0.805758
0.806609
0.815545
0.806514
0.807747
0.80286
0.804805
0.805439
0.808178
0.803185
0.814491
0.807166
0.806025
0.807211
0.812019
0.816265
0.810167
0.801394
0.807259
0.805833
0.808063
0.8112
0.806755
0.797711
0.807296
0.804245
0.806875
0.804848
0.808046
0.806618
0.805432
0.804813
0.797879
0.795574
0.804972
0.801609
0.806108
0.791727
0.794522
0.802327
0.794574
0.800146
0.79696
0.799671
0.794326
0.802588
0.796052
0.80436
0.802825
0.797315
0.805652
0.798432
0.802104
0.795127
0.798031
0.798167
0.785958
0.790611
0.806366
0.813372
0.813967
0.811362
0.795489
0.794864
0.806908
0.80541
0.807333
0.78576
0.796049
0.787764
0.783573
0.786259
0.791367
0.783976
0.780509
0.783822
0.780133
0.78298
0.779931
0.787625
0.783142
0.779041
0.780326
0.793494
0.784306
0.777793
0.796818
0.789401
0.7851
0.787736
0.786825
0.779884
0.79415
0.79904
0.791653
0.787098
0.786947
0.78691
0.797605
0.790192
0.778106
0.776248
0.781103
0.781049
0.782636
0.784846
0.788861
0.779527
0.781399
0.789938
0.787071
0.781822
0.787139
0.782307
0.796786
0.79043
0.791134
0.788542
0.795324
0.786139
0.794595
0.794441
0.788647
0.796746
0.790736
0.793165
0.789079
0.784397
0.786972
0.797905
0.794914
0.789897
0.786827
0.788847
0.789985
0.78618
0.792795
0.799027
0.786433
0.790146
0.782162
0.789201
0.78189
0.791349
0.79496
0.790555
0.784115
0.798666
0.79785
0.782104
0.804441
0.79447
0.786887
0.796183
0.791218
0.794583
0.794097
0.78422
0.801626
0.790579
0.787693
0.791317
0.791673
0.791349
0.785194
0.788851
0.785855
0.794932
0.790407
0.787999
0.787542
0.788563
0.794653
0.78643
0.794503
0.786118
0.798727
0.791604
0.798917
0.793186
0.789335
0.792101
0.79377
0.799451
0.809169
0.799239
0.797885
0.796136
0.802844
0.793514
0.796418
0.792143
0.800934
0.792668
0.795086
0.788903
0.78769
0.799246
0.793306
0.81289
0.788713
0.797023
0.804903
0.795656
0.801329
0.789501
0.801271
0.788007
0.791957
0.79527
0.799685
0.801658
0.797127
0.794069
0.801057
0.801964
0.788771
0.79893
0.79432
0.793195
0.784205
0.796856
0.794786
0.796965
0.792157
0.785956
0.791446
0.796939
0.790177
0.786792
0.790548
0.795167
0.790168
0.794305
0.784768
0.784644
0.784639
0.798072
0.792579
0.789122
0.786325
0.790573
0.784054
0.786878
0.777495
0.802244
0.795392
0.780578
0.784044
0.79
0.786198
0.790373
0.787237
0.790578
0.790391
0.785324
0.784685
0.781545
0.78096
0.779893
0.788782
0.783222
0.786285
0.786041
0.792263
0.790827
0.792282
0.780554
0.786966
0.780087
0.785379
0.785299
0.783298
0.779426
0.793742
0.799902
0.791846
0.791793
0.781041
0.800508
0.792559
0.789716
0.792805
0.785271
0.781221
0.787093
0.780733
0.783233
0.779378
0.78822
0.796889
0.786502
0.780234
0.783072
0.789867
0.783588
0.783881
0.800151
0.796588
0.790198
0.788434
0.785388
0.784834
0.788123
0.782359
0.783205
0.785432
0.79241
0.798754
0.792731
0.786718
0.794167
0.788637
0.777574
0.778249
0.786817
0.785705
0.791371
0.784793
0.787281
0.792239
0.789287
0.784449
0.774621
0.782557
0.791073
0.784012
0.790542
0.791109
0.782639
0.780974
0.778692
0.782676
0.783346
0.78262
0.784025
0.786453
0.784404
0.778869
0.785157
0.792529
0.78306
0.78588
0.788597
0.792758
0.782032
0.787818
0.782935
0.786931
0.782925
0.791267
0.783961
0.783185
0.775961
0.781172
0.799043
0.780144
0.787896
0.789231
0.794147
0.787804
0.788401
0.782565
0.78261
0.777303
0.778331
0.779432
0.789313
0.78977
0.79217
0.781306
0.797007
0.778439
0.78833
0.77738
0.783228
0.775387
0.78296
0.773812
0.778936
0.777184
0.778328
0.778177
0.778018
0.777918
0.772895
0.775241
0.775263
0.778144
0.777742
0.789416
0.777761
0.7785
0.775804
0.777665
0.778416
0.772931
0.769178
0.782953
0.779122
0.777596
0.772505
0.784264
0.774026
0.777322
0.774739
0.780826
0.775058
0.775838
0.767349
0.770929
0.773936
0.771123
0.776327
0.772057
0.77274
0.774688
0.773984
0.773171
0.777354
0.780142
0.776307
0.776047
0.770178
0.768606
0.786065
0.78087
0.77437
0.764549
0.774787
0.775412
0.774701
0.769242
0.775651
0.767887
0.774684
0.774265
0.774518
0.767934
0.769572
0.769187
0.771852
0.77456
0.775223
0.772383
0.776071
0.770357
0.77455
0.770427
0.773483
0.771482
0.770752
0.776545
0.777993
0.77837
0.767699
0.782591
0.783773
0.784655
0.777606
0.780759
0.771485
0.772342
0.773128
0.776651
0.773399
0.785564
0.776962
0.773932
0.772737
0.77218
0.787359
0.782834
0.770421
0.77447
0.771521
0.768806
0.774819
0.769572
0.769102
0.775283
0.772266
0.777909
0.770045
0.771935
0.778462
0.77261
0.769663
0.769033
0.763127
0.775775
0.775314
0.775979
0.791633
0.779675
0.775479
0.77476
0.77658
0.768231
0.769793
0.771511
0.778156
0.772027
0.775683
0.77538
0.765236
0.775246
0.774027
0.772491
0.771414
0.78162
0.779446
0.779628
0.771593
0.779192
0.779067
0.775584
0.778034
0.772685
0.773868
0.776186
0.774884
0.775197
0.792008
0.779398
0.774107
0.773276
0.779956
0.77725
0.77286
0.767671
0.77219
0.776823
0.774423
0.771629
0.77123
0.773398
0.776297
0.771478
0.780184
0.772069
0.77666
0.768525
0.784844
0.77598
0.77365
0.782108
0.768477
0.780985
0.785138
0.77289
0.775569
0.776575
0.772052
0.767129
0.773692
0.769372
0.779759
0.770601
0.772604
0.767034
0.757273
0.766652
0.772246
0.770441
0.773894
0.766023
0.772523
0.766786
0.774016
0.764004
0.766945
0.763766
0.775705
0.766323
0.777877
0.771894
0.76376
0.765063
0.772877
0.776888
0.779016
0.773864
0.768916
0.766562
0.763572
0.763261
0.772059
0.764596
0.773674
0.758129
0.77337
0.766682
0.759175
0.756004
0.756712
0.760114
0.76057
0.761445
0.767175
0.767334
0.759561
0.764368
0.756921
0.762014
0.759805
0.762059
0.765886
0.767622
0.765384
0.757653
0.761466
0.759019
0.766254
0.764112
0.771242
0.767664
0.778103
0.765018
0.766402
0.76982
0.761166
0.774027
0.769881
0.763818
0.765928
0.761547
0.766121
0.764341
0.77113
0.770655
0.760652
0.764622
0.760003
0.761608
0.763821
0.771007
0.758866
0.758075
0.770884
0.764576
0.767119
0.760292
0.769551
0.761746
0.768626
0.780504
0.775135
0.763675
0.769951
0.757542
0.764786
0.762042
0.762421
0.769307
0.761676
0.764087
0.76731
0.753323
0.76489
0.759416
0.767899
0.761986
0.772227
0.763585
0.772306
0.759913
0.764677
0.755662
0.759829
0.760543
0.760863
0.753987
0.767006
0.76481
0.774963
0.762758
0.770543
0.765207
0.765785
0.754434
0.765839
0.763983
0.755949
0.759889
0.774462
0.762982
0.758471
0.765353
0.766645
0.773785
0.761933
0.756851
0.76814
0.762028
0.760508
0.758776
0.767529
0.757929
0.764322
0.774993
0.757689
0.763154
0.759932
0.75363
0.758666
0.765004
0.763379
0.761677
0.758323
0.762634
0.759551
0.757555
0.754283
0.760513
0.76003
0.755297
0.759787
0.75259
0.757204
0.773367
0.769315
0.767922
0.757789
0.75348
0.757455
0.757487
0.777798
0.775197
0.762722
0.757005
0.75732
0.762514
0.767441
0.762002
0.747934
0.754742
0.755969
0.750062
0.757528
0.760276
0.772351
0.760109
0.753713
0.745351
0.758145
0.755087
0.758891
0.755325
0.760384
0.769021
0.757896
0.751148
0.752695
0.758651
0.752375
0.750003
0.759339
0.750953
0.757862
0.757333
0.751372
0.755145
0.752338
0.753457
0.754546
0.753336
0.758391
0.750922
0.759055
0.74614
0.758454
0.756368
0.747397
0.75288
0.746673
0.748526
0.752825
0.750162
0.754152
0.751648
0.750917
0.755614
0.759045
0.753058
0.761935
0.75666
0.743319
0.74861
0.748531
0.751115
0.75477
0.754517
0.754664
0.753122
0.753626
0.74765
0.750424
0.756117
0.756352
0.753267
0.757065
0.761452
0.75208
0.759715
0.750529
0.750356
0.751993
0.745819
0.758504
0.752899
0.759105
0.749511
0.775132
0.760423
0.744244
0.755458
0.751263
0.757102
0.765031
0.759668
0.752841
0.751408
0.752669
0.747488
0.747945
0.756239
0.752637
0.755122
0.752497
0.75259
0.738905
0.763389
0.763797
0.749037
0.743299
0.746345
0.753474
0.74653
0.749447
0.749435
0.744718
0.749934
0.751412
0.745961
0.745352
0.745263
0.754034
0.745288
0.751571
0.743917
0.746075
0.754102
0.748849
0.742307
0.737929
0.746266
0.739954
0.760238
0.744745
0.740875
0.746882
0.734086
0.739184
0.737407
0.742705
0.755169
0.745059
0.745411
0.735171
0.740485
0.742053
0.760676
0.745676
0.741969
0.7421
0.737801
0.747503
0.749325
0.756758
0.744728
0.734383
0.73553
0.744226
0.741592
0.737463
0.740656
0.739959
0.743014
0.734518
0.750708
0.740397
0.739525
0.763787
0.748987
0.748987
0.742963
0.748408
0.748978
0.738551
0.753363
0.746367
0.745728
0.736893
0.732845
0.735235
0.745446
0.748094
0.739329
0.738722
0.736652
0.740222
0.745081
0.743556
0.739167
0.740905
0.739852
0.742235
0.737264
0.745041
0.740764
0.741914
0.743452
0.74179
0.756575
0.742426
0.74231
0.737859
0.755877
0.745915
0.746417
0.745723
0.740115
0.744481
0.747156
0.741856
0.748246
0.738172
0.742649
0.737213
0.739443
0.740464
0.738529
0.751408
0.755896
0.74366
0.752627
0.736736
0.742537
0.741467
0.748021
0.734793
0.745636
0.746685
0.737707
0.743508
0.746679
0.740484
0.743952
0.743656
0.73592
0.748601
0.741859
0.737926
0.743891
0.738266
0.744006
0.73847
0.743755
0.753468
0.744154
0.74386
0.740552
0.75744
0.749616
0.735691
0.737893
0.743562
0.742996
0.758436
0.744975
0.743359
0.754387
0.742364
0.746143
0.736277
0.74096
0.745759
0.744751
0.741916
0.751339
0.732651
0.734684
0.742623
0.745098
0.754324
0.74716
0.749849
0.750352
0.739142
0.734668
0.748635
0.749816
0.738127
0.736371
0.734052
0.737277
0.738074
0.733114
0.737014
0.741081
0.744378
0.733018
0.73672
0.733452
0.73439
0.737985
0.730789
0.735663
0.737565
0.739411
0.743971
0.734238
0.726459
0.7271
0.730862
0.741322
0.726816
0.749636
0.731266
0.742489
0.732254
0.72785
0.736308
0.731922
0.73327
0.736048
0.731236
0.72843
0.731299
0.727589
0.724812
0.731184
0.731894
0.731867
0.726803
0.735946
0.727378
0.728599
0.73404
0.7269
0.732224
0.725885
0.732828
0.734519
0.738304
0.739231
0.72239
0.745621
0.747663
0.737878
0.728134
0.723704
0.731637
0.736394
0.728174
0.7429
0.735204
0.729972
0.7306
0.741398
0.730164
0.73523
0.727098
0.729472
0.728708
0.72658
0.728858
0.732147
0.725498
0.721926
0.731454
0.737364
0.740806
0.726205
0.730963
0.731277
0.729544
0.740954
0.726412
0.723941
0.732175
0.73138
0.731903
0.724367
0.732588
0.732895
0.738207
0.743423
0.735413
0.725369
0.740097
0.729983
0.73099
0.729945
0.726435
0.731384
0.727314
0.727167
0.727742
0.740041
0.72523
0.726431
0.726069
0.723831
0.724915
0.728046
0.728086
0.726978
0.732836
0.745703
0.738407
0.729081
0.731872
0.727668
0.738129
0.738815
0.732793
0.737465
0.754716
0.737145
0.732913
0.723487
0.72908
0.726262
0.738836
0.733194
0.73697
0.727948
0.729222
0.728792
0.725758
0.738651
0.729869
0.734982
0.731544
0.730986
0.7344
0.734128
0.734752
0.727671
0.736224
0.7316
0.731655
0.736983
0.728317
0.731036
0.731485
0.728752
0.729938
0.733163
0.729865
0.737399
0.725811
0.739496
0.733207
0.731591
0.728994
0.73763
0.733302
0.726555
0.726982
0.732036
0.733458
0.730405
0.73103
0.731959
0.73499
0.731299
0.73199
0.729625
0.723634
0.723202
0.729556
0.744628
0.736896
0.725175
0.723155
0.725955
0.724596
0.722559
0.727851
0.729787
0.723285
0.733714
0.731196
0.724554
0.727442
0.729222
0.731751
0.745056
0.736766
0.730506
0.72597
0.720615
0.723536
0.734323
0.745149
0.731031
0.71978
0.71578
0.735024
0.72417
0.718357
0.720325
0.721794
0.717996
0.725835
0.718655
0.730121
0.719359
0.727143
0.71806
0.734124
0.714608
0.715909
0.719188
0.719435
0.716332
0.717701
0.720878
0.723741
0.720544
0.719646
0.715386
0.722845
0.717842
0.726421
0.716724
0.721887
0.71745
0.72156
0.724159
0.715279
0.725826
0.717883
0.71814
0.723316
0.716923
0.712488
0.725539
0.722981
0.720389
0.719666
0.720352
0.718948
0.724757
0.718219
0.73533
0.735993
0.724846
0.720351
0.722949
0.718192
0.721275
0.72027
0.727621
0.722361
0.726135
0.720628
0.721469
0.7212
0.715395
0.726112
0.722379
0.71951
0.719838
0.720845
0.720865
0.724373
0.722632
0.731563
0.722233
0.723125
0.723383
0.722335
0.719775
0.723004
0.720125
0.714131
0.720433
0.72127
0.728095
0.718747
0.719017
0.72429
0.712293
0.714093
0.721023
0.730059
0.723087
0.721448
0.720566
0.727938
0.73034
0.718341
0.722124
0.725225
0.718039
0.72812
0.720973
0.724503
0.715036
0.71769
0.720458
0.725097
0.713095
0.711268
0.715365
0.720115
0.715488
0.723968
0.715655
0.71908
0.71394
0.711688
0.716414
0.706766
0.717569
0.724641
0.720657
0.714359
0.713618
0.713483
0.718946
0.708972
0.708118
0.720527
0.717129
0.721258
0.711061
0.719212
0.727385
0.719234
0.708581
0.706971
0.706953
0.70912
0.709159
0.706761
0.70655
0.706402
0.704898
0.705976
0.704125
0.703497
0.705526
0.713052
0.709699
0.706225
0.718236
0.71196
0.714522
0.71935
0.708138
0.711187
0.703932
0.713033
0.711507
0.709038
0.711005
0.727001
0.704652
0.709308
0.70894
0.705507
0.710863
0.713238
0.709876
0.71318
0.713251
0.704597
0.704383
0.706063
0.712004
0.72762
0.728125
0.722244
0.7154
0.71409
0.712303
0.715286
0.721192
0.710355
0.710123
0.705352
0.71211
0.715151
0.705476
0.706135
0.712615
0.704969
0.701079
0.705086
0.702234
0.708214
0.707936
0.705713
0.70312
0.70689
0.706979
0.713318
0.711968
0.71789
0.709821
0.708837
0.710087
0.706117
0.709935
0.716502
0.711523
0.713395
0.71039
0.709736
0.706197
0.718091
0.709222
0.719704
0.711783
0.702961
0.704237
0.716522
0.713836
0.715111
0.706418
0.709006
0.708465
0.702927
0.703531
0.716629
0.712862
0.719798
0.706218
0.706689
0.700541
0.706864
0.704094
0.705706
0.710719
0.702279
0.705356
0.710339
0.700341
0.71305
0.709391
0.70538
0.708045
0.70816
0.709983
0.712317
0.697591
0.710864
0.704938
0.700761
0.709001
0.707454
0.693663
0.688392
0.699782
0.699213
0.698809
0.696535
0.692947
0.694337
0.698684
0.718106
0.703742
0.704714
0.702807
0.70215
0.707367
0.692388
0.699884
0.699818
0.697301
0.704264
0.698223
0.700908
0.698239
0.693176
0.711477
0.708386
0.691688
0.695513
0.700851
0.69613
0.698602
0.708872
0.700969
0.703822
0.694379
0.703427
0.696539
0.70346
0.690855
0.693195
0.700297
0.694309
0.695666
0.706698
0.708779
0.701878
0.70531
0.70052
0.702887
0.702153
0.708981
0.693331
0.694835
0.694413
0.690119
0.704921
0.701209
0.711089
0.715892
0.699282
0.690959
0.692494
0.704644
0.70558
0.70783
0.699961
0.702916
0.698819
0.689004
0.692408
0.695684
0.69655
0.696892
0.700768
0.70829
0.711425
0.700926
0.692366
0.692769
0.696101
0.706383
0.701932
0.700994
0.698969
0.698434
0.694192
0.702111
0.68768
0.699965
0.689519
0.693195
0.690833
0.699995
0.696479
0.699019
0.690599
0.692339
0.687365
0.694263
0.695656
0.696446
0.689396
0.688684
0.703342
0.693377
0.706906
0.695816
0.694643
0.697215
0.702264
0.689285
0.701518
0.704083
0.69824
0.695492
0.694858
0.698166
0.702932
0.691489
0.688803
0.693304
0.691323
0.690633
0.68612
0.69119
0.684051
0.696488
0.688364
0.683118
0.690878
0.685558
0.692048
0.695114
0.690354
