4.30438
2.67369
2.1353
1.75131
1.37093
1.03059
0.749682
0.529676
-0.40416
-0.39619
-0.388654
-0.381504
-0.374701
-0.368212
-0.36201
-0.356069
-0.350369
-0.34489
-0.339617
-0.334535
-0.32963
-0.324891
-0.320307
-0.315869
-0.311568
-0.307397
-0.303347
-0.299413
-0.295589
-0.291869
-0.288248
-0.284722
-0.281286
-0.277936
-0.274669
-0.271481
-0.268368
-0.265329
-0.26236
-0.259458
-0.256621
-0.253846
-0.251132
-0.248475
-0.245875
-0.24333
-0.240836
-0.238394
-0.236001
-0.233655
-0.231356
-0.229101
-0.22689
-0.224721
-0.222593
-0.220504
-0.218455
-0.216442
-0.214466
-0.212526
-0.21062
-0.208747
-0.206907
-0.205099
-0.203322
-0.201575
-0.199858
-0.19817
-0.196509
-0.194876
-0.193269
-0.191688
-0.190132
-0.188601
-0.187093
-0.185609
-0.184149
-0.18271
-0.181293
-0.179898
-0.178523
-0.177169
-0.175835
-0.17452
-0.173224
-0.171947
-0.170688
-0.169447
-0.168223
-0.167016
-0.165826
-0.164652
-0.163495
-0.162353
-0.161226
-0.160114
-0.159017
-0.157934
-0.156866
-0.155811
-0.15477
-0.153742
-0.152727
-0.151725
-0.150736
-0.149758
-0.148793
-0.14784
-0.146898
-0.145968
-0.145049
-0.144141
-0.143244
-0.142357
-0.141481
-0.140615
-0.139758
-0.138912
-0.138075
-0.137248
-0.13643
-0.135621
-0.134821
-0.13403
-0.133247
-0.132473
-0.131707
-0.13095
-0.130201
-0.129459
-0.128726
-0.128
-0.127282
-0.126571
-0.125867
-0.125171
-0.124482
-0.123799
-0.123124
-0.122455
-0.121793
-0.121138
-0.120489
-0.119846
-0.11921
-0.11858
-0.117956
-0.117337
-0.116725
-0.116119
-0.115518
-0.114923
-0.114333
-0.113749
-0.11317
-0.112597
-0.112029
-0.111466
-0.110908
-0.110355
-0.109807
-0.109264
-0.108725
-0.108192
-0.107663
-0.107139
-0.106619
-0.106104
-0.105593
-0.105086
-0.104584
-0.104086
-0.103593
-0.103103
-0.102618
-0.102137
-0.101659
-0.101186
-0.100716
-0.10025
-0.0997884
-0.0993302
-0.0988757
-0.0984248
-0.0979776
-0.0975339
-0.0970937
-0.096657
-0.0962237
-0.0957938
-0.0953672
-0.094944
-0.094524
-0.0941072
-0.0936937
-0.0932832
-0.0928759
-0.0924717
-0.0920705
-0.0916724
-0.0912772
-0.0908849
-0.0904956
-0.0901091
-0.0897254
-0.0893446
-0.0889666
-0.0885912
-0.0882187
-0.0878488
-0.0874815
-0.0871169
-0.0867549
-0.0863954
-0.0860385
-0.0856841
-0.0853322
-0.0849828
-0.0846357
-0.0842911
-0.0839489
-0.0836091
-0.0832715
-0.0829363
-0.0826034
-0.0822727
-0.0819443
-0.0816181
-0.081294
-0.0809722
-0.0806525
-0.0803349
-0.0800194
-0.0797061
-0.0793947
-0.0790855
-0.0787782
-0.0784729
-0.0781697
-0.0778684
-0.077569
-0.0772716
-0.076976
-0.0766824
-0.0763906
-0.0761007
-0.0758126
-0.0755263
-0.0752418
-0.0749592
-0.0746782
-0.0743991
-0.0741216
-0.0738459
-0.0735719
-0.0732995
-0.0730289
-0.0727598
-0.0724925
-0.0722267
-0.0719626
-0.0717
-0.0714391
-0.0711797
-0.0709218
-0.0706655
-0.0704107
-0.0701574
-0.0699056
-0.0696554
-0.0694065
-0.0691592
-0.0689132
-0.0686688
-0.0684257
-0.068184
-0.0679438
-0.0677049
-0.0674674
-0.0672312
-0.0669964
-0.066763
-0.0665308
-0.0663
-0.0660705
-0.0658423
-0.0656153
-0.0653896
-0.0651652
-0.0649421
-0.0647202
-0.0644995
-0.06428
-0.0640617
-0.0638447
-0.0636288
-0.0634141
-0.0632006
-0.0629882
-0.062777
-0.0625669
-0.062358
-0.0621502
-0.0619435
-0.0617379
-0.0615334
-0.06133
-0.0611277
-0.0609264
-0.0607262
-0.0605271
-0.060329
-0.060132
-0.059936
-0.059741
-0.059547
-0.059354
-0.059162
-0.0589711
-0.0587811
-0.0585921
-0.058404
-0.0582169
-0.0580308
-0.0578456
-0.0576614
-0.0574781
-0.0572957
-0.0571142
-0.0569337
-0.056754
-0.0565753
-0.0563974
-0.0562205
-0.0560444
-0.0558692
-0.0556948
-0.0555213
-0.0553487
-0.0551769
-0.055006
-0.0548359
-0.0546666
-0.0544982
-0.0543305
-0.0541637
-0.0539977
-0.0538325
-0.0536681
-0.0535044
-0.0533416
-0.0531795
-0.0530183
-0.0528577
-0.052698
-0.052539
-0.0523807
-0.0522232
-0.0520665
-0.0519104
-0.0517551
-0.0516006
-0.0514467
-0.0512936
-0.0511412
-0.0509895
-0.0508384
-0.0506881
-0.0505385
-0.0503896
-0.0502413
-0.0500938
-0.0499469
-0.0498006
-0.0496551
-0.0495102
-0.0493659
-0.0492223
-0.0490794
-0.0489371
-0.0487954
-0.0486544
-0.048514
-0.0483742
-0.0482351
-0.0480966
-0.0479587
-0.0478214
-0.0476847
-0.0475486
-0.0474131
-0.0472782
-0.0471439
-0.0470101
-0.046877
-0.0467445
-0.0466125
-0.0464811
-0.0463502
-0.04622
-0.0460903
-0.0459611
-0.0458325
-0.0457045
-0.045577
-0.04545
-0.0453236
-0.0451977
-0.0450724
-0.0449476
-0.0448233
-0.0446996
-0.0445763
-0.0444536
-0.0443314
-0.0442098
-0.0440886
-0.0439679
-0.0438477
-0.0437281
-0.0436089
-0.0434902
-0.043372
-0.0432543
-0.0431371
-0.0430204
-0.0429042
-0.0427884
-0.0426731
-0.0425583
-0.0424439
-0.04233
-0.0422166
-0.0421036
-0.0419911
-0.041879
-0.0417674
-0.0416562
-0.0415455
-0.0414353
-0.0413254
-0.041216
-0.0411071
-0.0409986
-0.0408905
-0.0407828
-0.0406756
-0.0405688
-0.0404624
-0.0403564
-0.0402509
-0.0401457
-0.040041
-0.0399367
-0.0398328
-0.0397293
-0.0396262
-0.0395235
-0.0394212
-0.0393193
-0.0392178
-0.0391167
-0.0390159
-0.0389156
-0.0388156
-0.038716
-0.0386169
-0.038518
-0.0384196
-0.0383215
-0.0382239
-0.0381265
-0.0380296
-0.037933
-0.0378368
-0.0377409
-0.0376454
-0.0375503
-0.0374555
-0.0373611
-0.037267
-0.0371733
-0.0370799
-0.0369869
-0.0368942
-0.0368019
-0.0367099
-0.0366182
-0.0365269
-0.0364359
-0.0363453
-0.036255
-0.036165
-0.0360753
-0.035986
-0.035897
-0.0358083
-0.03572
-0.035632
-0.0355442
-0.0354568
-0.0353698
-0.035283
-0.0351965
-0.0351104
-0.0350246
-0.034939
-0.0348538
-0.0347689
-0.0346843
-0.0346
-0.034516
-0.0344323
-0.0343489
-0.0342657
-0.0341829
-0.0341004
-0.0340182
-0.0339362
-0.0338545
-0.0337732
-0.0336921
-0.0336113
-0.0335307
-0.0334505
-0.0333705
-0.0332908
-0.0332114
-0.0331323
-0.0330534
-0.0329749
-0.0328965
-0.0328185
-0.0327407
-0.0326632
-0.032586
-0.032509
-0.0324323
-0.0323558
-0.0322796
-0.0322037
-0.032128
-0.0320526
-0.0319774
-0.0319025
-0.0318279
-0.0317535
-0.0316793
-0.0316054
-0.0315318
-0.0314584
-0.0313852
-0.0313123
-0.0312396
-0.0311672
-0.031095
-0.0310231
-0.0309514
-0.0308799
-0.0308087
-0.0307377
-0.0306669
-0.0305964
-0.0305261
-0.030456
-0.0303862
-0.0303166
-0.0302472
-0.0301781
-0.0301092
-0.0300405
-0.029972
-0.0299037
-0.0298357
-0.0297679
-0.0297003
-0.029633
-0.0295658
-0.0294989
-0.0294322
-0.0293657
-0.0292994
-0.0292333
-0.0291674
-0.0291018
-0.0290363
-0.0289711
-0.0289061
-0.0288413
-0.0287767
-0.0287123
-0.0286481
-0.0285841
-0.0285203
-0.0284567
-0.0283933
-0.0283301
-0.0282671
-0.0282043
-0.0281417
-0.0280793
-0.0280171
-0.0279551
-0.0278933
-0.0278317
-0.0277702
-0.027709
-0.0276479
-0.0275871
-0.0275264
-0.0274659
-0.0274056
-0.0273455
-0.0272856
-0.0272259
-0.0271663
-0.0271069
-0.0270478
-0.0269887
-0.0269299
-0.0268713
-0.0268128
-0.0267545
-0.0266964
-0.0266385
-0.0265807
-0.0265231
-0.0264657
-0.0264085
-0.0263514
-0.0262945
-0.0262378
-0.0261813
-0.0261249
-0.0260687
-0.0260126
-0.0259568
-0.0259011
-0.0258455
-0.0257902
-0.0257349
-0.0256799
-0.025625
-0.0255703
-0.0255158
-0.0254614
-0.0254071
-0.0253531
-0.0252992
-0.0252454
-0.0251918
-0.0251384
-0.0250851
-0.025032
-0.024979
-0.0249262
-0.0248736
-0.0248211
-0.0247687
-0.0247165
-0.0246645
-0.0246126
-0.0245609
-0.0245093
-0.0244579
-0.0244066
-0.0243554
-0.0243044
-0.0242536
-0.0242029
-0.0241523
-0.0241019
-0.0240517
-0.0240015
-0.0239516
-0.0239017
-0.0238521
-0.0238025
-0.0237531
-0.0237038
-0.0236547
-0.0236057
-0.0235569
-0.0235082
-0.0234596
-0.0234112
-0.0233629
-0.0233147
-0.0232667
-0.0232188
-0.0231711
-0.0231235
-0.023076
-0.0230286
-0.0229814
-0.0229343
-0.0228874
-0.0228406
-0.0227939
-0.0227473
-0.0227009
-0.0226546
-0.0226084
-0.0225624
-0.0225164
-0.0224707
-0.022425
-0.0223795
-0.022334
-0.0222888
-0.0222436
-0.0221986
-0.0221537
-0.0221089
-0.0220642
-0.0220197
-0.0219752
-0.0219309
-0.0218868
-0.0218427
-0.0217988
-0.0217549
-0.0217112
-0.0216677
-0.0216242
-0.0215809
-0.0215376
-0.0214945
-0.0214515
-0.0214087
-0.0213659
-0.0213232
-0.0212807
-0.0212383
-0.021196
-0.0211538
-0.0211117
-0.0210698
-0.0210279
-0.0209862
-0.0209446
-0.020903
-0.0208616
-0.0208203
-0.0207792
-0.0207381
-0.0206971
-0.0206563
-0.0206155
-0.0205749
-0.0205343
-0.0204939
-0.0204536
-0.0204134
-0.0203733
-0.0203333
-0.0202934
-0.0202536
-0.0202139
-0.0201743
-0.0201348
-0.0200954
-0.0200562
-0.020017
-0.0199779
-0.019939
-0.0199001
-0.0198613
-0.0198227
-0.0197841
-0.0197456
-0.0197073
-0.019669
-0.0196308
-0.0195928
-0.0195548
-0.0195169
-0.0194791
-0.0194415
-0.0194039
-0.0193664
-0.019329
-0.0192917
-0.0192545
-0.0192174
-0.0191804
-0.0191435
-0.0191067
-0.01907
-0.0190333
-0.0189968
-0.0189604
-0.018924
-0.0188877
-0.0188516
-0.0188155
-0.0187795
-0.0187436
-0.0187078
-0.0186721
-0.0186365
-0.0186009
-0.0185655
-0.0185301
-0.0184949
-0.0184597
-0.0184246
-0.0183896
-0.0183547
-0.0183199
-0.0182851
-0.0182505
-0.0182159
-0.0181814
-0.018147
-0.0181127
-0.0180785
-0.0180444
-0.0180103
-0.0179763
-0.0179425
-0.0179086
-0.0178749
-0.0178413
-0.0178077
-0.0177743
-0.0177409
-0.0177076
-0.0176744
-0.0176412
-0.0176082
-0.0175752
-0.0175423
-0.0175095
-0.0174767
-0.0174441
-0.0174115
-0.017379
-0.0173466
-0.0173142
-0.017282
-0.0172498
-0.0172177
-0.0171856
-0.0171537
-0.0171218
-0.01709
-0.0170583
-0.0170267
-0.0169951
-0.0169636
-0.0169322
-0.0169008
-0.0168696
-0.0168384
-0.0168073
-0.0167762
-0.0167453
-0.0167144
-0.0166836
-0.0166528
-0.0166221
-0.0165916
-0.016561
-0.0165306
-0.0165002
-0.0164699
-0.0164397
-0.0164095
-0.0163794
-0.0163494
-0.0163194
-0.0162896
-0.0162598
-0.01623
-0.0162004
-0.0161708
-0.0161412
-0.0161118
-0.0160824
-0.0160531
-0.0160238
-0.0159946
-0.0159655
-0.0159365
-0.0159075
-0.0158786
-0.0158498
-0.015821
-0.0157923
-0.0157636
-0.0157351
-0.0157066
-0.0156781
-0.0156497
-0.0156214
-0.0155932
-0.015565
-0.0155369
-0.0155089
-0.0154809
-0.015453
-0.0154251
-0.0153973
-0.0153696
-0.0153419
-0.0153143
-0.0152868
-0.0152593
-0.0152319
-0.0152046
-0.0151773
-0.0151501
-0.0151229
-0.0150958
-0.0150688
-0.0150418
-0.0150149
-0.0149881
-0.0149613
-0.0149346
-0.0149079
-0.0148813
-0.0148547
-0.0148283
-0.0148018
-0.0147755
-0.0147492
-0.0147229
-0.0146967
-0.0146706
-0.0146446
-0.0146185
-0.0145926
-0.0145667
-0.0145409
-0.0145151
-0.0144894
-0.0144637
-0.0144381
-0.0144126
-0.0143871
-0.0143617
-0.0143363
-0.014311
-0.0142857
-0.0142605
-0.0142354
-0.0142103
-0.0141853
-0.0141603
-0.0141354
-0.0141105
-0.0140857
-0.0140609
-0.0140362
-0.0140116
-0.013987
-0.0139624
-0.013938
-0.0139135
-0.0138891
-0.0138648
-0.0138406
-0.0138163
-0.0137922
-0.0137681
-0.013744
-0.01372
-0.0136961
-0.0136722
-0.0136483
-0.0136245
-0.0136008
-0.0135771
-0.0135535
-0.0135299
-0.0135063
-0.0134829
-0.0134594
-0.0134361
-0.0134127
-0.0133894
-0.0133662
-0.013343
-0.0133199
-0.0132968
-0.0132738
-0.0132508
-0.0132279
-0.013205
-0.0131822
-0.0131594
-0.0131367
-0.013114
-0.0130914
-0.0130688
-0.0130463
-0.0130238
-0.0130013
-0.012979
-0.0129566
-0.0129343
-0.0129121
-0.0128899
-0.0128677
-0.0128456
-0.0128236
-0.0128016
-0.0127796
-0.0127577
-0.0127358
-0.012714
-0.0126922
-0.0126705
-0.0126488
-0.0126272
-0.0126056
-0.012584
-0.0125625
-0.0125411
-0.0125197
-0.0124983
-0.012477
-0.0124557
-0.0124345
-0.0124133
-0.0123922
-0.0123711
-0.0123501
-0.012329
-0.0123081
-0.0122872
-0.0122663
-0.0122455
-0.0122247
-0.012204
-0.0121833
-0.0121626
-0.012142
-0.0121214
-0.0121009
-0.0120804
-0.01206
-0.0120396
-0.0120192
-0.0119989
-0.0119787
-0.0119584
-0.0119382
-0.0119181
-0.011898
-0.0118779
-0.0118579
-0.011838
-0.011818
-0.0117981
-0.0117783
-0.0117585
-0.0117387
-0.011719
-0.0116993
-0.0116796
-0.01166
-0.0116405
-0.0116209
-0.0116014
-0.011582
-0.0115626
-0.0115432
-0.0115239
-0.0115046
-0.0114854
-0.0114662
-0.011447
-0.0114279
-0.0114088
-0.0113897
-0.0113707
-0.0113517
-0.0113328
-0.0113139
-0.0112951
-0.0112762
-0.0112575
-0.0112387
-0.01122
-0.0112013
-0.0111827
-0.0111641
-0.0111456
-0.0111271
-0.0111086
-0.0110901
-0.0110717
-0.0110534
-0.011035
-0.0110168
-0.0109985
-0.0109803
-0.0109621
-0.010944
-0.0109259
-0.0109078
-0.0108897
-0.0108718
-0.0108538
-0.0108359
-0.010818
-0.0108001
-0.0107823
-0.0107645
-0.0107468
-0.0107291
-0.0107114
-0.0106937
-0.0106761
-0.0106586
-0.010641
-0.0106235
-0.0106061
-0.0105886
-0.0105712
-0.0105539
-0.0105365
-0.0105193
-0.010502
-0.0104848
-0.0104676
-0.0104504
-0.0104333
-0.0104162
-0.0103992
-0.0103821
-0.0103652
-0.0103482
-0.0103313
-0.0103144
-0.0102975
-0.0102807
-0.0102639
-0.0102472
-0.0102305
-0.0102138
-0.0101971
-0.0101805
-0.0101639
-0.0101474
-0.0101308
-0.0101143
-0.0100979
-0.0100815
-0.0100651
-0.0100487
-0.0100324
-0.0100161
-0.0099998
-0.00998357
-0.00996736
-0.00995119
-0.00993505
-0.00991894
-0.00990286
-0.00988682
-0.0098708
-0.00985482
-0.00983886
-0.00982294
-0.00980705
-0.00979119
-0.00977536
-0.00975956
-0.00974379
-0.00972806
-0.00971235
-0.00969667
-0.00968102
-0.00966541
-0.00964982
-0.00963426
-0.00961874
-0.00960324
-0.00958778
-0.00957234
-0.00955693
-0.00954155
-0.00952621
-0.00951089
-0.0094956
-0.00948034
-0.00946511
-0.00944991
-0.00943474
-0.00941959
-0.00940448
-0.00938939
-0.00937434
-0.00935931
-0.00934431
-0.00932934
-0.0093144
-0.00929949
-0.0092846
-0.00926975
-0.00925492
-0.00924012
-0.00922535
-0.0092106
-0.00919589
-0.0091812
-0.00916654
-0.00915191
-0.0091373
-0.00912273
-0.00910818
-0.00909366
-0.00907917
-0.0090647
-0.00905026
-0.00903585
-0.00902146
-0.00900711
-0.00899278
-0.00897847
-0.0089642
-0.00894995
-0.00893573
-0.00892153
-0.00890736
-0.00889322
-0.0088791
-0.00886501
-0.00885095
-0.00883692
-0.00882291
-0.00880892
-0.00879496
-0.00878103
-0.00876713
-0.00875325
-0.00873939
-0.00872557
-0.00871177
-0.00869799
-0.00868424
-0.00867052
-0.00865682
-0.00864314
-0.0086295
-0.00861587
-0.00860228
-0.00858871
-0.00857516
-0.00856164
-0.00854814
-0.00853467
-0.00852122
-0.0085078
-0.00849441
-0.00848104
-0.00846769
-0.00845437
-0.00844107
-0.0084278
-0.00841455
-0.00840133
-0.00838813
-0.00837495
-0.0083618
-0.00834867
-0.00833557
-0.00832249
-0.00830944
-0.00829641
-0.0082834
-0.00827042
-0.00825747
-0.00824453
-0.00823162
-0.00821873
-0.00820587
-0.00819303
-0.00818022
-0.00816742
-0.00815465
-0.00814191
-0.00812919
-0.00811649
-0.00810381
-0.00809116
-0.00807853
-0.00806592
-0.00805334
-0.00804078
-0.00802824
-0.00801573
-0.00800323
-0.00799077
-0.00797832
-0.0079659
-0.00795349
-0.00794112
-0.00792876
-0.00791643
-0.00790412
-0.00789183
-0.00787956
-0.00786731
-0.00785509
-0.00784289
-0.00783072
-0.00781856
-0.00780642
-0.00779431
-0.00778222
-0.00777015
-0.00775811
-0.00774608
-0.00773408
-0.0077221
-0.00771014
-0.0076982
-0.00768628
-0.00767439
-0.00766251
-0.00765066
-0.00763883
-0.00762702
-0.00761523
-0.00760347
-0.00759172
-0.00757999
-0.00756829
-0.00755661
-0.00754494
-0.0075333
-0.00752168
-0.00751008
-0.0074985
-0.00748694
-0.00747541
-0.00746389
-0.00745239
-0.00744092
-0.00742946
-0.00741803
-0.00740661
-0.00739522
-0.00738384
-0.00737249
-0.00736116
-0.00734984
-0.00733855
-0.00732728
-0.00731602
-0.00730479
-0.00729358
-0.00728238
-0.00727121
-0.00726005
-0.00724892
-0.00723781
-0.00722671
-0.00721564
-0.00720458
-0.00719355
-0.00718253
-0.00717153
-0.00716056
-0.0071496
-0.00713866
-0.00712774
-0.00711684
-0.00710596
-0.0070951
-0.00708426
-0.00707343
-0.00706263
-0.00705184
-0.00704107
-0.00703033
-0.0070196
-0.00700889
-0.0069982
-0.00698753
-0.00697687
-0.00696624
-0.00695562
-0.00694502
-0.00693445
-0.00692389
-0.00691334
-0.00690282
-0.00689231
-0.00688183
-0.00687136
-0.00686091
-0.00685048
-0.00684006
-0.00682967
-0.00681929
-0.00680893
-0.00679859
-0.00678827
-0.00677796
-0.00676768
-0.00675741
-0.00674715
-0.00673692
-0.00672671
-0.00671651
-0.00670633
-0.00669616
-0.00668602
-0.00667589
-0.00666578
-0.00665569
-0.00664561
-0.00663556
-0.00662552
-0.00661549
-0.00660549
-0.0065955
-0.00658553
-0.00657558
-0.00656564
-0.00655572
-0.00654582
-0.00653593
-0.00652607
-0.00651621
-0.00650638
-0.00649656
-0.00648676
-0.00647698
-0.00646721
-0.00645747
-0.00644773
-0.00643802
-0.00642832
-0.00641863
-0.00640897
-0.00639932
-0.00638969
-0.00638007
-0.00637047
-0.00636089
-0.00635132
-0.00634177
-0.00633223
-0.00632272
-0.00631321
-0.00630373
-0.00629426
-0.00628481
-0.00627537
-0.00626595
-0.00625654
-0.00624716
-0.00623778
-0.00622843
-0.00621909
-0.00620976
-0.00620045
-0.00619116
-0.00618188
-0.00617262
-0.00616338
-0.00615415
-0.00614493
-0.00613573
-0.00612655
-0.00611738
-0.00610823
-0.00609909
-0.00608997
-0.00608087
-0.00607178
-0.0060627
-0.00605365
-0.0060446
-0.00603557
-0.00602656
-0.00601756
-0.00600858
-0.00599961
-0.00599066
-0.00598172
-0.0059728
-0.00596389
-0.005955
-0.00594612
-0.00593726
-0.00592841
-0.00591958
-0.00591077
-0.00590196
-0.00589317
-0.0058844
-0.00587564
-0.0058669
-0.00585817
-0.00584946
-0.00584076
-0.00583207
-0.0058234
-0.00581475
-0.00580611
-0.00579748
-0.00578887
-0.00578027
-0.00577169
-0.00576312
-0.00575456
-0.00574602
-0.00573749
-0.00572898
-0.00572049
-0.005712
-0.00570353
-0.00569508
-0.00568664
-0.00567821
-0.0056698
-0.0056614
-0.00565301
-0.00564464
-0.00563629
-0.00562794
-0.00561962
-0.0056113
-0.005603
-0.00559471
-0.00558644
-0.00557818
-0.00556993
-0.0055617
-0.00555348
-0.00554527
-0.00553708
-0.0055289
-0.00552074
-0.00551259
-0.00550445
-0.00549633
-0.00548822
-0.00548012
-0.00547204
-0.00546397
-0.00545591
-0.00544787
-0.00543984
-0.00543182
-0.00542382
-0.00541583
-0.00540785
-0.00539988
-0.00539193
-0.00538399
-0.00537607
-0.00536816
-0.00536026
-0.00535237
-0.0053445
-0.00533664
-0.0053288
-0.00532096
-0.00531314
-0.00530533
-0.00529754
-0.00528975
-0.00528199
-0.00527423
-0.00526648
-0.00525875
-0.00525103
-0.00524333
-0.00523563
-0.00522795
-0.00522029
-0.00521263
-0.00520499
-0.00519736
-0.00518974
-0.00518213
-0.00517454
-0.00516696
-0.00515939
-0.00515183
-0.00514429
-0.00513676
-0.00512924
-0.00512173
-0.00511424
-0.00510676
-0.00509929
-0.00509183
-0.00508438
-0.00507695
-0.00506953
-0.00506212
-0.00505472
-0.00504733
-0.00503996
-0.0050326
-0.00502525
-0.00501791
-0.00501059
-0.00500327
-0.00499597
-0.00498868
-0.0049814
-0.00497414
-0.00496688
-0.00495964
-0.00495241
-0.00494519
-0.00493798
-0.00493079
-0.0049236
-0.00491643
-0.00490927
-0.00490212
-0.00489498
-0.00488786
-0.00488074
-0.00487364
-0.00486655
-0.00485947
-0.0048524
-0.00484534
-0.00483829
-0.00483126
-0.00482424
-0.00481722
-0.00481022
-0.00480323
-0.00479626
-0.00478929
-0.00478233
-0.00477539
-0.00476845
-0.00476153
-0.00475462
-0.00474772
-0.00474083
-0.00473395
-0.00472709
-0.00472023
-0.00471339
-0.00470655
-0.00469973
-0.00469292
-0.00468612
-0.00467933
-0.00467255
-0.00466578
-0.00465902
-0.00465228
-0.00464554
-0.00463882
-0.0046321
-0.0046254
-0.00461871
-0.00461202
-0.00460535
-0.00459869
-0.00459204
-0.0045854
-0.00457877
-0.00457216
-0.00456555
-0.00455895
-0.00455236
-0.00454579
-0.00453922
-0.00453267
-0.00452612
-0.00451959
-0.00451306
-0.00450655
-0.00450005
-0.00449355
-0.00448707
-0.0044806
-0.00447414
-0.00446769
-0.00446124
-0.00445481
-0.00444839
-0.00444198
-0.00443558
-0.00442919
-0.00442281
-0.00441644
-0.00441008
-0.00440373
-0.00439739
-0.00439106
-0.00438474
-0.00437843
-0.00437213
-0.00436584
-0.00435956
-0.00435329
-0.00434703
-0.00434078
-0.00433454
-0.00432831
-0.00432209
-0.00431588
-0.00430968
-0.00430349
-0.00429731
-0.00429113
-0.00428497
-0.00427882
-0.00427268
-0.00426655
-0.00426042
-0.00425431
-0.0042482
-0.00424211
-0.00423603
-0.00422995
-0.00422389
-0.00421783
-0.00421178
-0.00420575
-0.00419972
-0.0041937
-0.00418769
-0.00418169
-0.0041757
-0.00416972
-0.00416375
-0.00415779
-0.00415184
-0.0041459
-0.00413996
-0.00413404
-0.00412812
-0.00412222
-0.00411632
-0.00411043
-0.00410456
-0.00409869
-0.00409283
-0.00408698
-0.00408114
-0.0040753
-0.00406948
-0.00406367
-0.00405786
-0.00405207
-0.00404628
-0.0040405
-0.00403473
-0.00402897
-0.00402322
-0.00401748
-0.00401175
-0.00400602
-0.00400031
-0.0039946
-0.00398891
-0.00398322
-0.00397754
-0.00397187
-0.00396621
-0.00396055
-0.00395491
-0.00394927
-0.00394365
-0.00393803
-0.00393242
-0.00392682
-0.00392123
-0.00391565
-0.00391007
-0.00390451
-0.00389895
-0.0038934
-0.00388786
-0.00388233
-0.00387681
-0.00387129
-0.00386579
-0.00386029
-0.0038548
-0.00384932
-0.00384385
-0.00383839
-0.00383293
-0.00382749
-0.00382205
-0.00381662
-0.0038112
-0.00380579
-0.00380038
-0.00379499
-0.0037896
-0.00378422
-0.00377885
-0.00377349
-0.00376813
-0.00376279
-0.00375745
-0.00375212
-0.0037468
-0.00374149
-0.00373618
-0.00373088
-0.0037256
-0.00372031
-0.00371504
-0.00370978
-0.00370452
-0.00369927
-0.00369403
-0.0036888
-0.00368358
-0.00367836
-0.00367316
-0.00366796
-0.00366276
-0.00365758
-0.0036524
-0.00364724
-0.00364208
-0.00363692
-0.00363178
-0.00362664
-0.00362152
-0.00361639
-0.00361128
-0.00360618
-0.00360108
-0.00359599
-0.00359091
-0.00358584
-0.00358077
-0.00357571
-0.00357066
-0.00356562
-0.00356058
-0.00355556
-0.00355054
-0.00354553
-0.00354052
-0.00353553
-0.00353054
-0.00352556
-0.00352058
-0.00351562
-0.00351066
-0.00350571
-0.00350076
-0.00349583
-0.0034909
-0.00348598
-0.00348106
-0.00347616
-0.00347126
-0.00346637
-0.00346149
-0.00345661
-0.00345174
-0.00344688
-0.00344203
-0.00343718
-0.00343234
-0.00342751
-0.00342269
-0.00341787
-0.00341306
-0.00340826
-0.00340346
-0.00339867
-0.00339389
-0.00338912
-0.00338435
-0.0033796
-0.00337484
-0.0033701
-0.00336536
-0.00336063
-0.00335591
-0.00335119
-0.00334649
-0.00334178
-0.00333709
-0.0033324
-0.00332772
-0.00332305
-0.00331838
-0.00331373
-0.00330907
-0.00330443
-0.00329979
-0.00329516
-0.00329054
-0.00328592
-0.00328131
-0.00327671
-0.00327211
-0.00326752
-0.00326294
-0.00325837
-0.0032538
-0.00324924
-0.00324468
-0.00324014
-0.00323559
-0.00323106
-0.00322653
-0.00322201
-0.0032175
-0.00321299
-0.0032085
-0.003204
-0.00319952
-0.00319504
-0.00319056
-0.0031861
-0.00318164
-0.00317719
-0.00317274
-0.0031683
-0.00316387
-0.00315944
-0.00315502
-0.00315061
-0.00314621
-0.00314181
-0.00313741
-0.00313303
-0.00312865
-0.00312428
-0.00311991
-0.00311555
-0.0031112
-0.00310685
-0.00310251
-0.00309818
-0.00309385
-0.00308953
-0.00308521
-0.00308091
-0.00307661
-0.00307231
-0.00306802
-0.00306374
-0.00305946
-0.0030552
-0.00305093
-0.00304668
-0.00304243
-0.00303818
-0.00303395
-0.00302971
-0.00302549
-0.00302127
-0.00301706
-0.00301285
-0.00300865
-0.00300446
-0.00300027
-0.00299609
-0.00299192
-0.00298775
-0.00298359
-0.00297943
-0.00297528
-0.00297114
-0.002967
-0.00296287
-0.00295875
-0.00295463
-0.00295051
-0.00294641
-0.00294231
-0.00293821
-0.00293413
-0.00293004
-0.00292597
-0.0029219
-0.00291783
-0.00291377
-0.00290972
-0.00290568
-0.00290164
-0.0028976
-0.00289358
-0.00288955
-0.00288554
-0.00288153
-0.00287752
-0.00287353
-0.00286953
-0.00286555
-0.00286157
-0.00285759
-0.00285362
-0.00284966
-0.00284571
-0.00284175
-0.00283781
-0.00283387
-0.00282994
-0.00282601
-0.00282209
-0.00281817
-0.00281426
-0.00281036
-0.00280646
-0.00280257
-0.00279868
-0.0027948
-0.00279092
-0.00278705
-0.00278319
-0.00277933
-0.00277548
-0.00277163
-0.00276779
-0.00276395
-0.00276012
-0.0027563
-0.00275248
-0.00274867
-0.00274486
-0.00274106
-0.00273726
-0.00273347
-0.00272969
-0.00272591
-0.00272214
-0.00271837
-0.0027146
-0.00271085
-0.0027071
-0.00270335
-0.00269961
-0.00269587
-0.00269214
-0.00268842
-0.0026847
-0.00268099
-0.00267728
-0.00267358
-0.00266988
-0.00266619
-0.00266251
-0.00265883
-0.00265515
-0.00265148
-0.00264782
-0.00264416
-0.0026405
-0.00263686
-0.00263321
-0.00262958
-0.00262594
-0.00262232
-0.0026187
-0.00261508
-0.00261147
-0.00260786
-0.00260426
-0.00260067
-0.00259708
-0.00259349
-0.00258992
-0.00258634
-0.00258277
-0.00257921
-0.00257565
-0.0025721
-0.00256855
-0.00256501
-0.00256147
-0.00255794
-0.00255441
-0.00255089
-0.00254737
-0.00254386
-0.00254035
-0.00253685
-0.00253336
-0.00252987
-0.00252638
-0.0025229
-0.00251942
-0.00251595
-0.00251249
-0.00250903
-0.00250557
-0.00250212
-0.00249867
-0.00249523
-0.0024918
-0.00248837
-0.00248494
-0.00248152
-0.00247811
-0.0024747
-0.00247129
-0.00246789
-0.00246449
-0.0024611
-0.00245772
-0.00245434
-0.00245096
-0.00244759
-0.00244423
-0.00244086
-0.00243751
-0.00243416
-0.00243081
-0.00242747
-0.00242413
-0.0024208
-0.00241747
-0.00241415
-0.00241083
-0.00240752
-0.00240421
-0.00240091
-0.00239761
-0.00239432
-0.00239103
-0.00238775
-0.00238447
-0.00238119
-0.00237792
-0.00237466
-0.0023714
-0.00236814
-0.00236489
-0.00236165
-0.00235841
-0.00235517
-0.00235194
-0.00234871
-0.00234549
-0.00234227
-0.00233906
-0.00233585
-0.00233265
-0.00232945
-0.00232625
-0.00232306
-0.00231988
-0.0023167
-0.00231352
-0.00231035
-0.00230718
-0.00230402
-0.00230086
-0.00229771
-0.00229456
-0.00229142
-0.00228828
-0.00228514
-0.00228201
-0.00227889
-0.00227577
-0.00227265
-0.00226954
-0.00226643
-0.00226333
-0.00226023
-0.00225713
-0.00225404
-0.00225096
-0.00224788
-0.0022448
-0.00224173
-0.00223866
-0.0022356
-0.00223254
-0.00222948
-0.00222643
-0.00222339
-0.00222035
-0.00221731
-0.00221428
-0.00221125
-0.00220823
-0.00220521
-0.00220219
-0.00219918
-0.00219617
-0.00219317
-0.00219017
-0.00218718
-0.00218419
-0.00218121
-0.00217823
-0.00217525
-0.00217228
-0.00216931
-0.00216635
-0.00216339
-0.00216043
-0.00215748
-0.00215454
-0.00215159
-0.00214866
-0.00214572
-0.00214279
-0.00213987
-0.00213695
-0.00213403
-0.00213112
-0.00212821
-0.0021253
-0.0021224
-0.00211951
-0.00211662
-0.00211373
-0.00211085
-0.00210797
-0.00210509
-0.00210222
-0.00209935
-0.00209649
-0.00209363
-0.00209078
-0.00208793
-0.00208508
-0.00208224
-0.0020794
-0.00207656
-0.00207373
-0.00207091
-0.00206808
-0.00206527
-0.00206245
-0.00205964
-0.00205684
-0.00205403
-0.00205124
-0.00204844
-0.00204565
-0.00204287
-0.00204008
-0.0020373
-0.00203453
-0.00203176
-0.00202899
-0.00202623
-0.00202347
-0.00202072
-0.00201797
-0.00201522
-0.00201248
-0.00200974
-0.00200701
-0.00200428
-0.00200155
-0.00199882
-0.00199611
-0.00199339
-0.00199068
-0.00198797
-0.00198527
-0.00198257
-0.00197987
-0.00197718
-0.00197449
-0.00197181
-0.00196913
-0.00196645
-0.00196378
-0.00196111
-0.00195844
-0.00195578
-0.00195312
-0.00195047
-0.00194782
-0.00194517
-0.00194253
-0.00193989
-0.00193725
-0.00193462
-0.00193199
-0.00192937
-0.00192675
-0.00192413
-0.00192152
-0.00191891
-0.00191631
-0.0019137
-0.00191111
-0.00190851
-0.00190592
-0.00190333
-0.00190075
-0.00189817
-0.00189559
-0.00189302
-0.00189045
-0.00188789
-0.00188533
-0.00188277
-0.00188021
-0.00187766
-0.00187512
-0.00187257
-0.00187003
-0.0018675
-0.00186497
-0.00186244
-0.00185991
-0.00185739
-0.00185487
-0.00185236
-0.00184985
-0.00184734
-0.00184483
-0.00184233
-0.00183984
-0.00183734
-0.00183485
-0.00183237
-0.00182989
-0.00182741
-0.00182493
-0.00182246
-0.00181999
-0.00181752
-0.00181506
-0.0018126
-0.00181015
-0.0018077
-0.00180525
-0.00180281
-0.00180037
-0.00179793
-0.00179549
-0.00179306
-0.00179064
-0.00178821
-0.00178579
-0.00178338
-0.00178096
-0.00177855
-0.00177615
-0.00177374
-0.00177134
-0.00176895
-0.00176655
-0.00176416
-0.00176178
-0.00175939
-0.00175701
-0.00175464
-0.00175226
-0.0017499
-0.00174753
-0.00174517
-0.00174281
-0.00174045
-0.0017381
-0.00173575
-0.0017334
-0.00173106
-0.00172872
-0.00172638
-0.00172405
-0.00172172
-0.00171939
-0.00171707
-0.00171475
-0.00171243
-0.00171012
-0.00170781
-0.0017055
-0.0017032
-0.0017009
-0.0016986
-0.00169631
-0.00169402
-0.00169173
-0.00168945
-0.00168716
-0.00168489
-0.00168261
-0.00168034
-0.00167807
-0.00167581
-0.00167354
-0.00167129
-0.00166903
-0.00166678
-0.00166453
-0.00166228
-0.00166004
-0.0016578
-0.00165556
-0.00165333
-0.0016511
-0.00164887
-0.00164665
-0.00164443
-0.00164221
-0.00163999
-0.00163778
-0.00163557
-0.00163337
-0.00163117
-0.00162897
-0.00162677
-0.00162458
-0.00162239
-0.0016202
-0.00161802
-0.00161584
-0.00161366
-0.00161148
-0.00160931
-0.00160714
-0.00160498
-0.00160282
-0.00160066
-0.0015985
-0.00159635
-0.0015942
-0.00159205
-0.0015899
-0.00158776
-0.00158562
-0.00158349
-0.00158136
-0.00157923
-0.0015771
-0.00157498
-0.00157286
-0.00157074
-0.00156862
-0.00156651
-0.0015644
-0.0015623
-0.00156019
-0.00155809
-0.001556
-0.0015539
-0.00155181
-0.00154972
-0.00154764
-0.00154556
-0.00154348
-0.0015414
-0.00153933
-0.00153725
-0.00153519
-0.00153312
-0.00153106
-0.001529
-0.00152695
-0.00152489
-0.00152284
-0.00152079
-0.00151875
-0.00151671
-0.00151467
-0.00151263
-0.0015106
-0.00150857
-0.00150654
-0.00150451
-0.00150249
-0.00150047
-0.00149846
-0.00149644
-0.00149443
-0.00149242
-0.00149042
-0.00148841
-0.00148642
-0.00148442
-0.00148242
-0.00148043
-0.00147844
-0.00147646
-0.00147447
-0.00147249
-0.00147052
-0.00146854
-0.00146657
-0.0014646
-0.00146263
-0.00146067
-0.00145871
-0.00145675
-0.00145479
-0.00145284
-0.00145089
-0.00144894
-0.001447
-0.00144506
-0.00144312
-0.00144118
-0.00143925
-0.00143732
-0.00143539
-0.00143346
-0.00143154
-0.00142962
-0.0014277
-0.00142578
-0.00142387
-0.00142196
-0.00142005
-0.00141815
-0.00141625
-0.00141435
-0.00141245
-0.00141056
-0.00140866
-0.00140678
-0.00140489
-0.00140301
-0.00140112
-0.00139925
-0.00139737
-0.0013955
-0.00139363
-0.00139176
-0.00138989
-0.00138803
-0.00138617
-0.00138431
-0.00138246
-0.0013806
-0.00137875
-0.00137691
-0.00137506
-0.00137322
-0.00137138
-0.00136954
-0.00136771
-0.00136588
-0.00136405
-0.00136222
-0.00136039
-0.00135857
-0.00135675
-0.00135494
-0.00135312
-0.00135131
-0.0013495
-0.00134769
-0.00134589
-0.00134409
-0.00134229
-0.00134049
-0.0013387
-0.0013369
-0.00133511
-0.00133333
-0.00133154
-0.00132976
-0.00132798
-0.0013262
-0.00132443
-0.00132266
-0.00132089
-0.00131912
-0.00131736
-0.00131559
-0.00131383
-0.00131208
-0.00131032
-0.00130857
-0.00130682
-0.00130507
-0.00130332
-0.00130158
-0.00129984
-0.0012981
-0.00129637
-0.00129463
-0.0012929
-0.00129117
-0.00128945
-0.00128772
-0.001286
-0.00128428
-0.00128256
-0.00128085
-0.00127914
-0.00127743
-0.00127572
-0.00127402
-0.00127231
-0.00127061
-0.00126891
-0.00126722
-0.00126553
-0.00126383
-0.00126215
-0.00126046
-0.00125878
-0.00125709
-0.00125541
-0.00125374
-0.00125206
-0.00125039
-0.00124872
-0.00124705
-0.00124539
-0.00124372
-0.00124206
-0.0012404
-0.00123875
-0.00123709
-0.00123544
-0.00123379
-0.00123214
-0.0012305
-0.00122886
-0.00122722
-0.00122558
-0.00122394
-0.00122231
-0.00122068
-0.00121905
-0.00121742
-0.0012158
-0.00121417
-0.00121255
-0.00121094
-0.00120932
-0.00120771
-0.00120609
-0.00120449
-0.00120288
-0.00120127
-0.00119967
-0.00119807
-0.00119647
-0.00119488
-0.00119328
-0.00119169
-0.0011901
-0.00118851
-0.00118693
-0.00118535
-0.00118377
-0.00118219
-0.00118061
-0.00117904
-0.00117746
-0.00117589
-0.00117433
-0.00117276
-0.0011712
-0.00116964
-0.00116808
-0.00116652
-0.00116497
-0.00116341
-0.00116186
-0.00116031
-0.00115877
-0.00115722
-0.00115568
-0.00115414
-0.0011526
-0.00115107
-0.00114953
-0.001148
-0.00114647
-0.00114495
-0.00114342
-0.0011419
-0.00114038
-0.00113886
-0.00113734
-0.00113582
-0.00113431
-0.0011328
-0.00113129
-0.00112979
-0.00112828
-0.00112678
-0.00112528
-0.00112378
-0.00112228
-0.00112079
-0.0011193
-0.00111781
-0.00111632
-0.00111483
-0.00111335
-0.00111187
-0.00111039
-0.00110891
-0.00110743
-0.00110596
-0.00110449
-0.00110302
-0.00110155
-0.00110008
-0.00109862
-0.00109716
-0.0010957
-0.00109424
-0.00109278
-0.00109133
-0.00108988
-0.00108843
-0.00108698
-0.00108553
-0.00108409
-0.00108265
-0.00108121
-0.00107977
-0.00107833
-0.0010769
-0.00107547
-0.00107404
-0.00107261
-0.00107118
-0.00106976
-0.00106834
-0.00106692
-0.0010655
-0.00106408
-0.00106267
-0.00106125
-0.00105984
-0.00105843
-0.00105703
-0.00105562
-0.00105422
-0.00105282
-0.00105142
-0.00105002
-0.00104862
-0.00104723
-0.00104584
-0.00104445
-0.00104306
-0.00104167
-0.00104029
-0.00103891
-0.00103753
-0.00103615
-0.00103477
-0.0010334
-0.00103203
-0.00103065
-0.00102928
-0.00102792
-0.00102655
-0.00102519
-0.00102383
-0.00102247
-0.00102111
-0.00101975
-0.0010184
-0.00101705
-0.0010157
-0.00101435
-0.001013
-0.00101166
-0.00101031
-0.00100897
-0.00100763
-0.00100629
-0.00100496
-0.00100362
-0.00100229
-0.00100096
-0.000999631
-0.000998304
-0.000996979
-0.000995656
-0.000994335
-0.000993015
-0.000991697
-0.000990381
-0.000989067
-0.000987754
-0.000986443
-0.000985134
-0.000983827
-0.000982522
-0.000981218
-0.000979916
-0.000978616
-0.000977318
-0.000976021
-0.000974727
-0.000973434
-0.000972142
-0.000970853
-0.000969565
-0.000968279
-0.000966995
-0.000965712
-0.000964431
-0.000963152
-0.000961875
-0.000960599
-0.000959326
-0.000958054
-0.000956783
-0.000955514
-0.000954248
-0.000952982
-0.000951719
-0.000950457
-0.000949197
-0.000947939
-0.000946682
-0.000945427
-0.000944174
-0.000942922
-0.000941672
-0.000940424
-0.000939178
-0.000937933
-0.00093669
-0.000935449
-0.000934209
-0.000932971
-0.000931734
-0.0009305
-0.000929267
-0.000928035
-0.000926806
-0.000925578
-0.000924351
-0.000923127
-0.000921904
-0.000920682
-0.000919463
-0.000918245
-0.000917028
-0.000915814
-0.000914601
-0.000913389
-0.000912179
-0.000910971
-0.000909765
-0.00090856
-0.000907356
-0.000906155
-0.000904955
-0.000903756
-0.00090256
-0.000901365
-0.000900171
-0.000898979
-0.000897789
-0.0008966
-0.000895413
-0.000894228
-0.000893044
-0.000891862
-0.000890681
-0.000889502
-0.000888324
-0.000887148
-0.000885974
-0.000884802
-0.00088363
-0.000882461
-0.000881293
-0.000880127
-0.000878962
-0.000877799
-0.000876637
-0.000875477
-0.000874318
-0.000873162
-0.000872006
-0.000870852
-0.0008697
-0.000868549
-0.0008674
-0.000866253
-0.000865107
-0.000863962
-0.000862819
-0.000861678
-0.000860538
-0.0008594
-0.000858263
-0.000857128
-0.000855994
-0.000854862
-0.000853731
-0.000852602
-0.000851475
-0.000850349
-0.000849224
-0.000848101
-0.00084698
-0.00084586
-0.000844741
-0.000843624
-0.000842509
-0.000841395
-0.000840282
-0.000839172
-0.000838062
-0.000836954
-0.000835848
-0.000834743
-0.000833639
-0.000832537
-0.000831437
-0.000830338
-0.00082924
-0.000828144
-0.00082705
-0.000825957
-0.000824865
-0.000823775
-0.000822686
-0.000821599
-0.000820513
-0.000819429
-0.000818346
-0.000817265
-0.000816185
-0.000815107
-0.00081403
-0.000812954
-0.00081188
-0.000810808
-0.000809736
-0.000808667
-0.000807598
-0.000806531
-0.000805466
-0.000804402
-0.00080334
-0.000802278
-0.000801219
-0.000800161
-0.000799104
-0.000798048
-0.000796994
-0.000795942
-0.000794891
-0.000793841
-0.000792793
-0.000791746
-0.0007907
-0.000789656
-0.000788613
-0.000787572
-0.000786532
-0.000785494
-0.000784457
-0.000783421
-0.000782387
-0.000781354
-0.000780322
-0.000779292
-0.000778264
-0.000777236
-0.00077621
-0.000775186
-0.000774163
-0.000773141
-0.00077212
-0.000771101
-0.000770084
-0.000769067
-0.000768052
-0.000767039
-0.000766026
-0.000765016
-0.000764006
-0.000762998
-0.000761991
-0.000760986
-0.000759982
-0.000758979
-0.000757977
-0.000756977
-0.000755979
-0.000754981
-0.000753985
-0.00075299
-0.000751997
-0.000751005
-0.000750014
-0.000749025
-0.000748037
-0.00074705
-0.000746065
-0.000745081
-0.000744098
-0.000743117
-0.000742137
-0.000741158
-0.000740181
-0.000739205
-0.00073823
-0.000737256
-0.000736284
-0.000735313
-0.000734344
-0.000733375
-0.000732408
-0.000731443
-0.000730478
-0.000729515
-0.000728553
-0.000727593
-0.000726634
-0.000725676
-0.000724719
-0.000723764
-0.00072281
-0.000721857
-0.000720905
-0.000719955
-0.000719006
-0.000718059
-0.000717112
-0.000716167
-0.000715223
-0.00071428
-0.000713339
-0.000712399
-0.00071146
-0.000710523
-0.000709586
-0.000708651
-0.000707717
-0.000706785
-0.000705854
-0.000704924
-0.000703995
-0.000703067
-0.000702141
-0.000701216
-0.000700292
-0.000699369
-0.000698448
-0.000697528
-0.000696609
-0.000695691
-0.000694775
-0.00069386
-0.000692946
-0.000692033
-0.000691121
-0.000690211
-0.000689302
-0.000688394
-0.000687488
-0.000686582
-0.000685678
-0.000684775
-0.000683873
-0.000682973
-0.000682073
-0.000681175
-0.000680278
-0.000679382
-0.000678488
-0.000677594
-0.000676702
-0.000675811
-0.000674921
-0.000674033
-0.000673145
-0.000672259
-0.000671374
-0.00067049
-0.000669607
-0.000668726
-0.000667846
-0.000666967
-0.000666089
-0.000665212
-0.000664336
-0.000663462
-0.000662589
-0.000661716
-0.000660845
-0.000659976
-0.000659107
-0.00065824
-0.000657373
-0.000656508
-0.000655644
-0.000654782
-0.00065392
-0.000653059
-0.0006522
-0.000651342
-0.000650485
-0.000649629
-0.000648774
-0.000647921
-0.000647068
-0.000646217
-0.000645367
-0.000644517
-0.00064367
-0.000642823
-0.000641977
-0.000641133
-0.000640289
-0.000639447
-0.000638606
-0.000637766
-0.000636927
-0.000636089
-0.000635252
-0.000634417
-0.000633582
-0.000632749
-0.000631917
-0.000631086
-0.000630256
-0.000629427
-0.000628599
-0.000627773
-0.000626947
-0.000626123
-0.000625299
-0.000624477
-0.000623656
-0.000622836
-0.000622017
-0.000621199
-0.000620382
-0.000619567
-0.000618752
-0.000617939
-0.000617126
-0.000616315
-0.000615505
-0.000614696
-0.000613887
-0.00061308
-0.000612275
-0.00061147
-0.000610666
-0.000609863
-0.000609062
-0.000608261
-0.000607462
-0.000606663
-0.000605866
-0.000605069
-0.000604274
-0.00060348
-0.000602687
-0.000601895
-0.000601104
-0.000600314
-0.000599525
-0.000598737
-0.00059795
-0.000597165
-0.00059638
-0.000595596
-0.000594814
-0.000594032
-0.000593252
-0.000592472
-0.000591694
-0.000590917
-0.00059014
-0.000589365
-0.000588591
-0.000587817
-0.000587045
-0.000586274
-0.000585504
-0.000584735
-0.000583967
-0.000583199
-0.000582433
-0.000581668
-0.000580904
-0.000580141
-0.000579379
-0.000578618
-0.000577858
-0.000577099
-0.000576342
-0.000575585
-0.000574829
-0.000574074
-0.00057332
-0.000572567
-0.000571815
-0.000571064
-0.000570314
-0.000569565
-0.000568818
-0.000568071
-0.000567325
-0.00056658
-0.000565836
-0.000565093
-0.000564351
-0.00056361
-0.00056287
-0.000562131
-0.000561393
-0.000560656
-0.00055992
-0.000559185
-0.000558451
-0.000557718
-0.000556986
-0.000556255
-0.000555525
-0.000554795
-0.000554067
-0.00055334
-0.000552614
-0.000551888
-0.000551164
-0.00055044
-0.000549718
-0.000548997
-0.000548276
-0.000547557
-0.000546838
-0.00054612
-0.000545404
-0.000544688
-0.000543973
-0.000543259
-0.000542546
-0.000541834
-0.000541124
-0.000540413
-0.000539704
-0.000538996
-0.000538289
-0.000537583
-0.000536877
-0.000536173
-0.00053547
-0.000534767
-0.000534066
-0.000533365
-0.000532665
-0.000531966
-0.000531269
-0.000530572
-0.000529876
-0.000529181
-0.000528486
-0.000527793
-0.000527101
-0.000526409
-0.000525719
-0.000525029
-0.000524341
-0.000523653
-0.000522966
-0.00052228
-0.000521595
-0.000520911
-0.000520228
-0.000519546
-0.000518865
-0.000518184
-0.000517505
-0.000516826
-0.000516148
-0.000515471
-0.000514795
-0.00051412
-0.000513446
-0.000512773
-0.000512101
-0.000511429
-0.000510759
-0.000510089
-0.00050942
-0.000508752
-0.000508085
-0.000507419
-0.000506754
-0.00050609
-0.000505426
-0.000504764
-0.000504102
-0.000503441
-0.000502781
-0.000502122
-0.000501464
-0.000500806
-0.00050015
-0.000499494
-0.00049884
-0.000498186
-0.000497533
-0.000496881
-0.00049623
-0.000495579
-0.00049493
-0.000494281
-0.000493633
-0.000492986
-0.00049234
-0.000491695
-0.000491051
-0.000490407
-0.000489764
-0.000489123
-0.000488482
-0.000487842
-0.000487202
-0.000486564
-0.000485926
-0.00048529
-0.000484654
-0.000484019
-0.000483385
-0.000482751
-0.000482119
-0.000481487
-0.000480856
-0.000480226
-0.000479597
-0.000478969
-0.000478341
-0.000477715
-0.000477089
-0.000476464
-0.00047584
-0.000475216
-0.000474594
-0.000473972
-0.000473351
-0.000472731
-0.000472112
-0.000471494
-0.000470876
-0.000470259
-0.000469643
-0.000469028
-0.000468414
-0.000467801
-0.000467188
-0.000466576
-0.000465965
-0.000465355
-0.000464745
-0.000464137
-0.000463529
-0.000462922
-0.000462316
-0.00046171
-0.000461106
-0.000460502
-0.000459899
-0.000459297
-0.000458695
-0.000458095
-0.000457495
-0.000456896
-0.000456297
-0.0004557
-0.000455103
-0.000454508
-0.000453912
-0.000453318
-0.000452725
-0.000452132
-0.00045154
-0.000450949
-0.000450359
-0.000449769
-0.00044918
-0.000448592
-0.000448005
-0.000447419
-0.000446833
-0.000446248
-0.000445664
-0.00044508
-0.000444498
-0.000443916
-0.000443335
-0.000442755
-0.000442175
-0.000441597
-0.000441019
-0.000440441
-0.000439865
-0.000439289
-0.000438714
-0.00043814
-0.000437567
-0.000436994
-0.000436422
-0.000435851
-0.000435281
-0.000434711
-0.000434142
-0.000433574
-0.000433007
-0.00043244
-0.000431874
-0.000431309
-0.000430745
-0.000430181
-0.000429618
-0.000429056
-0.000428495
-0.000427934
-0.000427374
-0.000426815
-0.000426257
-0.000425699
-0.000425142
-0.000424586
-0.000424031
-0.000423476
-0.000422922
-0.000422368
-0.000421816
-0.000421264
-0.000420713
-0.000420163
-0.000419614
-0.000419065
-0.000418516
-0.000417969
-0.000417422
-0.000416876
-0.000416331
-0.000415786
-0.000415242
-0.000414699
-0.000414157
-0.000413615
-0.000413074
-0.000412534
-0.000411994
-0.000411455
-0.000410917
-0.00041038
-0.000409843
-0.000409307
-0.000408772
-0.000408237
-0.000407704
-0.00040717
-0.000406638
-0.000406106
-0.000405575
-0.000405045
-0.000404515
-0.000403986
-0.000403458
-0.000402931
-0.000402404
-0.000401878
-0.000401352
-0.000400827
-0.000400303
-0.00039978
-0.000399257
-0.000398735
-0.000398214
-0.000397693
-0.000397173
-0.000396654
-0.000396136
-0.000395618
-0.000395101
-0.000394584
-0.000394068
-0.000393553
-0.000393039
-0.000392525
-0.000392012
-0.000391499
-0.000390988
-0.000390477
-0.000389966
-0.000389456
-0.000388947
-0.000388439
-0.000387931
-0.000387424
-0.000386918
-0.000386412
-0.000385907
-0.000385403
-0.000384899
-0.000384396
-0.000383894
-0.000383392
-0.000382891
-0.000382391
-0.000381891
-0.000381392
-0.000380893
-0.000380396
-0.000379899
-0.000379402
-0.000378906
-0.000378411
-0.000377917
-0.000377423
-0.00037693
-0.000376437
-0.000375945
-0.000375454
-0.000374964
-0.000374474
-0.000373984
-0.000373496
-0.000373008
-0.00037252
-0.000372034
-0.000371548
-0.000371062
-0.000370577
-0.000370093
-0.00036961
-0.000369127
-0.000368645
-0.000368163
-0.000367682
-0.000367202
-0.000366722
-0.000366243
-0.000365765
-0.000365287
-0.00036481
-0.000364333
-0.000363857
-0.000363382
-0.000362907
-0.000362433
-0.00036196
-0.000361487
-0.000361015
-0.000360544
-0.000360073
-0.000359602
-0.000359133
-0.000358664
-0.000358195
-0.000357727
-0.00035726
-0.000356794
-0.000356328
-0.000355862
-0.000355398
-0.000354933
-0.00035447
-0.000354007
-0.000353545
-0.000353083
-0.000352622
-0.000352162
-0.000351702
-0.000351242
-0.000350784
-0.000350326
-0.000349868
-0.000349411
-0.000348955
-0.0003485
-0.000348045
-0.00034759
-0.000347136
-0.000346683
-0.00034623
-0.000345778
-0.000345327
-0.000344876
-0.000344426
-0.000343976
-0.000343527
-0.000343079
-0.000342631
-0.000342183
-0.000341737
-0.00034129
-0.000340845
-0.0003404
-0.000339956
-0.000339512
-0.000339069
-0.000338626
-0.000338184
-0.000337743
-0.000337302
-0.000336861
-0.000336422
-0.000335983
-0.000335544
-0.000335106
-0.000334669
-0.000334232
-0.000333796
-0.00033336
-0.000332925
-0.00033249
-0.000332056
-0.000331623
-0.00033119
-0.000330758
-0.000330326
-0.000329895
-0.000329465
-0.000329035
-0.000328605
-0.000328176
-0.000327748
-0.00032732
-0.000326893
-0.000326467
-0.000326041
-0.000325615
-0.00032519
-0.000324766
-0.000324342
-0.000323919
-0.000323496
-0.000323074
-0.000322653
-0.000322232
-0.000321811
-0.000321391
-0.000320972
-0.000320553
-0.000320135
-0.000319717
-0.0003193
-0.000318883
-0.000318467
-0.000318052
-0.000317637
-0.000317222
-0.000316809
-0.000316395
-0.000315983
-0.00031557
-0.000315159
-0.000314747
-0.000314337
-0.000313927
-0.000313517
-0.000313108
-0.0003127
-0.000312292
-0.000311885
-0.000311478
-0.000311071
-0.000310666
-0.00031026
-0.000309856
-0.000309451
-0.000309048
-0.000308645
-0.000308242
-0.00030784
-0.000307439
-0.000307038
-0.000306637
-0.000306237
-0.000305838
-0.000305439
-0.00030504
-0.000304643
-0.000304245
-0.000303849
-0.000303452
-0.000303056
-0.000302661
-0.000302267
-0.000301872
-0.000301479
-0.000301086
-0.000300693
-0.000300301
-0.000299909
-0.000299518
-0.000299127
-0.000298737
-0.000298348
-0.000297959
-0.00029757
-0.000297182
-0.000296795
-0.000296408
-0.000296021
-0.000295635
-0.00029525
-0.000294865
-0.00029448
-0.000294096
-0.000293713
-0.00029333
-0.000292947
-0.000292565
-0.000292184
-0.000291803
-0.000291423
-0.000291043
-0.000290663
-0.000290284
-0.000289906
-0.000289528
-0.00028915
-0.000288773
-0.000288397
-0.000288021
-0.000287645
-0.000287271
-0.000286896
-0.000286522
-0.000286148
-0.000285775
-0.000285403
-0.000285031
-0.000284659
-0.000284288
-0.000283918
-0.000283548
-0.000283178
-0.000282809
-0.00028244
-0.000282072
-0.000281704
-0.000281337
-0.000280971
-0.000280604
-0.000280239
-0.000279873
-0.000279509
-0.000279144
-0.00027878
-0.000278417
-0.000278054
-0.000277692
-0.00027733
-0.000276968
-0.000276607
-0.000276247
-0.000275887
-0.000275527
-0.000275168
-0.00027481
-0.000274452
-0.000274094
-0.000273737
-0.00027338
-0.000273024
-0.000272668
-0.000272313
-0.000271958
-0.000271603
-0.000271249
-0.000270896
-0.000270543
-0.00027019
-0.000269838
-0.000269487
-0.000269136
-0.000268785
-0.000268435
-0.000268085
-0.000267736
-0.000267387
-0.000267038
-0.00026669
-0.000266343
-0.000265996
-0.000265649
-0.000265303
-0.000264958
-0.000264612
-0.000264268
-0.000263923
-0.000263579
-0.000263236
-0.000262893
-0.000262551
-0.000262209
-0.000261867
-0.000261526
-0.000261185
-0.000260845
-0.000260505
-0.000260166
-0.000259827
-0.000259488
-0.00025915
-0.000258813
-0.000258475
-0.000258139
-0.000257802
-0.000257467
-0.000257131
-0.000256796
-0.000256462
-0.000256128
-0.000255794
-0.000255461
-0.000255128
-0.000254796
-0.000254464
-0.000254133
-0.000253802
-0.000253471
-0.000253141
-0.000252811
-0.000252482
-0.000252153
-0.000251825
-0.000251497
-0.000251169
-0.000250842
-0.000250515
-0.000250189
-0.000249863
-0.000249538
-0.000249213
-0.000248888
-0.000248564
-0.00024824
-0.000247917
-0.000247594
-0.000247272
-0.00024695
-0.000246628
-0.000246307
-0.000245986
-0.000245666
-0.000245346
-0.000245026
-0.000244707
-0.000244389
-0.00024407
-0.000243753
-0.000243435
-0.000243118
-0.000242802
-0.000242486
-0.00024217
-0.000241854
-0.00024154
-0.000241225
-0.000240911
-0.000240597
-0.000240284
-0.000239971
-0.000239659
-0.000239347
-0.000239035
-0.000238724
-0.000238413
-0.000238103
-0.000237793
-0.000237483
-0.000237174
-0.000236865
-0.000236557
-0.000236249
-0.000235941
-0.000235634
-0.000235327
-0.000235021
-0.000234715
-0.000234409
-0.000234104
-0.000233799
-0.000233495
-0.000233191
-0.000232887
-0.000232584
-0.000232281
-0.000231979
-0.000231677
-0.000231375
-0.000231074
-0.000230774
-0.000230473
-0.000230173
-0.000229873
-0.000229574
-0.000229275
-0.000228977
-0.000228679
-0.000228381
-0.000228084
-0.000227787
-0.000227491
-0.000227195
-0.000226899
-0.000226603
-0.000226309
-0.000226014
-0.00022572
-0.000225426
-0.000225133
-0.00022484
-0.000224547
-0.000224255
-0.000223963
-0.000223671
-0.00022338
-0.00022309
-0.000222799
-0.000222509
-0.00022222
-0.00022193
-0.000221642
-0.000221353
-0.000221065
-0.000220777
-0.00022049
-0.000220203
-0.000219917
-0.00021963
-0.000219345
-0.000219059
-0.000218774
-0.000218489
-0.000218205
-0.000217921
-0.000217638
-0.000217354
-0.000217072
-0.000216789
-0.000216507
-0.000216225
-0.000215944
-0.000215663
-0.000215382
-0.000215102
-0.000214822
-0.000214543
-0.000214263
-0.000213985
-0.000213706
-0.000213428
-0.00021315
-0.000212873
-0.000212596
-0.00021232
-0.000212043
-0.000211767
-0.000211492
-0.000211217
-0.000210942
-0.000210667
-0.000210393
-0.00021012
-0.000209846
-0.000209573
-0.000209301
-0.000209028
-0.000208756
-0.000208485
-0.000208214
-0.000207943
-0.000207672
-0.000207402
-0.000207132
-0.000206863
-0.000206594
-0.000206325
-0.000206056
-0.000205788
-0.000205521
-0.000205253
-0.000204986
-0.00020472
-0.000204453
-0.000204187
-0.000203922
-0.000203657
-0.000203392
-0.000203127
-0.000202863
-0.000202599
-0.000202335
-0.000202072
