2.26948
1.55871
1.20017
-0.958973
-0.904572
-0.855217
-0.81155
-0.773257
-0.739674
-0.710086
-0.683843
-0.660394
-0.639762
-0.627735
-0.615561
-0.603406
-0.591426
-0.579926
-0.568714
-0.557948
-0.547507
-0.537406
-0.527654
-0.518233
-0.509133
-0.500359
-0.491893
-0.483728
-0.475801
-0.468154
-0.460798
-0.453704
-0.446845
-0.440203
-0.43377
-0.427538
-0.4215
-0.415649
-0.409975
-0.404467
-0.399118
-0.393921
-0.388868
-0.383953
-0.37917
-0.374513
-0.369975
-0.365553
-0.361239
-0.357031
-0.352924
-0.348913
-0.344994
-0.341164
-0.337419
-0.333757
-0.330174
-0.326665
-0.323231
-0.319867
-0.316572
-0.313343
-0.310177
-0.307073
-0.30403
-0.301044
-0.298116
-0.295241
-0.292421
-0.289653
-0.286925
-0.284256
-0.281637
-0.279067
-0.276543
-0.274061
-0.271623
-0.269227
-0.266872
-0.264557
-0.262284
-0.260049
-0.257852
-0.255695
-0.253574
-0.25149
-0.249441
-0.247428
-0.245448
-0.243502
-0.241588
-0.239708
-0.237858
-0.236041
-0.234254
-0.232496
-0.230768
-0.229068
-0.227398
-0.225755
-0.224138
-0.222549
-0.220987
-0.21945
-0.217937
-0.21645
-0.214987
-0.213548
-0.212131
-0.210739
-0.209367
-0.208018
-0.20669
-0.205384
-0.204098
-0.20283
-0.201585
-0.200357
-0.199149
-0.19796
-0.196789
-0.195635
-0.194499
-0.19338
-0.192278
-0.191192
-0.190122
-0.189067
-0.188028
-0.187005
-0.185994
-0.185
-0.184017
-0.183051
-0.182097
-0.181156
-0.180227
-0.179312
-0.178408
-0.177519
-0.176638
-0.175772
-0.174916
-0.17407
-0.173236
-0.172414
-0.171601
-0.170798
-0.170004
-0.169221
-0.168448
-0.167684
-0.166929
-0.166183
-0.165447
-0.164719
-0.163999
-0.163287
-0.162585
-0.16189
-0.161202
-0.160524
-0.159852
-0.159187
-0.158531
-0.15788
-0.157237
-0.156602
-0.155969
-0.155344
-0.154727
-0.154118
-0.153516
-0.15292
-0.152331
-0.151747
-0.151169
-0.150595
-0.150029
-0.149466
-0.14891
-0.148359
-0.147812
-0.147271
-0.146736
-0.146205
-0.145678
-0.145158
-0.144641
-0.14413
-0.143623
-0.143121
-0.142623
-0.142131
-0.141641
-0.141158
-0.140677
-0.140202
-0.13973
-0.139262
-0.138798
-0.138339
-0.137883
-0.137431
-0.136982
-0.136539
-0.136097
-0.135661
-0.135228
-0.134797
-0.13437
-0.133947
-0.133528
-0.133111
-0.132699
-0.132289
-0.131882
-0.13148
-0.131079
-0.130682
-0.130288
-0.129897
-0.12951
-0.129124
-0.128742
-0.128362
-0.127986
-0.127613
-0.127241
-0.126874
-0.126507
-0.126145
-0.125785
-0.125427
-0.125073
-0.124721
-0.12437
-0.124023
-0.123678
-0.123336
-0.122996
-0.122658
-0.122323
-0.121991
-0.121659
-0.121331
-0.121006
-0.120681
-0.12036
-0.120041
-0.119723
-0.119408
-0.119096
-0.118784
-0.118476
-0.118169
-0.117864
-0.117561
-0.117261
-0.116963
-0.116665
-0.116371
-0.116077
-0.115787
-0.115498
-0.115211
-0.114924
-0.114641
-0.114359
-0.11408
-0.113801
-0.113524
-0.11325
-0.112976
-0.112704
-0.112435
-0.112168
-0.1119
-0.111636
-0.111373
-0.111111
-0.110852
-0.110593
-0.110337
-0.11008
-0.109827
-0.109575
-0.109325
-0.109075
-0.108828
-0.108581
-0.108335
-0.108093
-0.107851
-0.107611
-0.107372
-0.107133
-0.106898
-0.106663
-0.106429
-0.106196
-0.105966
-0.105736
-0.105508
-0.105281
-0.105054
-0.10483
-0.104607
-0.104386
-0.104165
-0.103945
-0.103727
-0.10351
-0.103294
-0.103079
-0.102867
-0.102654
-0.102443
-0.102232
-0.102024
-0.101816
-0.101609
-0.101404
-0.1012
-0.100996
-0.100794
-0.100593
-0.100394
-0.100195
-0.0999961
-0.0998006
-0.0996041
-0.0994094
-0.099216
-0.0990222
-0.0988319
-0.0986404
-0.0984508
-0.0982623
-0.0980735
-0.0978881
-0.0977015
-0.0975166
-0.097333
-0.0971503
-0.0969672
-0.0967874
-0.0966065
-0.0964272
-0.0962491
-0.0960719
-0.0958943
-0.0957199
-0.0955443
-0.0953704
-0.0951975
-0.0950256
-0.0948531
-0.0946839
-0.0945135
-0.0943446
-0.0941768
-0.0940099
-0.0938424
-0.0936782
-0.0935126
-0.0933486
-0.0931857
-0.0930236
-0.0928623
-0.0927004
-0.0925416
-0.0923815
-0.092223
-0.0920654
-0.0919087
-0.0917527
-0.0915961
-0.0914425
-0.0912877
-0.0911343
-0.0909819
-0.0908302
-0.0906793
-0.0905277
-0.0903792
-0.0902292
-0.0900808
-0.0899332
-0.0897864
-0.0896403
-0.0894935
-0.0893498
-0.0892046
-0.0890608
-0.0889179
-0.0887758
-0.0886343
-0.0884934
-0.0883518
-0.0882132
-0.0880732
-0.0879345
-0.0877967
-0.0876596
-0.0875231
-0.0873872
-0.0872506
-0.0871169
-0.0869817
-0.0868479
-0.0867149
-0.0865826
-0.0864509
-0.0863197
-0.0861891
-0.0860577
-0.0859293
-0.0857993
-0.0856707
-0.0855428
-0.0854156
-0.0852889
-0.0851628
-0.0850358
-0.0849117
-0.0847861
-0.0846632
-0.0845387
-0.0844154
-0.0842929
-0.084171
-0.0840496
-0.0839274
-0.083808
-0.0836871
-0.0835688
-0.0834489
-0.0833302
-0.0832123
-0.0830949
-0.082978
-0.0828616
-0.0827443
-0.0826299
-0.0825138
-0.0824004
-0.0822853
-0.0821715
-0.0820583
-0.0819457
-0.0818335
-0.0817218
-0.0816092
-0.0814994
-0.0813879
-0.0812791
-0.0811686
-0.0810592
-0.0809506
-0.0808424
-0.0807347
-0.0806274
-0.0805206
-0.0804128
-0.0803078
-0.0802011
-0.080097
-0.0799912
-0.0798866
-0.0797826
-0.079679
-0.0795759
-0.0794732
-0.0793709
-0.079269
-0.0791661
-0.079066
-0.0789642
-0.078865
-0.078764
-0.0786641
-0.0785649
-0.0784661
-0.0783677
-0.0782697
-0.0781721
-0.0780748
-0.0779765
-0.077881
-0.0777837
-0.077689
-0.0775925
-0.0774971
-0.0774023
-0.0773094
-0.0772144
-0.0771204
-0.077027
-0.0769327
-0.0768411
-0.0767492
-0.076656
-0.0765654
-0.0764731
-0.0763833
-0.0762917
-0.0762012
-0.0761112
-0.0760217
-0.0759325
-0.0758436
-0.075755
-0.0756668
-0.0755775
-0.0754909
-0.0754039
-0.0753157
-0.0752301
-0.0751427
-0.0750564
-0.0749706
-0.0748866
-0.0748005
-0.0747155
-0.0746309
-0.0745468
-0.0744629
-0.074378
-0.0742957
-0.0742131
-0.0741291
-0.0740478
-0.0739646
-0.0738839
-0.0738013
-0.0737198
-0.0736388
-0.0735582
-0.0734778
-0.0733978
-0.073318
-0.0732385
-0.0731593
-0.0730803
-0.0730002
-0.0729229
-0.072845
-0.0727659
-0.0726893
-0.0726109
-0.0725336
-0.0724581
-0.0723806
-0.072304
-0.072228
-0.0721522
-0.0720768
-0.0720016
-0.0719266
-0.0718519
-0.0717761
-0.0717029
-0.0716293
-0.0715543
-0.0714819
-0.0714076
-0.0713358
-0.071262
-0.0711893
-0.0711184
-0.0710454
-0.0709734
-0.0709019
-0.0708306
-0.0707596
-0.0706889
-0.0706184
-0.0705481
-0.070478
-0.0704068
-0.0703382
-0.0702692
-0.0701987
-0.0701309
-0.0700611
-0.0699923
-0.069924
-0.069856
-0.0697883
-0.0697207
-0.0696534
-0.0695863
-0.069518
-0.0694523
-0.0693848
-0.0693196
-0.0692525
-0.0691864
-0.0691221
-0.0690557
-0.0689902
-0.0689252
-0.0688604
-0.0687958
-0.0687315
-0.0686674
-0.0686034
-0.0685397
-0.0684748
-0.0684125
-0.0683497
-0.0682869
-0.0682228
-0.0681613
-0.0680993
-0.0680372
-0.0679753
-0.0679122
-0.0678517
-0.0677907
-0.0677297
-0.0676673
-0.0676076
-0.0675474
-0.0674857
-0.0674265
-0.0673654
-0.0673067
-0.067246
-0.0671877
-0.0671274
-0.067068
-0.0670104
-0.0669507
-0.0668919
-0.0668335
-0.0667753
-0.0667173
-0.0666595
-0.0666019
-0.0665445
-0.0664872
-0.0664301
-0.0663731
-0.0663164
-0.0662584
-0.066203
-0.0661471
-0.0660896
-0.0660348
-0.0659794
-0.0659225
-0.0658681
-0.0658117
-0.0657564
-0.0657028
-0.065647
-0.0655922
-0.0655391
-0.0654838
-0.0654294
-0.0653754
-0.0653217
-0.0652681
-0.0652146
-0.0651613
-0.0651082
-0.0650552
-0.0650024
-0.0649498
-0.0648973
-0.0648435
-0.0647923
-0.0647406
-0.0646874
-0.0646367
-0.0645854
-0.0645327
-0.0644824
-0.0644302
-0.0643803
-0.0643284
-0.0642788
-0.0642272
-0.0641765
-0.0641261
-0.0640775
-0.0640265
-0.0639764
-0.0639267
-0.0638771
-0.0638278
-0.0637785
-0.0637294
-0.0636805
-0.0636317
-0.063583
-0.0635345
-0.0634861
-0.0634378
-0.0633897
-0.0633404
-0.0632935
-0.0632461
-0.0631972
-0.0631509
-0.0631039
-0.0630554
-0.0630094
-0.0629614
-0.0629157
-0.062868
-0.0628226
-0.0627751
-0.0627286
-0.0626838
-0.0626368
-0.0625907
-0.0625449
-0.0625007
-0.0624542
-0.0624086
-0.0623633
-0.0623182
-0.0622732
-0.0622284
-0.0621837
-0.0621391
-0.0620947
-0.0620503
-0.0620061
-0.061962
-0.061918
-0.0618728
-0.0618301
-0.0617868
-0.0617434
-0.0616986
-0.0616564
-0.0616135
-0.0615692
-0.0615273
-0.0614835
-0.0614419
-0.0613983
-0.0613569
-0.0613135
-0.0612724
-0.0612293
-0.061187
-0.0611464
-0.0611037
-0.0610618
-0.0610202
-0.0609802
-0.0609379
-0.0608964
-0.0608552
-0.0608143
-0.0607734
-0.0607327
-0.060692
-0.0606515
-0.0606111
-0.0605708
-0.0605306
-0.0604905
-0.0604505
-0.0604107
-0.0603709
-0.0603298
-0.0602913
-0.0602521
-0.0602129
-0.0601722
-0.0601341
-0.0600954
-0.0600551
-0.0600173
-0.0599789
-0.0599389
-0.0599014
-0.0598619
-0.0598247
-0.0597853
-0.0597483
-0.0597092
-0.059671
-0.0596345
-0.0595957
-0.0595578
-0.0595216
-0.0594831
-0.0594455
-0.0594082
-0.0593724
-0.0593344
-0.0592971
-0.0592602
-0.0592234
-0.0591867
-0.0591502
-0.0591137
-0.0590773
-0.059041
-0.0590048
-0.0589687
-0.0589327
-0.0588968
-0.058861
-0.0588252
-0.0587896
-0.058754
-0.0587172
-0.0586828
-0.0586478
-0.0586127
-0.0585763
-0.0585423
-0.0585076
-0.0584715
-0.0584378
-0.0584034
-0.0583675
-0.058334
-0.0582985
-0.0582653
-0.05823
-0.058197
-0.0581618
-0.0581289
-0.058094
-0.0580613
-0.0580265
-0.0579925
-0.0579603
-0.0579258
-0.0578921
-0.0578602
-0.0578259
-0.0577925
-0.0577594
-0.0577278
-0.0576939
-0.0576608
-0.057628
-0.0575954
-0.0575628
-0.0575304
-0.057498
-0.0574671
-0.0574338
-0.0574013
-0.0573692
-0.0573372
-0.0573052
-0.0572734
-0.0572416
-0.0572085
-0.057178
-0.0571467
-0.0571154
-0.057084
-0.0570527
-0.0570201
-0.0569899
-0.0569592
-0.0569282
-0.0568959
-0.0568661
-0.0568356
-0.0568036
-0.056774
-0.0567438
-0.0567119
-0.0566826
-0.0566511
-0.056622
-0.0565921
-0.0565607
-0.0565317
-0.0565006
-0.0564718
-0.0564409
-0.0564108
-0.0563825
-0.0563518
-0.0563234
-0.0562928
-0.0562631
-0.0562351
-0.0562048
-0.0561754
-0.0561476
-0.0561175
-0.0560882
-0.0560592
-0.0560318
-0.056002
-0.055973
-0.0559443
-0.0559157
-0.0558872
-0.0558588
-0.0558318
-0.0558025
-0.055774
-0.0557457
-0.0557176
-0.0556895
-0.0556616
-0.0556337
-0.0556058
-0.0555781
-0.0555504
-0.0555227
-0.0554951
-0.0554676
-0.0554388
-0.0554124
-0.0553854
-0.0553582
-0.055331
-0.0553039
-0.0552754
-0.0552494
-0.0552228
-0.055196
-0.0551678
-0.055142
-0.0551156
-0.0550877
-0.0550621
-0.0550359
-0.0550081
-0.0549828
-0.0549568
-0.0549291
-0.054904
-0.0548767
-0.0548517
-0.0548246
-0.0547997
-0.0547727
-0.054748
-0.0547211
-0.0546965
-0.0546697
-0.0546452
-0.0546185
-0.0545941
-0.0545676
-0.0545419
-0.0545179
-0.0544916
-0.0544661
-0.0544423
-0.0544161
-0.0543908
-0.0543672
-0.0543412
-0.054316
-0.0542911
-0.0542678
-0.0542421
-0.0542171
-0.0541925
-0.0541679
-0.0541434
-0.0541204
-0.054095
-0.0540704
-0.0540461
-0.0540219
-0.0539977
-0.0539736
-0.0539496
-0.0539256
-0.0539016
-0.0538778
-0.0538539
-0.0538302
-0.0538064
-0.0537828
-0.0537591
-0.0537356
-0.0537121
-0.0536886
-0.0536652
-0.0536418
-0.0536171
-0.0535949
-0.053572
-0.0535489
-0.0535258
-0.0535028
-0.0534784
-0.0534564
-0.0534338
-0.0534111
-0.0533869
-0.0533651
-0.0533427
-0.0533202
-0.0532962
-0.0532746
-0.0532524
-0.0532287
-0.0532073
-0.0531852
-0.0531616
-0.0531404
-0.0531171
-0.053096
-0.0530742
-0.0530508
-0.0530298
-0.0530068
-0.0529859
-0.052963
-0.0529423
-0.0529194
-0.0528988
-0.052876
-0.0528554
-0.0528327
-0.0528123
-0.0527897
-0.0527679
-0.0527479
-0.0527255
-0.0527053
-0.0526829
-0.0526614
-0.0526416
-0.0526194
-0.052598
-0.0525783
-0.0525563
-0.052535
-0.0525141
-0.0524946
-0.0524728
-0.0524517
-0.0524309
-0.0524116
-0.05239
-0.0523691
-0.0523484
-0.0523279
-0.0523089
-0.0522874
-0.0522668
-0.0522464
-0.052226
-0.0522058
-0.0521856
-0.0521654
-0.0521468
-0.0521257
-0.0521053
-0.0520853
-0.0520653
-0.0520454
-0.0520255
-0.0520057
-0.0519859
-0.0519662
-0.0519465
-0.0519268
-0.0519072
-0.0518877
-0.0518681
-0.0518486
-0.0518292
-0.0518098
-0.051789
-0.0517707
-0.0517517
-0.0517325
-0.0517133
-0.0516942
-0.0516751
-0.0516545
-0.0516365
-0.0516178
-0.0515989
-0.05158
-0.0515597
-0.0515419
-0.0515234
-0.0515047
-0.0514845
-0.0514669
-0.0514485
-0.05143
-0.05141
-0.0513925
-0.0513743
-0.0513545
-0.0513371
-0.051319
-0.0512993
-0.051282
-0.0512641
-0.0512445
-0.0512273
-0.051208
-0.051191
-0.0511732
-0.0511538
-0.0511369
-0.0511178
-0.0511009
-0.0510819
-0.0510652
-0.0510462
-0.0510296
-0.0510107
-0.0509941
-0.0509753
-0.0509587
-0.05094
-0.0509235
-0.0509049
-0.0508885
-0.0508699
-0.0508536
-0.0508351
-0.0508174
-0.0508014
-0.0507831
-0.0507669
-0.0507486
-0.0507311
-0.0507153
-0.0506971
-0.0506797
-0.050664
-0.050646
-0.0506287
-0.0506131
-0.0505951
-0.050578
-0.050561
-0.0505456
-0.0505278
-0.0505108
-0.050494
-0.0504787
-0.050461
-0.0504441
-0.0504275
-0.0504109
-0.0503958
-0.0503783
-0.0503616
-0.0503451
-0.0503287
-0.0503138
-0.0502964
-0.0502798
-0.0502635
-0.0502473
-0.0502311
-0.0502149
-0.0501988
-0.0501827
-0.0501667
-0.0501521
-0.0501351
-0.0501188
-0.0501028
-0.0500869
-0.050071
-0.0500551
-0.0500393
-0.0500236
-0.0500078
-0.0499921
-0.0499765
-0.0499608
-0.0499452
-0.0499296
-0.049914
-0.0498985
-0.049883
-0.0498676
-0.0498521
-0.0498367
-0.0498199
-0.0498056
-0.0497906
-0.0497754
-0.0497602
-0.0497449
-0.0497297
-0.0497146
-0.049698
-0.0496839
-0.0496691
-0.0496542
-0.0496392
-0.0496242
-0.0496078
-0.0495939
-0.0495793
-0.0495645
-0.0495497
-0.0495334
-0.0495197
-0.0495052
-0.0494906
-0.0494745
-0.0494608
-0.0494465
-0.049432
-0.049416
-0.0494024
-0.0493882
-0.0493723
-0.0493589
-0.0493448
-0.049329
-0.0493157
-0.0493016
-0.0492859
-0.0492727
-0.0492587
-0.0492431
-0.0492299
-0.049216
-0.0492005
-0.0491874
-0.0491722
-0.0491592
-0.0491454
-0.0491301
-0.0491171
-0.049102
-0.0490891
-0.0490741
-0.0490613
-0.0490463
-0.0490336
-0.0490187
-0.049006
-0.0489911
-0.0489785
-0.0489636
-0.0489511
-0.0489363
-0.0489238
-0.048909
-0.0488966
-0.0488819
-0.0488695
-0.0488548
-0.0488425
-0.0488279
-0.0488141
-0.0488021
-0.0487877
-0.0487754
-0.048761
-0.0487488
-0.0487344
-0.0487208
-0.0487089
-0.0486947
-0.0486812
-0.0486694
-0.0486552
-0.0486418
-0.0486301
-0.048616
-0.0486026
-0.048591
-0.048577
-0.0485637
-0.0485521
-0.0485382
-0.048525
-0.0485135
-0.0484996
-0.0484864
-0.0484736
-0.0484622
-0.0484484
-0.0484354
-0.0484227
-0.0484114
-0.0483977
-0.0483848
-0.0483721
-0.0483595
-0.0483484
-0.0483348
-0.048322
-0.0483095
-0.048297
-0.048286
-0.0482725
-0.0482598
-0.0482474
-0.048235
-0.0482227
-0.0482118
-0.0481985
-0.048186
-0.0481737
-0.0481614
-0.0481493
-0.0481371
-0.048125
-0.0481128
-0.0481022
-0.0480891
-0.0480767
-0.0480646
-0.0480526
-0.0480406
-0.0480286
-0.0480167
-0.0480048
-0.0479929
-0.047981
-0.0479692
-0.0479573
-0.0479455
-0.0479337
-0.047922
-0.0479102
-0.0478985
-0.0478868
-0.0478751
-0.0478635
-0.0478518
-0.0478402
-0.0478286
-0.047817
-0.0478055
-0.047794
-0.0477824
-0.047771
-0.0477595
-0.047748
-0.0477366
-0.0477252
-0.0477138
-0.0477025
-0.0476911
-0.0476798
-0.0476685
-0.0476572
-0.0476459
-0.0476347
-0.0476235
-0.0476123
-0.0476011
-0.0475899
-0.0475788
-0.0475677
-0.0475566
-0.0475455
-0.0475345
-0.0475234
-0.0475124
-0.0475014
-0.0474904
-0.047478
-0.0474681
-0.0474575
-0.0474467
-0.0474358
-0.047425
-0.0474127
-0.0474029
-0.0473924
-0.0473817
-0.047371
-0.0473588
-0.0473491
-0.0473387
-0.0473281
-0.047316
-0.0473064
-0.0472961
-0.0472856
-0.047275
-0.047263
-0.0472535
-0.0472432
-0.0472314
-0.0472219
-0.0472117
-0.0472014
-0.0471895
-0.0471801
-0.04717
-0.0471583
-0.047149
-0.0471389
-0.0471272
-0.047118
-0.047108
-0.0470964
-0.0470872
-0.0470772
-0.0470657
-0.0470565
-0.0470466
-0.0470351
-0.047026
-0.0470162
-0.0470047
-0.0469957
-0.0469845
-0.0469756
-0.0469658
-0.0469545
-0.0469455
-0.0469344
-0.0469255
-0.0469159
-0.0469046
-0.0468958
-0.0468847
-0.046876
-0.046865
-0.0468563
-0.0468468
-0.0468356
-0.0468269
-0.0468159
-0.0468073
-0.0467964
-0.0467878
-0.046777
-0.0467684
-0.0467576
-0.0467491
-0.0467384
-0.0467299
-0.0467191
-0.0467107
-0.0467
-0.0466915
-0.0466809
-0.0466725
-0.0466618
-0.0466535
-0.0466429
-0.0466346
-0.046624
-0.0466142
-0.0466062
-0.0465958
-0.0465875
-0.0465771
-0.0465688
-0.0465584
-0.0465488
-0.0465408
-0.0465305
-0.0465224
-0.046512
-0.0465025
-0.0464946
-0.0464844
-0.0464763
-0.0464661
-0.0464566
-0.0464488
-0.0464386
-0.0464292
-0.0464215
-0.0464114
-0.0464035
-0.0463933
-0.046384
-0.0463763
-0.0463663
-0.046357
-0.0463494
-0.0463394
-0.0463302
-0.0463226
-0.0463127
-0.0463035
-0.0462946
-0.0462871
-0.0462773
-0.0462681
-0.0462607
-0.0462509
-0.0462418
-0.0462329
-0.0462256
-0.0462159
-0.0462068
-0.0461981
-0.0461908
-0.0461811
-0.0461721
-0.0461634
-0.0461562
-0.0461466
-0.0461377
-0.046129
-0.0461219
-0.0461123
-0.0461034
-0.0460948
-0.0460863
-0.0460793
-0.0460698
-0.046061
-0.0460525
-0.046044
-0.046037
-0.0460276
-0.0460189
-0.0460104
-0.0460021
-0.0459937
-0.0459868
-0.0459775
-0.0459689
-0.0459605
-0.0459522
-0.0459439
-0.0459371
-0.0459279
-0.0459193
-0.045911
-0.0459028
-0.0458946
-0.0458865
-0.0458783
-0.0458716
-0.0458625
-0.0458541
-0.0458459
-0.0458378
-0.0458297
-0.0458217
-0.0458136
-0.0458056
-0.0457976
-0.0457896
-0.0457831
-0.0457741
-0.0457658
-0.0457578
-0.0457498
-0.0457419
-0.045734
-0.0457261
-0.0457182
-0.0457103
-0.0457025
-0.0456947
-0.0456868
-0.045679
-0.0456712
-0.0456634
-0.0456557
-0.0456479
-0.0456402
-0.0456324
-0.0456247
-0.045617
-0.0456093
-0.0456016
-0.045594
-0.0455863
-0.0455787
-0.045571
-0.0455634
-0.0455558
-0.0455482
-0.0455406
-0.0455331
-0.0455255
-0.045518
-0.0455104
-0.0455029
-0.0454954
-0.0454879
-0.0454805
-0.045473
-0.0454655
-0.0454581
-0.0454507
-0.0454432
-0.0454358
-0.0454285
-0.0454211
-0.0454137
-0.0454064
-0.045399
-0.0453917
-0.0453844
-0.0453771
-0.0453698
-0.0453625
-0.0453552
-0.045348
-0.0453407
-0.0453335
-0.0453263
-0.0453191
-0.0453119
-0.0453047
-0.0452975
-0.0452903
-0.0452832
-0.0452761
-0.0452689
-0.0452618
-0.0452547
-0.0452476
-0.0452406
-0.0452335
-0.0452264
-0.0452194
-0.0452124
-0.0452053
-0.0451983
-0.0451913
-0.0451844
-0.0451774
-0.0451704
-0.0451635
-0.0451565
-0.0451496
-0.0451427
-0.0451358
-0.0451289
-0.045122
-0.0451152
-0.0451083
-0.0451015
-0.0450946
-0.0450878
-0.045081
-0.0450742
-0.0450674
-0.0450606
-0.0450538
-0.0450471
-0.0450403
-0.0450336
-0.0450269
-0.0450202
-0.0450135
-0.0450068
-0.0450001
-0.0449934
-0.0449868
-0.0449801
-0.0449735
-0.0449669
-0.0449602
-0.0449536
-0.0449471
-0.0449405
-0.0449339
-0.0449273
-0.0449208
-0.0449143
-0.0449077
-0.0449012
-0.0448947
-0.0448882
-0.0448817
-0.0448752
-0.0448688
-0.0448623
-0.0448559
-0.0448495
-0.044843
-0.0448366
-0.0448302
-0.0448238
-0.0448174
-0.0448111
-0.0448047
-0.0447984
-0.044792
-0.0447857
-0.0447794
-0.0447731
-0.0447668
-0.0447605
-0.0447542
-0.0447479
-0.0447417
-0.0447354
-0.0447292
-0.044723
-0.0447168
-0.0447106
-0.0447044
-0.0446982
-0.044692
-0.0446858
-0.0446797
-0.0446735
-0.0446674
-0.0446613
-0.0446552
-0.0446491
-0.044643
-0.0446369
-0.0446308
-0.0446247
-0.0446187
-0.0446126
-0.0446066
-0.0446006
-0.0445945
-0.0445885
-0.0445825
-0.0445765
-0.0445706
-0.0445646
-0.0445586
-0.0445527
-0.0445467
-0.0445408
-0.0445349
-0.044529
-0.0445231
-0.0445172
-0.0445113
-0.0445054
-0.0444996
-0.0444937
-0.0444879
-0.044482
-0.0444762
-0.0444704
-0.0444646
-0.0444588
-0.044453
-0.0444472
-0.0444414
-0.0444357
-0.0444299
-0.0444242
-0.0444184
-0.0444127
-0.044407
-0.0444013
-0.0443956
-0.0443899
-0.0443842
-0.0443786
-0.0443729
-0.0443672
-0.0443616
-0.044356
-0.0443503
-0.0443447
-0.0443391
-0.0443335
-0.0443279
-0.0443223
-0.0443168
-0.0443112
-0.0443057
-0.0443001
-0.0442946
-0.0442891
-0.0442835
-0.044278
-0.0442725
-0.044267
-0.0442616
-0.0442561
-0.0442506
-0.0442452
-0.0442397
-0.0442343
-0.0442288
-0.0442234
-0.044218
-0.0442126
-0.0442072
-0.0442018
-0.0441964
-0.0441911
-0.0441857
-0.0441803
-0.044175
-0.0441697
-0.0441643
-0.044159
-0.0441537
-0.0441484
-0.0441431
-0.0441378
-0.0441325
-0.0441273
-0.044122
-0.0441167
-0.0441115
-0.0441063
-0.044101
-0.0440958
-0.0440906
-0.0440854
-0.0440802
-0.044075
-0.0440698
-0.0440647
-0.0440595
-0.0440544
-0.0440492
-0.0440441
-0.0440389
-0.0440338
-0.0440287
-0.0440236
-0.0440185
-0.0440134
-0.0440083
-0.0440033
-0.0439982
-0.0439931
-0.0439881
-0.043983
-0.043978
-0.043973
-0.043968
-0.0439629
-0.0439579
-0.0439529
-0.043948
-0.043943
-0.043938
-0.043933
-0.0439281
-0.0439231
-0.0439182
-0.0439133
-0.0439083
-0.0439034
-0.0438985
-0.0438936
-0.0438887
-0.0438838
-0.043879
-0.0438741
-0.0438692
-0.0438644
-0.0438595
-0.0438547
-0.0438498
-0.043845
-0.0438402
-0.0438354
-0.0438306
-0.0438258
-0.043821
-0.0438162
-0.0438115
-0.0438067
-0.0438019
-0.0437972
-0.0437924
-0.0437877
-0.043783
-0.0437782
-0.0437735
-0.0437688
-0.0437641
-0.0437594
-0.0437548
-0.0437501
-0.0437454
-0.0437407
-0.0437361
-0.0437314
-0.0437268
-0.0437222
-0.0437175
-0.0437129
-0.0437083
-0.0437037
-0.0436991
-0.0436945
-0.0436899
-0.0436854
-0.0436808
-0.0436762
-0.0436717
-0.0436671
-0.0436626
-0.043658
-0.0436535
-0.043649
-0.0436445
-0.04364
-0.0436355
-0.043631
-0.0436265
-0.043622
-0.0436175
-0.0436131
-0.0436086
-0.0436042
-0.0435997
-0.0435953
-0.0435909
-0.0435864
-0.043582
-0.0435776
-0.0435732
-0.0435688
-0.0435644
-0.04356
-0.0435557
-0.0435513
-0.0435469
-0.0435426
-0.0435382
-0.0435339
-0.0435296
-0.0435252
-0.0435209
-0.0435166
-0.0435123
-0.043508
-0.0435037
-0.0434994
-0.0434951
-0.0434908
-0.0434866
-0.0434823
-0.043478
-0.0434738
-0.0434696
-0.0434653
-0.0434611
-0.0434569
-0.0434526
-0.0434484
-0.0434442
-0.04344
-0.0434358
-0.0434317
-0.0434275
-0.0434233
-0.0434191
-0.043415
-0.0434108
-0.0434067
-0.0434025
-0.0433984
-0.0433943
-0.0433902
-0.0433861
-0.0433819
-0.0433778
-0.0433737
-0.0433697
-0.0433656
-0.0433615
-0.0433574
-0.0433534
-0.0433493
-0.0433453
-0.0433412
-0.0433372
-0.0433331
-0.0433291
-0.0433251
-0.0433211
-0.0433171
-0.0433131
-0.0433091
-0.0433051
-0.0433011
-0.0432971
-0.0432931
-0.0432892
-0.0432852
-0.0432813
-0.0432773
-0.0432734
-0.0432694
-0.0432655
-0.0432616
-0.0432577
-0.0432537
-0.0432498
-0.0432459
-0.043242
-0.0432382
-0.0432343
-0.0432304
-0.0432265
-0.0432227
-0.0432188
-0.0432149
-0.0432111
-0.0432073
-0.0432034
-0.0431996
-0.0431958
-0.0431919
-0.0431881
-0.0431843
-0.0431805
-0.0431767
-0.0431729
-0.0431692
-0.0431654
-0.0431616
-0.0431578
-0.0431541
-0.0431503
-0.0431466
-0.0431428
-0.0431391
-0.0431354
-0.0431316
-0.0431279
-0.0431242
-0.0431205
-0.0431168
-0.0431131
-0.0431094
-0.0431057
-0.043102
-0.0430984
-0.0430947
-0.043091
-0.0430874
-0.0430837
-0.0430801
-0.0430764
-0.0430728
-0.0430691
-0.0430655
-0.0430619
-0.0430583
-0.0430547
-0.0430511
-0.0430475
-0.0430439
-0.0430403
-0.0430367
-0.0430331
-0.0430296
-0.043026
-0.0430224
-0.0430189
-0.0430153
-0.0430118
-0.0430082
-0.0430047
-0.0430012
-0.0429976
-0.0429941
-0.0429906
-0.0429871
-0.0429836
-0.0429801
-0.0429766
-0.0429731
-0.0429696
-0.0429662
-0.0429627
-0.0429592
-0.0429558
-0.0429523
-0.0429489
-0.0429454
-0.042942
-0.0429385
-0.0429351
-0.0429317
-0.0429283
-0.0429248
-0.0429214
-0.042918
-0.0429146
-0.0429112
-0.0429079
-0.0429045
-0.0429011
-0.0428977
-0.0428943
-0.042891
-0.0428876
-0.0428843
-0.0428809
-0.0428776
-0.0428742
-0.0428709
-0.0428676
-0.0428643
-0.0428609
-0.0428576
-0.0428543
-0.042851
-0.0428477
-0.0428444
-0.0428411
-0.0428378
-0.0428346
-0.0428313
-0.042828
-0.0428248
-0.0428215
-0.0428182
-0.042815
-0.0428118
-0.0428085
-0.0428053
-0.042802
-0.0427988
-0.0427956
-0.0427924
-0.0427892
-0.042786
-0.0427828
-0.0427796
-0.0427764
-0.0427732
-0.04277
-0.0427668
-0.0427637
-0.0427605
-0.0427573
-0.0427542
-0.042751
-0.0427479
-0.0427447
-0.0427416
-0.0427384
-0.0427353
-0.0427322
-0.0427291
-0.0427259
-0.0427228
-0.0427197
-0.0427166
-0.0427135
-0.0427104
-0.0427073
-0.0427043
-0.0427012
-0.0426981
-0.042695
-0.042692
-0.0426889
-0.0426858
-0.0426828
-0.0426797
-0.0426767
-0.0426737
-0.0426706
-0.0426676
-0.0426646
-0.0426616
-0.0426585
-0.0426555
-0.0426525
-0.0426495
-0.0426465
-0.0426435
-0.0426405
-0.0426375
-0.0426346
-0.0426316
-0.0426286
-0.0426257
-0.0426227
-0.0426197
-0.0426168
-0.0426138
-0.0426109
-0.0426079
-0.042605
-0.0426021
-0.0425991
-0.0425962
-0.0425933
-0.0425904
-0.0425875
-0.0425846
-0.0425817
-0.0425788
-0.0425759
-0.042573
-0.0425701
-0.0425672
-0.0425643
-0.0425615
-0.0425586
-0.0425557
-0.0425529
-0.04255
-0.0425472
-0.0425443
-0.0425415
-0.0425386
-0.0425358
-0.042533
-0.0425301
-0.0425273
-0.0425245
-0.0425217
-0.0425189
-0.0425161
-0.0425133
-0.0425105
-0.0425077
-0.0425049
-0.0425021
-0.0424993
-0.0424966
-0.0424938
-0.042491
-0.0424882
-0.0424855
-0.0424827
-0.04248
-0.0424772
-0.0424745
-0.0424717
-0.042469
-0.0424663
-0.0424636
-0.0424608
-0.0424581
-0.0424554
-0.0424527
-0.04245
-0.0424473
-0.0424446
-0.0424419
-0.0424392
-0.0424365
-0.0424338
-0.0424311
-0.0424285
-0.0424258
-0.0424231
-0.0424204
-0.0424178
-0.0424151
-0.0424125
-0.0424098
-0.0424072
-0.0424045
-0.0424019
-0.0423993
-0.0423966
-0.042394
-0.0423914
-0.0423888
-0.0423862
-0.0423836
-0.0423809
-0.0423783
-0.0423757
-0.0423731
-0.0423706
-0.042368
-0.0423654
-0.0423628
-0.0423602
-0.0423577
-0.0423551
-0.0423525
-0.04235
-0.0423474
-0.0423449
-0.0423423
-0.0423398
-0.0423372
-0.0423347
-0.0423321
-0.0423296
-0.0423271
-0.0423246
-0.042322
-0.0423195
-0.042317
-0.0423145
-0.042312
-0.0423095
-0.042307
-0.0423045
-0.042302
-0.0422995
-0.042297
-0.0422946
-0.0422921
-0.0422896
-0.0422871
-0.0422847
-0.0422822
-0.0422798
-0.0422773
-0.0422749
-0.0422724
-0.04227
-0.0422675
-0.0422651
-0.0422627
-0.0422602
-0.0422578
-0.0422554
-0.042253
-0.0422505
-0.0422481
-0.0422457
-0.0422433
-0.0422409
-0.0422385
-0.0422361
-0.0422337
-0.0422313
-0.042229
-0.0422266
-0.0422242
-0.0422218
-0.0422195
-0.0422171
-0.0422147
-0.0422124
-0.04221
-0.0422077
-0.0422053
-0.042203
-0.0422006
-0.0421983
-0.0421959
-0.0421936
-0.0421913
-0.042189
-0.0421866
-0.0421843
-0.042182
-0.0421797
-0.0421774
-0.0421751
-0.0421728
-0.0421705
-0.0421682
-0.0421659
-0.0421636
-0.0421613
-0.042159
-0.0421567
-0.0421545
-0.0421522
-0.0421499
-0.0421477
-0.0421454
-0.0421431
-0.0421409
-0.0421386
-0.0421364
-0.0421341
-0.0421319
-0.0421297
-0.0421274
-0.0421252
-0.042123
-0.0421207
-0.0421185
-0.0421163
-0.0421141
-0.0421119
-0.0421097
-0.0421074
-0.0421052
-0.042103
-0.0421008
-0.0420986
-0.0420965
-0.0420943
-0.0420921
-0.0420899
-0.0420877
-0.0420855
-0.0420834
-0.0420812
-0.042079
-0.0420769
-0.0420747
-0.0420726
-0.0420704
-0.0420683
-0.0420661
-0.042064
-0.0420618
-0.0420597
-0.0420576
-0.0420554
-0.0420533
-0.0420512
-0.042049
-0.0420469
-0.0420448
-0.0420427
-0.0420406
-0.0420385
-0.0420364
-0.0420343
-0.0420322
-0.0420301
-0.042028
-0.0420259
-0.0420238
-0.0420217
-0.0420197
-0.0420176
-0.0420155
-0.0420134
-0.0420114
-0.0420093
-0.0420072
-0.0420052
-0.0420031
-0.0420011
-0.041999
-0.041997
-0.0419949
-0.0419929
-0.0419908
-0.0419888
-0.0419868
-0.0419847
-0.0419827
-0.0419807
-0.0419787
-0.0419767
-0.0419746
-0.0419726
-0.0419706
-0.0419686
-0.0419659
-0.0419637
-0.0419617
-0.0419597
-0.0419577
-0.0419557
-0.0419537
-0.0419517
-0.0419498
-0.0419478
-0.0419458
-0.0419439
-0.0419419
-0.04194
-0.041938
-0.041936
-0.0419341
-0.0419321
-0.0419302
-0.0419282
-0.0419263
-0.0419244
-0.0419224
-0.0419205
-0.0419185
-0.0419166
-0.0419147
-0.0419128
-0.0419108
-0.0419089
-0.041907
-0.0419051
-0.0419032
-0.0419013
-0.0418994
-0.0418975
-0.0418956
-0.0418937
-0.0418918
-0.0418899
-0.041888
-0.0418861
-0.0418842
-0.0418823
-0.0418804
-0.0418786
-0.0418767
-0.0418748
-0.041873
-0.0418711
-0.0418692
-0.0418674
-0.0418655
-0.0418637
-0.0418618
-0.04186
-0.0418581
-0.0418563
-0.0418544
-0.0418526
-0.0418507
-0.0418489
-0.0418471
-0.0418453
-0.0418434
-0.0418416
-0.0418398
-0.041838
-0.0418362
-0.0418343
-0.0418325
-0.0418307
-0.0418289
-0.0418271
-0.0418253
-0.0418235
-0.0418217
-0.0418199
-0.0418181
-0.0418164
-0.0418146
-0.0418128
-0.041811
-0.0418092
-0.0418075
-0.0418057
-0.0418039
-0.0418022
-0.0418004
-0.0417986
-0.0417969
-0.0417951
-0.0417934
-0.0417916
-0.0417899
-0.0417881
-0.0417864
-0.0417846
-0.0417829
-0.0417812
-0.0417794
-0.0417777
-0.041776
-0.0417742
-0.0417725
-0.0417708
-0.0417691
-0.0417674
-0.0417656
-0.0417639
-0.0417622
-0.0417605
-0.0417588
-0.0417571
-0.0417554
-0.0417537
-0.041752
-0.0417503
-0.0417486
-0.041747
-0.0417453
-0.0417436
-0.0417419
-0.0417402
-0.0417386
-0.0417369
-0.0417352
-0.0417335
-0.0417319
-0.0417302
-0.0417286
-0.0417269
-0.0417252
-0.0417236
-0.0417219
-0.0417203
-0.0417186
-0.041717
-0.0417154
-0.0417137
-0.0417121
-0.0417104
-0.0417088
-0.0417072
-0.0417056
-0.0417039
-0.0417023
-0.0417007
-0.0416991
-0.0416974
-0.0416958
-0.0416942
-0.0416926
-0.041691
-0.0416894
-0.0416878
-0.0416862
-0.0416846
-0.041683
-0.0416814
-0.0416798
-0.0416782
-0.0416766
-0.0416751
-0.0416735
-0.0416719
-0.0416703
-0.0416687
-0.0416672
-0.0416656
-0.041664
-0.0416625
-0.0416609
-0.0416593
-0.0416578
-0.0416562
-0.0416547
-0.0416531
-0.0416516
-0.04165
-0.0416485
-0.0416469
-0.0416454
-0.0416438
-0.0416423
-0.0416408
-0.0416392
-0.0416377
-0.0416362
-0.0416346
-0.0416331
-0.0416316
-0.0416301
-0.0416286
-0.041627
-0.0416255
-0.041624
-0.0416225
-0.041621
-0.0416195
-0.041618
-0.0416165
-0.041615
-0.0416135
-0.041612
-0.0416105
-0.041609
-0.0416075
-0.041606
-0.0416046
-0.0416031
-0.0416016
-0.0416001
-0.0415986
-0.0415972
-0.0415957
-0.0415942
-0.0415928
-0.0415913
-0.0415898
-0.0415884
-0.0415869
-0.0415855
-0.041584
-0.0415825
-0.0415811
-0.0415796
-0.0415782
-0.0415768
-0.0415753
-0.0415739
-0.0415724
-0.041571
-0.0415696
-0.0415681
-0.0415667
-0.0415653
-0.0415638
-0.0415624
-0.041561
-0.0415596
-0.0415582
-0.0415567
-0.0415553
-0.0415539
-0.0415525
-0.0415511
-0.0415497
-0.0415483
-0.0415469
-0.0415455
-0.0415441
-0.0415427
-0.0415413
-0.0415399
-0.0415385
-0.0415371
-0.0415357
-0.0415344
-0.041533
-0.0415316
-0.0415302
-0.0415288
-0.0415275
-0.0415261
-0.0415247
-0.0415233
-0.041522
-0.0415206
-0.0415193
-0.0415179
-0.0415165
-0.0415152
-0.0415138
-0.0415125
-0.0415111
-0.0415098
-0.0415084
-0.0415071
-0.0415057
-0.0415044
-0.041503
-0.0415017
-0.0415004
-0.041499
-0.0414977
-0.0414964
-0.041495
-0.0414937
-0.0414924
-0.0414911
-0.0414897
-0.0414884
-0.0414871
-0.0414858
-0.0414845
-0.0414832
-0.0414819
-0.0414805
-0.0414792
-0.0414779
-0.0414766
-0.0414753
-0.041474
-0.0414727
-0.0414714
-0.0414701
-0.0414689
-0.0414676
-0.0414663
-0.041465
-0.0414637
-0.0414624
-0.0414611
-0.0414599
-0.0414586
-0.0414573
-0.041456
-0.0414548
-0.0414535
-0.0414522
-0.041451
-0.0414497
-0.0414484
-0.0414472
-0.0414459
-0.0414447
-0.0414434
-0.0414421
-0.0414409
-0.0414396
-0.0414384
-0.0414371
-0.0414359
-0.0414347
-0.0414334
-0.0414322
-0.0414309
-0.0414297
-0.0414285
-0.0414272
-0.041426
-0.0414248
-0.0414235
-0.0414223
-0.0414211
-0.0414199
-0.0414186
-0.0414174
-0.0414162
-0.041415
-0.0414138
-0.0414126
-0.0414114
-0.0414101
-0.0414089
-0.0414077
-0.0414065
-0.0414053
-0.0414041
-0.0414029
-0.0414017
-0.0414005
-0.0413993
-0.0413981
-0.041397
-0.0413958
-0.0413946
-0.0413934
-0.0413922
-0.041391
-0.0413898
-0.0413887
-0.0413875
-0.0413863
-0.0413851
-0.041384
-0.0413828
-0.0413816
-0.0413805
-0.0413793
-0.0413781
-0.041377
-0.0413758
-0.0413746
-0.0413735
-0.0413723
-0.0413712
-0.04137
-0.0413689
-0.0413677
-0.0413666
-0.0413654
-0.0413643
-0.0413631
-0.041362
-0.0413609
-0.0413597
-0.0413586
-0.0413575
-0.0413563
-0.0413552
-0.0413541
-0.0413529
-0.0413518
-0.0413507
-0.0413495
-0.0413484
-0.0413473
-0.0413462
-0.0413451
-0.041344
-0.0413428
-0.0413417
-0.0413406
-0.0413395
-0.0413384
-0.0413373
-0.0413362
-0.0413351
-0.041334
-0.0413329
-0.0413318
-0.0413307
-0.0413296
-0.0413285
-0.0413274
-0.0413263
-0.0413252
-0.0413241
-0.041323
-0.041322
-0.0413209
-0.0413198
-0.0413187
-0.0413176
-0.0413166
-0.0413155
-0.0413144
-0.0413133
-0.0413123
-0.0413112
-0.0413101
-0.041309
-0.041308
-0.0413069
-0.0413059
-0.0413048
-0.0413037
-0.0413027
-0.0413016
-0.0413006
-0.0412995
-0.0412985
-0.0412974
-0.0412964
-0.0412953
-0.0412943
-0.0412932
-0.0412922
-0.0412911
-0.0412901
-0.0412891
-0.041288
-0.041287
-0.0412859
-0.0412849
-0.0412839
-0.0412828
-0.0412818
-0.0412808
-0.0412798
-0.0412787
-0.0412777
-0.0412767
-0.0412757
-0.0412747
-0.0412736
-0.0412726
-0.0412716
-0.0412706
-0.0412696
-0.0412686
-0.0412676
-0.0412666
-0.0412655
-0.0412645
-0.0412635
-0.0412625
-0.0412615
-0.0412605
-0.0412595
-0.0412585
-0.0412575
-0.0412566
-0.0412556
-0.0412546
-0.0412536
-0.0412526
-0.0412516
-0.0412506
-0.0412496
-0.0412487
-0.0412477
-0.0412467
-0.0412457
-0.0412447
-0.0412438
-0.0412428
-0.0412418
-0.0412408
-0.0412399
-0.0412389
-0.0412379
-0.041237
-0.041236
-0.041235
-0.0412341
-0.0412331
-0.0412322
-0.0412312
-0.0412302
-0.0412293
-0.0412283
-0.0412274
-0.0412264
-0.0412255
-0.0412245
-0.0412236
-0.0412226
-0.0412217
-0.0412207
-0.0412198
-0.0412189
-0.0412179
-0.041217
-0.041216
-0.0412151
-0.0412142
-0.0412132
-0.0412123
-0.0412114
-0.0412104
-0.0412095
-0.0412086
-0.0412077
-0.0412067
-0.0412058
-0.0412049
-0.041204
-0.0412031
-0.0412021
-0.0412012
-0.0412003
-0.0411994
-0.0411985
-0.0411976
-0.0411967
-0.0411957
-0.0411948
-0.0411939
-0.041193
-0.0411921
-0.0411912
-0.0411903
-0.0411894
-0.0411885
-0.0411876
-0.0411867
-0.0411858
-0.0411849
-0.041184
-0.0411831
-0.0411823
-0.0411814
-0.0411805
-0.0411796
-0.0411787
-0.0411778
-0.0411769
-0.0411761
-0.0411752
-0.0411743
-0.0411734
-0.0411725
-0.0411717
-0.0411708
-0.0411699
-0.0411691
-0.0411682
-0.0411673
-0.0411664
-0.0411656
-0.0411647
-0.0411638
-0.041163
-0.0411621
-0.0411613
-0.0411604
-0.0411595
-0.0411587
-0.0411578
-0.041157
-0.0411561
-0.0411553
-0.0411544
-0.0411536
-0.0411527
-0.0411519
-0.041151
-0.0411502
-0.0411493
-0.0411485
-0.0411476
-0.0411468
-0.041146
-0.0411451
-0.0411443
-0.0411434
-0.0411426
-0.0411418
-0.0411409
-0.0411401
-0.0411393
-0.0411385
-0.0411376
-0.0411368
-0.041136
-0.0411351
-0.0411343
-0.0411335
-0.0411327
-0.0411319
-0.041131
-0.0411302
-0.0411294
-0.0411286
-0.0411278
-0.041127
-0.0411261
-0.0411253
-0.0411245
-0.0411237
-0.0411229
-0.0411221
-0.0411213
-0.0411205
-0.0411197
-0.0411189
-0.0411181
-0.0411173
-0.0411165
-0.0411157
-0.0411149
-0.0411141
-0.0411133
-0.0411125
-0.0411117
-0.0411109
-0.0411101
-0.0411093
-0.0411086
-0.0411078
-0.041107
-0.0411062
-0.0411054
-0.0411046
-0.0411039
-0.0411031
-0.0411023
-0.0411015
-0.0411007
-0.0411
-0.0410992
-0.0410984
-0.0410976
-0.0410969
-0.0410961
-0.0410953
-0.0410946
-0.0410938
-0.041093
-0.0410923
-0.0410915
-0.0410907
-0.04109
-0.0410892
-0.0410884
-0.0410877
-0.0410869
-0.0410862
-0.0410854
-0.0410847
-0.0410839
-0.0410832
-0.0410824
-0.0410817
-0.0410809
-0.0410802
-0.0410794
-0.0410787
-0.0410779
-0.0410772
-0.0410764
-0.0410757
-0.0410749
-0.0410742
-0.0410735
-0.0410727
-0.041072
-0.0410713
-0.0410705
-0.0410698
-0.041069
-0.0410683
-0.0410676
-0.0410669
-0.0410661
-0.0410654
-0.0410647
-0.0410639
-0.0410632
-0.0410625
-0.0410618
-0.041061
-0.0410603
-0.0410596
-0.0410589
-0.0410582
-0.0410575
-0.0410567
-0.041056
-0.0410553
-0.0410546
-0.0410539
-0.0410532
-0.0410525
-0.0410517
-0.041051
-0.0410503
-0.0410496
-0.0410489
-0.0410482
-0.0410475
-0.0410468
-0.0410461
-0.0410454
-0.0410447
-0.041044
-0.0410433
-0.0410426
-0.0410419
-0.0410412
-0.0410405
-0.0410398
-0.0410391
-0.0410385
-0.0410378
-0.0410371
-0.0410364
-0.0410357
-0.041035
-0.0410343
-0.0410336
-0.041033
-0.0410323
-0.0410316
-0.0410309
-0.0410302
-0.0410296
-0.0410289
-0.0410282
-0.0410275
-0.0410268
-0.0410262
-0.0410255
-0.0410248
-0.0410242
-0.0410235
-0.0410228
-0.0410221
-0.0410215
-0.0410208
-0.0410201
-0.0410195
-0.0410188
-0.0410182
-0.0410175
-0.0410168
-0.0410162
-0.0410155
-0.0410149
-0.0410142
-0.0410135
-0.0410129
-0.0410122
-0.0410116
-0.0410109
-0.0410103
-0.0410096
-0.041009
-0.0410083
-0.0410077
-0.041007
-0.0410064
-0.0410057
-0.0410051
-0.0410044
-0.0410038
-0.0410032
-0.0410025
-0.0410019
-0.0410012
-0.0410006
-0.041
-0.0409993
-0.0409987
-0.040998
-0.0409974
-0.0409968
-0.0409961
-0.0409955
-0.0409949
-0.0409943
-0.0409936
-0.040993
-0.0409924
-0.0409917
-0.0409911
-0.0409905
-0.0409899
-0.0409892
-0.0409886
-0.040988
-0.0409874
-0.0409868
-0.0409861
-0.0409855
-0.0409849
-0.0409843
-0.0409837
-0.0409831
-0.0409824
-0.0409818
-0.0409812
-0.0409806
-0.04098
-0.0409794
-0.0409788
-0.0409782
-0.0409776
-0.040977
-0.0409764
-0.0409757
-0.0409751
-0.0409745
-0.0409739
-0.0409733
-0.0409727
-0.0409721
-0.0409715
-0.0409709
-0.0409703
-0.0409697
-0.0409691
-0.0409686
-0.040968
-0.0409674
-0.0409668
-0.0409662
-0.0409656
-0.040965
-0.0409644
-0.0409638
-0.0409632
-0.0409627
-0.0409621
-0.0409615
-0.0409609
-0.0409603
-0.0409597
-0.0409591
-0.0409586
-0.040958
-0.0409574
-0.0409568
-0.0409562
-0.0409557
-0.0409551
-0.0409545
-0.0409539
-0.0409534
-0.0409528
-0.0409522
-0.0409517
-0.0409511
-0.0409505
-0.0409499
-0.0409494
-0.0409488
-0.0409482
-0.0409477
-0.0409471
-0.0409465
-0.040946
-0.0409454
-0.0409449
-0.0409443
-0.0409437
-0.0409432
-0.0409426
-0.0409421
-0.0409415
-0.0409409
-0.0409404
-0.0409398
-0.0409393
-0.0409387
-0.0409382
-0.0409376
-0.0409371
-0.0409365
-0.040936
-0.0409354
-0.0409349
-0.0409343
-0.0409338
-0.0409332
-0.0409327
-0.0409321
-0.0409316
-0.040931
-0.0409305
-0.04093
-0.0409294
-0.0409289
-0.0409283
-0.0409278
-0.0409273
-0.0409267
-0.0409262
-0.0409257
-0.0409251
-0.0409246
-0.0409241
-0.0409235
-0.040923
-0.0409225
-0.0409219
-0.0409214
-0.0409209
-0.0409203
-0.0409198
-0.0409193
-0.0409188
-0.0409182
-0.0409177
-0.0409172
-0.0409167
-0.0409161
-0.0409156
-0.0409151
-0.0409146
-0.0409141
-0.0409135
-0.040913
-0.0409125
-0.040912
-0.0409115
-0.0409109
-0.0409104
-0.0409099
-0.0409094
-0.0409089
-0.0409084
-0.0409079
-0.0409074
-0.0409068
-0.0409063
-0.0409058
-0.0409053
-0.0409048
-0.0409043
-0.0409038
-0.0409033
-0.0409028
-0.0409023
-0.0409018
-0.0409013
-0.0409008
-0.0409003
-0.0408998
-0.0408993
-0.0408988
-0.0408983
-0.0408978
-0.0408973
-0.0408968
-0.0408963
-0.0408958
-0.0408953
-0.0408948
-0.0408943
-0.0408938
-0.0408933
-0.0408928
-0.0408924
-0.0408919
-0.0408914
-0.0408909
-0.0408904
-0.0408899
-0.0408894
-0.0408889
-0.0408885
-0.040888
-0.0408875
-0.040887
-0.0408865
-0.040886
-0.0408856
-0.0408851
-0.0408846
-0.0408841
-0.0408836
-0.0408832
-0.0408827
-0.0408822
-0.0408817
-0.0408813
-0.0408808
-0.0408803
-0.0408798
-0.0408794
-0.0408789
-0.0408784
-0.040878
-0.0408775
-0.040877
-0.0408765
-0.0408761
-0.0408756
-0.0408751
-0.0408747
-0.0408742
-0.0408737
-0.0408733
-0.0408728
-0.0408724
-0.0408719
-0.0408714
-0.040871
-0.0408705
-0.04087
-0.0408696
-0.0408691
-0.0408687
-0.0408682
-0.0408678
-0.0408673
-0.0408668
-0.0408664
-0.0408659
-0.0408655
-0.040865
-0.0408646
-0.0408641
-0.0408637
-0.0408632
-0.0408628
-0.0408623
-0.0408619
-0.0408614
-0.040861
-0.0408605
-0.0408601
-0.0408596
-0.0408592
-0.0408588
-0.0408583
-0.0408579
-0.0408574
-0.040857
-0.0408565
-0.0408561
-0.0408557
-0.0408552
-0.0408548
-0.0408543
-0.0408539
-0.0408535
-0.040853
-0.0408526
-0.0408522
-0.0408517
-0.0408513
-0.0408509
-0.0408504
-0.04085
-0.0408496
-0.0408491
-0.0408487
-0.0408483
-0.0408478
-0.0408474
-0.040847
-0.0408466
-0.0408461
-0.0408457
-0.0408453
-0.0408449
-0.0408444
-0.040844
-0.0408436
-0.0408432
-0.0408427
-0.0408423
-0.0408419
-0.0408415
-0.0408411
-0.0408406
-0.0408402
-0.0408398
-0.0408394
-0.040839
-0.0408385
-0.0408381
-0.0408377
-0.0408373
-0.0408369
-0.0408365
-0.0408361
-0.0408356
-0.0408352
-0.0408348
-0.0408344
-0.040834
-0.0408336
-0.0408332
-0.0408328
-0.0408324
-0.040832
-0.0408315
-0.0408311
-0.0408307
-0.0408303
-0.0408299
-0.0408295
-0.0408291
-0.0408287
-0.0408283
-0.0408279
-0.0408275
-0.0408271
-0.0408267
-0.0408263
-0.0408259
-0.0408255
-0.0408251
-0.0408247
-0.0408243
-0.0408239
-0.0408235
-0.0408231
-0.0408227
-0.0408223
-0.0408219
-0.0408215
-0.0408212
-0.0408208
-0.0408204
-0.04082
-0.0408196
-0.0408192
-0.0408188
-0.0408184
-0.040818
-0.0408176
-0.0408173
-0.0408169
-0.0408165
-0.0408161
-0.0408157
-0.0408153
-0.0408149
-0.0408146
-0.0408142
-0.0408138
-0.0408134
-0.040813
-0.0408126
-0.0408123
-0.0408119
-0.0408115
-0.0408111
-0.0408107
-0.0408104
-0.04081
-0.0408096
-0.0408092
-0.0408089
-0.0408085
-0.0408081
-0.0408077
-0.0408074
-0.040807
-0.0408066
-0.0408062
-0.0408059
-0.0408055
-0.0408051
-0.0408047
-0.0408044
-0.040804
-0.0408036
-0.0408033
-0.0408029
-0.0408025
-0.0408022
-0.0408018
-0.0408014
-0.0408011
-0.0408007
-0.0408003
-0.0408
-0.0407996
-0.0407993
-0.0407989
-0.0407985
-0.0407982
-0.0407978
-0.0407974
-0.0407971
-0.0407967
-0.0407964
-0.040796
-0.0407956
-0.0407953
-0.0407949
-0.0407946
-0.0407942
-0.0407939
-0.0407935
-0.0407932
-0.0407928
-0.0407924
-0.0407921
-0.0407917
-0.0407914
-0.040791
-0.0407907
-0.0407903
-0.04079
-0.0407896
-0.0407893
-0.0407889
-0.0407886
-0.0407882
-0.0407879
-0.0407875
-0.0407872
-0.0407868
-0.0407865
-0.0407862
-0.0407858
-0.0407855
-0.0407851
-0.0407848
-0.0407844
-0.0407841
-0.0407838
-0.0407834
-0.0407831
-0.0407827
-0.0407824
-0.040782
-0.0407817
-0.0407814
-0.040781
-0.0407807
-0.0407804
-0.04078
-0.0407797
-0.0407793
-0.040779
-0.0407787
-0.0407783
-0.040778
-0.0407777
-0.0407773
-0.040777
-0.0407767
-0.0407763
-0.040776
-0.0407757
-0.0407753
-0.040775
-0.0407747
-0.0407744
-0.040774
-0.0407737
-0.0407734
-0.040773
-0.0407727
-0.0407724
-0.0407721
-0.0407717
-0.0407714
-0.0407711
-0.0407708
-0.0407704
-0.0407701
-0.0407698
-0.0407695
-0.0407692
-0.0407688
-0.0407685
-0.0407682
-0.0407679
-0.0407675
-0.0407672
-0.0407669
-0.0407666
-0.0407663
-0.040766
-0.0407656
-0.0407653
-0.040765
-0.0407647
-0.0407644
-0.0407641
-0.0407637
-0.0407634
-0.0407631
-0.0407628
-0.0407625
-0.0407622
-0.0407619
-0.0407615
-0.0407612
-0.0407609
-0.0407606
-0.0407603
-0.04076
-0.0407597
-0.0407594
-0.0407591
-0.0407588
-0.0407585
-0.0407581
-0.0407578
-0.0407575
-0.0407572
-0.0407569
-0.0407566
-0.0407563
-0.040756
-0.0407557
-0.0407554
-0.0407551
-0.0407548
-0.0407545
-0.0407542
-0.0407539
-0.0407536
-0.0407533
-0.040753
-0.0407527
-0.0407524
-0.0407521
-0.0407518
-0.0407515
-0.0407512
-0.0407509
-0.0407506
-0.0407503
-0.04075
-0.0407497
-0.0407494
-0.0407491
-0.0407488
-0.0407485
-0.0407482
-0.0407479
-0.0407477
-0.0407474
-0.0407471
-0.0407468
-0.0407465
-0.0407462
-0.0407459
-0.0407456
-0.0407453
-0.040745
-0.0407447
-0.0407445
-0.0407442
-0.0407439
-0.0407436
-0.0407433
-0.040743
-0.0407427
-0.0407424
-0.0407422
-0.0407419
-0.0407416
-0.0407413
-0.040741
-0.0407407
-0.0407405
-0.0407402
-0.0407399
-0.0407396
-0.0407393
-0.040739
-0.0407388
-0.0407385
-0.0407382
-0.0407379
-0.0407376
-0.0407374
-0.0407371
-0.0407368
-0.0407365
-0.0407363
-0.040736
-0.0407357
-0.0407354
-0.0407351
-0.0407349
-0.0407346
-0.0407343
-0.040734
-0.0407338
-0.0407335
-0.0407332
-0.040733
-0.0407327
-0.0407324
-0.0407321
-0.0407319
-0.0407316
-0.0407313
-0.0407311
-0.0407308
-0.0407305
-0.0407302
-0.04073
-0.0407297
-0.0407294
-0.0407292
-0.0407289
-0.0407286
-0.0407284
-0.0407281
-0.0407278
-0.0407276
-0.0407273
-0.040727
-0.0407268
-0.0407265
-0.0407262
-0.040726
-0.0407257
-0.0407255
-0.0407252
-0.0407249
-0.0407247
-0.0407244
-0.0407241
-0.0407239
-0.0407236
-0.0407234
-0.0407231
-0.0407228
-0.0407226
-0.0407223
-0.0407221
-0.0407218
-0.0407216
-0.0407213
-0.040721
-0.0407208
-0.0407205
-0.0407203
-0.04072
-0.0407198
-0.0407195
-0.0407193
-0.040719
-0.0407187
-0.0407185
-0.0407182
-0.040718
-0.0407177
-0.0407175
-0.0407172
-0.040717
-0.0407167
-0.0407165
-0.0407162
-0.040716
-0.0407157
-0.0407155
-0.0407152
-0.040715
-0.0407147
-0.0407145
-0.0407142
-0.040714
-0.0407137
-0.0407135
-0.0407132
-0.040713
-0.0407128
-0.0407125
-0.0407123
-0.040712
-0.0407118
-0.0407115
-0.0407113
-0.040711
-0.0407108
-0.0407106
-0.0407103
-0.0407101
-0.0407098
-0.0407096
-0.0407094
-0.0407091
-0.0407089
-0.0407086
-0.0407084
-0.0407082
-0.0407079
-0.0407077
-0.0407074
-0.0407072
-0.040707
-0.0407067
-0.0407065
-0.0407062
-0.040706
-0.0407058
-0.0407055
-0.0407053
-0.0407051
