0.785705
0.772368
0.759995
0.761339
0.745065
0.750313
0.747355
0.742384
0.747334
0.76035
0.749232
0.743103
0.746538
0.75159
0.751401
0.7433
0.744489
0.744431
0.749594
0.736794
0.735126
0.737681
0.754661
0.743757
0.737039
0.732752
0.729882
0.738305
0.740786
0.732113
0.732208
0.736905
0.738149
0.723409
0.738656
0.742885
0.736961
0.740041
0.737866
0.731992
0.726696
0.722013
0.724912
0.733315
0.722887
0.74501
0.744612
0.727124
0.725533
0.736326
0.731672
0.7325
0.733472
0.730213
0.729306
0.735641
0.730322
0.732253
0.728706
0.730366
0.733225
0.729726
0.741631
0.728654
0.731669
0.73012
0.728789
0.725502
0.74083
0.728774
0.733829
0.728698
0.741725
0.72986
0.732571
0.722564
0.726132
0.740563
0.720947
0.730307
0.7311
0.725936
0.724399
0.73532
0.725198
0.733621
0.737291
0.725323
0.725616
0.727311
0.727945
0.720789
0.730421
0.726938
0.737123
0.740215
0.733315
0.72652
0.725082
0.721691
0.726738
0.717243
0.720806
0.726025
0.723666
0.723561
0.727837
0.72306
0.728754
0.727884
0.726367
0.72009
0.727981
0.72402
0.73144
0.727459
0.720161
0.725581
0.721362
0.721917
0.726427
0.723889
0.720723
0.719538
0.719411
0.72448
0.718345
0.725592
0.721532
0.724951
0.71935
0.727519
0.717423
0.713266
0.725281
0.730503
0.713615
0.719392
0.715096
0.715606
0.720751
0.733555
0.720776
0.724887
0.720486
0.717027
0.721006
0.720557
0.715087
0.720665
0.713637
0.72567
0.721217
0.723487
0.727775
0.719033
0.711537
0.717569
0.730068
0.720113
0.720792
0.728314
0.71717
0.730835
0.72048
0.712905
0.720178
0.718477
0.713082
0.723976
0.722709
0.729881
0.714512
0.724141
0.725514
0.723696
0.721313
0.720917
0.716049
0.718525
0.721946
0.725071
0.716004
0.729747
0.717117
0.716786
0.721157
0.720956
0.714442
0.714636
0.733419
0.721576
0.726534
0.719242
0.727514
0.717014
0.713736
0.712065
0.716929
0.71773
0.718451
0.719463
0.721149
0.717171
0.719578
0.724858
0.724269
0.718207
0.724322
0.718192
0.730966
0.726008
0.716101
0.728235
0.719136
0.728625
0.720587
0.726829
0.71893
0.72395
0.716326
0.719882
0.718441
0.719735
0.715717
0.724051
0.723775
0.717681
0.715412
0.71658
0.716388
0.717225
0.714805
0.714368
0.715374
0.71216
0.716623
0.713979
0.711074
0.7169
0.709763
0.718299
0.716251
0.725817
0.732826
0.709822
0.717361
0.709075
0.729108
0.725665
0.709801
0.721742
0.720744
0.715031
0.713358
0.709634
0.718927
0.707627
0.711558
0.710481
0.709442
0.710751
0.712957
0.725122
0.72174
0.724765
0.717119
0.707877
0.721098
0.71055
0.725326
0.714949
0.712292
0.716911
0.710715
0.72411
0.710329
0.720168
0.718425
0.719543
0.715473
0.714841
0.712341
0.716767
0.718434
0.707855
0.721659
0.725066
0.707609
0.718318
0.723225
0.713319
0.71636
0.718353
0.709767
0.711867
0.710349
0.712648
0.702846
0.706234
0.709021
0.720698
0.709195
0.709297
0.71463
0.711043
0.697994
0.705786
0.717727
0.718689
0.711866
0.710351
0.70659
0.713842
0.710301
0.697168
0.72425
0.713088
0.715479
0.709231
0.716539
0.712334
0.709646
0.704312
0.719283
0.710866
0.711509
0.709829
0.714418
0.709794
0.715967
0.715644
0.720168
0.718701
0.711611
0.70828
0.715461
0.71251
0.714981
0.712336
0.719234
0.721192
0.710085
0.705945
0.703522
0.70162
0.708757
0.708905
0.709531
0.704173
0.703084
0.710977
0.715104
0.71105
0.70797
0.708523
0.709278
0.715063
0.709219
0.71074
0.706147
0.716969
0.708423
0.71241
0.72003
0.705649
0.708795
0.705635
0.716553
0.710844
0.712479
0.709533
0.715596
0.706903
0.712749
0.705544
0.714514
0.711338
0.708745
0.702996
0.709784
0.713962
0.711187
0.709981
0.708548
0.707127
0.719734
0.708651
0.723132
0.707743
0.716878
0.707945
0.713222
0.709274
0.716922
0.722559
0.714152
0.714358
0.711825
0.720983
0.700531
0.706996
0.711301
0.70988
0.714459
0.710728
0.711662
0.708996
0.716238
0.709775
0.703795
0.713263
0.712395
0.713567
0.716448
0.713269
0.70196
0.71867
0.727986
0.724833
0.715092
0.705014
0.707907
0.712889
0.704752
0.703803
0.708792
0.702623
0.716868
0.712101
0.713871
0.706287
0.709996
0.716338
0.705742
0.709359
0.714896
0.705881
0.709479
0.713392
0.703816
0.715618
0.700652
0.702762
0.709019
0.707817
0.709951
0.703531
0.711806
0.700482
0.713016
0.70711
0.714125
0.70434
0.70487
0.71447
0.708252
0.714601
0.717513
0.713795
0.710964
0.709535
0.708355
0.711486
0.702647
0.707935
0.707221
0.718517
0.712336
0.708975
0.707342
0.704993
0.710832
0.714071
0.698553
0.708288
0.719252
0.700478
0.703276
0.703003
0.704285
0.710699
0.713521
0.718337
0.70563
0.712046
0.713174
0.710807
0.711106
0.712566
0.723163
0.714012
0.707148
0.707236
0.705908
0.702635
0.731538
0.729177
0.711054
0.710296
0.702955
0.706657
0.727519
0.72179
0.710671
0.701964
0.712377
0.716037
0.704117
0.714328
0.722803
0.70849
0.709406
0.702578
0.70766
0.703694
0.70192
0.709681
0.711954
0.701061
0.701196
0.706393
0.709835
0.706267
0.700158
0.704256
0.7005
0.700864
0.706627
0.709764
0.696084
0.702804
0.698433
0.696052
0.702282
0.698537
0.695563
0.702144
0.698816
0.695436
0.702453
0.699439
0.695547
0.703318
0.698485
0.69532
0.702031
0.698375
0.696029
0.703228
0.698432
0.695342
0.702315
0.698966
0.696025
0.702294
0.69899
0.694732
0.702266
0.698588
0.695718
0.702826
0.698305
0.696213
0.703845
0.698023
0.695401
0.702879
0.698901
0.697804
0.702445
0.698924
0.695388
0.702954
0.698779
0.695266
0.702027
0.69848
0.695782
0.702576
0.700738
0.695745
0.701977
0.699469
0.695769
0.701861
0.699046
0.695733
0.702683
0.698225
0.698115
0.702694
0.698409
0.695346
0.702304
0.698093
0.695104
0.702117
0.698716
0.695459
0.702053
0.699215
0.695731
0.702765
0.69877
0.695958
0.702254
0.699937
0.696469
0.70256
0.699528
0.695544
0.703454
0.698923
0.695414
0.70255
0.699444
0.696121
0.703249
0.698197
0.695855
0.701736
0.698111
0.696115
0.702365
0.698181
0.695686
0.701778
0.698481
0.69599
0.702329
0.699341
0.694542
0.702044
0.698541
0.696617
0.701951
0.697315
0.695555
0.702043
0.697936
0.695513
0.701229
0.697776
0.694855
0.701658
0.698561
0.694454
0.70165
0.697823
0.696326
0.701471
0.69736
0.69576
0.701542
0.69736
0.694739
0.701802
0.700853
0.695227
0.701508
0.698017
0.694371
0.70231
0.697652
0.696319
0.701148
0.697375
0.695228
0.701205
0.698596
0.694628
0.701226
0.697883
0.695067
0.701647
0.698688
0.694764
0.70231
0.69767
0.694978
0.701642
0.697599
0.696767
0.701823
0.69717
0.695225
0.70205
0.698211
0.695252
0.701369
0.698359
0.694632
0.704509
0.698325
0.695287
0.701467
0.697805
0.695307
0.701943
0.697984
0.694918
0.701708
0.698495
0.695305
0.701431
0.69863
0.694937
0.703402
0.698076
0.695228
0.701001
0.697808
0.695311
0.701817
0.697638
0.694621
0.701778
0.698139
0.694868
0.702194
0.6988
0.69511
0.701707
0.692364
0.689233
0.695803
0.692205
0.690348
0.697606
0.692426
0.689512
0.696217
0.692528
0.689857
0.697467
0.692895
0.689366
0.697311
0.692528
0.689596
0.69695
0.697711
0.695299
0.701518
0.697855
0.694845
0.701465
0.698414
0.694953
0.701622
0.698649
0.694562
0.701715
0.697833
0.695162
0.70143
0.69767
0.695462
0.70482
0.697717
0.694914
0.703453
0.699308
0.695997
0.701445
0.698469
0.694866
0.70153
0.697277
0.695709
0.701657
0.697663
0.69516
0.701746
0.697228
0.695097
0.701827
0.697822
0.689517
0.695971
0.693008
0.689246
0.696895
0.692349
0.689319
0.696012
0.692228
0.689627
0.696821
0.6924
0.691669
0.696242
0.692566
0.689526
0.695801
0.692852
0.689033
0.696279
0.693143
0.689877
0.696159
0.692062
0.689736
0.696319
0.692961
0.689798
0.696121
0.692726
0.689967
0.696274
0.692968
0.689143
0.696364
0.692664
0.690126
0.69546
0.692238
0.689809
0.696477
0.69496
0.689733
0.696165
0.692644
0.689721
0.695877
0.693339
0.689577
0.696674
0.692676
0.689634
0.696636
0.692592
0.689747
0.696141
0.692563
0.689837
0.69606
0.692456
0.689297
0.696202
0.693388
0.688844
0.696635
0.692256
0.689863
0.696128
0.692135
0.689525
0.696308
0.692677
0.691552
0.696641
0.692234
0.689492
0.695684
0.692909
0.689433
0.696641
0.69222
0.690364
0.695973
0.692519
0.690287
0.696638
0.692216
0.689127
0.695859
0.69288
0.689329
0.696459
0.693258
0.68892
0.696933
0.692731
0.690477
0.696111
0.692303
0.689931
0.695966
0.68661
0.683849
0.691018
0.689751
0.683856
0.690679
0.687725
0.683766
0.691247
0.68688
0.684833
0.690779
0.686739
0.68449
0.690886
0.686867
0.684424
0.690807
0.687165
0.684232
0.690912
0.687413
0.683991
0.691103
0.686931
0.684218
0.690726
0.687541
0.684459
0.690592
0.686678
0.683766
0.690829
0.68745
0.684124
0.693776
0.688803
0.684512
0.69059
0.687098
0.684238
0.690112
0.686546
0.684375
0.691351
0.686652
0.684108
0.691274
0.687053
0.684085
0.690646
0.687511
0.68362
0.691233
0.687195
0.684487
0.690875
0.687221
0.685231
0.690764
0.687203
0.683993
0.690312
0.687057
0.684267
0.690715
0.687811
0.683886
0.690822
0.690091
0.684401
0.690434
0.68676
0.684554
0.690561
0.687017
0.684028
0.69113
0.687152
0.684487
0.691095
0.687565
0.684126
0.690614
0.687135
0.683773
0.690981
0.686637
0.684574
0.691262
0.686999
0.683887
0.690223
0.686967
0.684514
0.690707
0.687719
0.683774
0.69118
0.687027
0.685778
0.690393
0.686594
0.684123
0.691922
0.687202
0.683945
0.690638
0.687347
0.684309
0.691091
0.687363
0.684032
0.691345
0.68709
0.684299
0.690859
0.690847
0.684789
0.69148
0.687534
0.683781
0.691122
0.687868
0.684366
0.690276
0.687832
0.684136
0.691116
0.687072
0.68455
0.690902
0.686653
0.684333
0.691188
0.687039
0.68403
0.691032
0.687422
0.684211
0.693136
0.687369
0.684248
0.690976
0.686931
0.684507
0.690173
0.686837
0.684609
0.691428
0.687289
0.684098
0.691346
0.68717
0.684169
0.690383
0.687927
0.68406
0.694067
0.687186
0.684291
0.691195
0.686929
0.6848
0.691089
0.687533
0.683917
0.690701
0.687766
0.68411
0.690807
0.688158
0.68394
0.690992
0.687019
0.684761
0.690794
0.689039
0.684541
0.690655
0.687229
0.684189
0.690739
0.687603
0.684174
0.690841
0.688111
0.684006
0.690594
0.687179
0.684202
0.69113
0.686897
0.684185
0.69097
0.686717
0.684146
0.690427
0.686863
0.683732
0.69071
0.688616
0.683646
0.691564
0.686768
0.685254
0.690682
0.686673
0.684032
0.690628
0.687011
0.683792
0.69068
0.687819
0.684376
0.693439
0.687232
0.684031
0.690943
0.686672
0.683689
0.691463
0.686565
0.684263
0.691422
0.688135
0.683874
0.690684
0.68699
0.68494
0.690395
0.687622
0.683395
0.691715
0.686742
0.684267
0.690674
0.686648
0.684156
0.691151
0.687241
0.684654
0.690685
0.687483
0.68375
0.692069
0.687811
0.68378
0.690805
0.687896
0.684317
0.690552
0.686799
0.685261
0.691825
0.687211
0.684076
0.691361
0.686596
0.683856
0.690811
0.687769
0.683861
0.691765
0.690617
0.683978
0.690903
0.686511
0.684394
0.690701
0.687498
0.6841
0.690387
0.687657
0.683324
0.690814
0.687739
0.684065
0.691019
0.687122
0.68417
0.690801
0.686874
0.684701
0.691943
0.687104
0.684556
0.690938
0.686962
0.683842
0.690857
0.687862
0.683788
0.692913
0.687234
0.684062
0.690557
0.686575
0.684602
0.691441
0.687008
0.684139
0.690421
0.688344
0.684072
0.69074
0.690685
0.684309
0.690989
0.686644
0.684285
0.690695
0.686507
0.68519
0.690981
0.687174
0.68339
0.690788
0.687211
0.684361
0.690912
0.687557
0.683524
0.690801
0.687919
0.684637
0.69084
0.686819
0.684428
0.691129
0.686877
0.684113
0.690949
0.687827
0.685764
0.690773
0.687778
0.684611
0.691083
0.686981
0.68611
0.691261
0.686679
0.684375
0.690943
0.68687
0.684126
0.691367
0.687011
0.6843
0.69088
0.68777
0.683495
0.690765
0.687005
0.684002
0.690332
0.686794
0.68429
0.690889
0.686992
0.68398
0.690815
0.687388
0.683834
0.690555
0.68782
0.683765
0.691037
0.687198
0.684032
0.690868
0.686621
0.684331
0.690323
0.687231
0.68553
0.691082
0.686919
0.683404
0.690691
0.687784
0.684045
0.691443
0.686794
0.684099
0.691145
0.686665
0.684397
0.69128
0.687163
0.684086
0.690622
0.687079
0.683606
0.690936
0.687864
0.683699
0.69085
0.686925
0.684062
0.69055
0.686998
0.684751
0.690942
0.687316
0.684288
0.690673
0.687042
0.684002
0.693557
0.688098
0.684239
0.691281
0.686855
0.684438
0.690693
0.686828
0.688179
0.691513
0.687436
0.684199
0.69054
0.687163
0.684233
0.691072
0.687429
0.68392
0.69125
0.687482
0.684275
0.690631
0.686868
0.684362
0.690763
0.686962
0.683989
0.690496
0.687845
0.684316
0.690387
0.687737
0.683531
0.690929
0.686851
0.6862
0.690944
0.686618
0.684489
0.690581
0.687543
0.683939
0.690912
0.687244
0.683666
0.691074
0.688078
0.683791
0.690984
0.686718
0.683991
0.692968
0.686696
0.684011
0.690857
0.687103
0.683752
0.69109
0.686771
0.683816
0.690735
0.68764
0.685245
0.685926
0.68167
0.678953
0.685284
0.681138
0.679276
0.686202
0.681691
0.678445
0.684964
0.682209
0.678687
0.685642
0.682406
0.678573
0.686493
0.681086
0.678974
0.684844
0.681337
0.679774
0.685453
0.681643
0.678365
0.685999
0.681869
0.678975
0.685572
0.682519
0.678087
0.684964
0.681584
0.68073
0.685264
0.681162
0.678877
0.685391
0.681354
0.678678
0.685217
0.681425
0.678041
0.685397
0.68275
0.678329
0.688988
0.681143
0.67887
0.685
0.681052
0.679227
0.684653
0.681746
0.678047
0.685444
0.681358
0.678664
0.685467
0.682419
0.678419
0.685018
0.681511
0.679287
0.685486
0.681673
0.678995
0.685861
0.681651
0.678728
0.684957
0.681601
0.678741
0.684839
0.682199
0.678592
0.685754
0.681572
0.681327
0.685702
0.680888
0.679012
0.685201
0.681658
0.680171
0.685257
0.681912
0.678584
0.685531
0.68249
0.678554
0.686548
0.681479
0.678758
0.684875
0.681208
0.678959
0.685176
0.681556
0.678813
0.685372
0.681702
0.679123
0.685018
0.682338
0.678343
0.685483
0.681653
0.678781
0.68536
0.681683
0.678816
0.68661
0.681897
0.678061
0.684787
0.681311
0.677955
0.684954
0.682533
0.67798
0.685814
0.681079
0.678711
0.686134
0.681096
0.678621
0.685467
0.681322
0.678182
0.685163
0.681289
0.67814
0.685026
0.682405
0.678602
0.685075
0.681397
0.678526
0.684981
0.681009
0.679815
0.684957
0.681952
0.67791
0.68477
0.682014
0.678402
0.685485
0.682834
0.678234
0.685748
0.68164
0.678083
0.685348
0.681146
0.678517
0.684928
0.682259
0.67816
0.684826
0.684145
0.678107
0.686327
0.682418
0.677915
0.68524
0.681641
0.678297
0.685683
0.685125
0.678764
0.685003
0.681383
0.678183
0.685399
0.681798
0.678169
0.684771
0.68255
0.677892
0.685457
0.681866
0.678579
0.685211
0.681045
0.678472
0.685182
0.681995
0.677772
0.685091
0.681705
0.678305
0.685424
0.68227
0.677851
0.685411
0.681439
0.678477
0.685789
0.682264
0.678593
0.684626
0.681146
0.678552
0.686296
0.681824
0.678162
0.684833
0.682644
0.678316
0.685947
0.682009
0.678342
0.685433
0.6812
0.678757
0.686026
0.682304
0.67837
0.684923
0.681621
0.678382
0.685471
0.68243
0.677933
0.685367
0.681519
0.678161
0.686062
0.681295
0.678545
0.685712
0.681869
0.678095
0.68571
0.68157
0.678141
0.685035
0.682521
0.6784
0.6854
0.681234
0.677693
0.685
0.681175
0.679422
0.685761
0.681657
0.678033
0.685331
0.682299
0.67818
0.685547
0.68245
0.678111
0.685895
0.681498
0.678759
0.685952
0.681384
0.678573
0.685052
0.681525
0.677658
0.685415
0.682713
0.677948
0.685375
0.682547
0.677886
0.685228
0.681588
0.678386
0.6855
0.681178
0.67916
0.686153
0.681329
0.677996
0.689948
0.681643
0.682538
0.684999
0.68217
0.677633
0.68549
0.681313
0.680591
0.685923
0.68116
0.678685
0.684797
0.681436
0.678144
0.685468
0.68209
0.678095
0.685154
0.682339
0.67804
0.685592
0.681468
0.678252
0.685202
0.681239
0.678275
0.684931
0.682059
0.678024
0.685336
0.681785
0.678257
0.685745
0.682369
0.678117
0.685514
0.681585
0.679724
0.685223
0.681188
0.678519
0.68542
0.681467
0.677861
0.685196
0.681533
0.677944
0.685092
0.682572
0.67881
0.685452
0.681301
0.678091
0.684788
0.681312
0.67901
0.685986
0.681644
0.677959
0.68528
0.681637
0.678544
0.685276
0.682203
0.678424
0.685147
0.682561
0.67808
0.685418
0.681491
0.678636
0.685476
0.681484
0.678013
0.685528
0.681749
0.678183
0.685443
0.682846
0.678498
0.685715
0.681072
0.678347
0.685134
0.680897
0.678702
0.685417
0.68138
0.67782
0.685366
0.681732
0.678647
0.685631
0.682316
0.678335
0.685427
0.683428
0.677964
0.685869
0.681954
0.678949
0.685688
0.681681
0.678275
0.685404
0.681569
0.678216
0.685186
0.682239
0.678296
0.685422
0.681344
0.67793
0.685158
0.681237
0.678604
0.684994
0.681841
0.682136
0.685936
0.681803
0.677786
0.68527
0.682066
0.678373
0.68558
0.682008
0.678425
0.685358
0.681084
0.678361
0.685246
0.681716
0.678322
0.685271
0.681441
0.677964
0.684893
0.682676
0.67773
0.686123
0.681599
0.678097
0.68571
0.680831
0.678942
0.685698
0.681699
0.678034
0.684893
0.681847
0.678168
0.685537
0.683367
0.67829
0.686785
0.681451
0.678549
0.685513
0.681159
0.678343
0.685461
0.682417
0.678582
0.685269
0.681793
0.67803
0.68515
0.682184
0.678447
0.685387
0.681406
0.678135
0.685268
0.682253
0.678755
0.685337
0.681513
0.678605
0.684853
0.681686
0.678159
0.685868
0.682732
0.677881
0.688269
0.68185
0.678342
0.685497
0.68138
0.678751
0.685308
0.681695
0.677882
0.685016
0.681456
0.678273
0.685683
0.683097
0.678979
0.686199
0.682174
0.67921
0.686086
0.682303
0.679317
0.686369
0.68262
0.678849
0.686154
0.682533
0.678996
0.686296
0.682441
0.678889
0.685321
0.681358
0.678847
0.685788
0.681148
0.678628
0.685496
0.682139
0.678275
0.685841
0.68175
0.677939
0.685631
0.682137
0.678458
0.685314
0.681601
0.678633
0.685434
0.681169
0.678483
0.685577
0.681687
0.678252
0.685373
0.681566
0.677743
0.684781
0.682356
0.680195
0.686126
0.681757
0.678596
0.685442
0.681066
0.678795
0.685542
0.681673
0.678142
0.685211
0.681734
0.678127
0.685083
0.682535
0.678246
0.685953
0.681439
0.678601
0.684808
0.681269
0.678385
0.685824
0.682805
0.678541
0.685594
0.681916
0.678575
0.685427
0.682558
0.679716
0.685528
0.681227
0.677905
0.68506
0.681273
0.679241
0.681096
0.676347
0.672717
0.679978
0.67636
0.672742
0.680021
0.676878
0.673078
0.680586
0.675945
0.672936
0.680002
0.675791
0.673602
0.679635
0.676127
0.672379
0.680141
0.676533
0.672757
0.679684
0.67862
0.672686
0.67973
0.676207
0.672923
0.680275
0.675778
0.67314
0.680184
0.676291
0.67274
0.680099
0.676084
0.673271
0.680141
0.676759
0.672121
0.680018
0.676298
0.672998
0.680004
0.675847
0.673324
0.680161
0.676568
0.672856
0.680244
0.676622
0.672996
0.679835
0.677909
0.672988
0.679929
0.676343
0.673042
0.68026
0.675505
0.673729
0.679803
0.676227
0.673055
0.680068
0.676196
0.672835
0.67962
0.67672
0.672852
0.680646
0.677272
0.673699
0.680046
0.67591
0.674429
0.680076
0.676335
0.673131
0.679653
0.676288
0.673038
0.680015
0.678449
0.673039
0.680282
0.676047
0.673005
0.679276
0.67577
0.673501
0.681365
0.676393
0.672802
0.679942
0.67596
0.672523
0.679816
0.677008
0.673204
0.67988
0.676087
0.672299
0.679454
0.675194
0.673578
0.680204
0.676235
0.672285
0.679558
0.675948
0.672501
0.680205
0.676905
0.672704
0.679831
0.676108
0.672574
0.680093
0.675503
0.673777
0.68051
0.676211
0.672759
0.679421
0.676438
0.673771
0.679774
0.677347
0.672502
0.679879
0.676669
0.673059
0.680382
0.676001
0.673607
0.680005
0.676108
0.673095
0.679696
0.676091
0.672692
0.679738
0.677069
0.672225
0.679977
0.675874
0.672982
0.680421
0.676033
0.673284
0.67958
0.676042
0.672778
0.680119
0.676407
0.672795
0.679687
0.67677
0.67273
0.680346
0.675854
0.673412
0.679699
0.676048
0.673291
0.679684
0.675888
0.672576
0.679857
0.676424
0.67261
0.681406
0.676622
0.672489
0.680671
0.676345
0.673638
0.68024
0.676373
0.673683
0.679985
0.675987
0.672991
0.679798
0.676118
0.672624
0.67942
0.676434
0.672647
0.68089
0.676347
0.67318
0.679684
0.679168
0.673819
0.679823
0.676145
0.672981
0.679736
0.67659
0.672523
0.681498
0.677013
0.672932
0.680472
0.675801
0.673042
0.679796
0.675993
0.673217
0.679705
0.675926
0.672598
0.679304
0.676539
0.673188
0.680299
0.676977
0.673063
0.680492
0.675904
0.673395
0.679742
0.67615
0.673269
0.679815
0.677188
0.672737
0.679461
0.676002
0.672618
0.68036
0.676673
0.672366
0.679865
0.676109
0.673443
0.680215
0.676572
0.673288
0.679848
0.675988
0.673405
0.680079
0.676087
0.672391
0.679734
0.67657
0.672426
0.680265
0.676331
0.673277
0.680009
0.676302
0.673039
0.679669
0.676174
0.672823
0.679581
0.676534
0.672926
0.680808
0.676811
0.672993
0.680393
0.675921
0.673268
0.679908
0.676196
0.673815
0.679845
0.67604
0.672956
0.67987
0.677313
0.672714
0.679868
0.676947
0.673128
0.681626
0.675801
0.673081
0.679764
0.675802
0.673936
0.680017
0.676127
0.672549
0.679334
0.676368
0.674117
0.679715
0.676821
0.672618
0.680592
0.676178
0.672972
0.679453
0.676376
0.673348
0.680399
0.676114
0.672833
0.68003
0.67626
0.672732
0.680048
0.676651
0.672633
0.6801
0.676083
0.67324
0.683474
0.676158
0.673273
0.680258
0.675881
0.672564
0.679481
0.676057
0.673711
0.680622
0.677362
0.67285
0.680284
0.675836
0.673607
0.680052
0.676466
0.673177
0.679428
0.676057
0.67279
0.680163
0.67623
0.672976
0.680042
0.676886
0.672811
0.679975
0.675857
0.672933
0.680021
0.676704
0.673057
0.680429
0.675828
0.672892
0.680297
0.676479
0.675127
0.679836
0.676902
0.672802
0.679667
0.675835
0.673585
0.68031
0.676426
0.673546
0.67926
0.676009
0.673149
0.680434
0.676092
0.672817
0.680203
0.676563
0.672891
0.680864
0.676992
0.673322
0.679697
0.675979
0.672891
0.679485
0.676146
0.672664
0.681066
0.676725
0.672749
0.68028
0.677211
0.672939
0.679988
0.675862
0.673494
0.680012
0.675715
0.673555
0.679827
0.675759
0.672805
0.6802
0.676537
0.672887
0.679561
0.676843
0.673146
0.68035
0.675925
0.67323
0.679442
0.676423
0.672841
0.680706
0.675872
0.673159
0.679323
0.677292
0.672636
0.680013
0.676732
0.673405
0.680254
0.675919
0.672892
0.680667
0.676344
0.673371
0.679988
0.675954
0.672949
0.680655
0.676355
0.673158
0.680122
0.67726
0.673375
0.680484
0.681751
0.67336
0.680029
0.676942
0.67332
0.679877
0.675863
0.67272
0.679883
0.678207
0.672974
0.679961
0.676723
0.672529
0.679759
0.675804
0.673645
0.680303
0.676132
0.673509
0.679474
0.675968
0.672805
0.680248
0.676305
0.672955
0.679972
0.676806
0.672336
0.679961
0.676298
0.673783
0.680065
0.676466
0.67354
0.681066
0.676314
0.672796
0.67997
0.67694
0.673396
0.680402
0.676671
0.67264
0.679673
0.676264
0.673196
0.680147
0.675844
0.673547
0.679474
0.676298
0.672637
0.679655
0.676592
0.672704
0.67981
0.677169
0.672758
0.681161
0.676067
0.673548
0.680544
0.675848
0.673457
0.679873
0.676081
0.673134
0.679578
0.676256
0.672489
0.679729
0.67719
0.672517
0.68034
0.675829
0.673497
0.680389
0.676124
0.673382
0.680488
0.676309
0.673373
0.680644
0.676103
0.673048
0.679599
0.676816
0.672905
0.680042
0.676077
0.6733
0.680057
0.676024
0.67337
0.679988
0.675932
0.673019
0.679737
0.676534
0.672519
0.680052
0.677648
0.672863
0.680117
0.675797
0.673422
0.68023
0.676128
0.673452
0.679983
0.676289
0.672741
0.679706
0.676338
0.672822
0.680296
0.676879
0.6728
0.681266
0.675784
0.677514
0.680199
0.676704
0.67336
0.680519
0.676061
0.672718
0.679723
0.676583
0.67505
0.680109
0.677293
0.672544
0.680391
0.67603
0.673104
0.679956
0.67624
0.673268
0.679404
0.676207
0.672844
0.680288
0.676221
0.673058
0.680102
0.677152
0.672929
0.680318
0.676014
0.673342
0.679774
0.676292
0.67306
0.679297
0.675917
0.672269
0.679964
0.676519
0.667485
0.674679
0.671239
0.66968
0.674558
0.670973
0.668252
0.674997
0.670755
0.668063
0.674292
0.670652
0.668447
0.674677
0.670885
0.667428
0.673909
0.671371
0.667979
0.674606
0.670944
0.667769
0.674033
0.670863
0.668031
0.675201
0.673794
0.667509
0.674824
0.671207
0.667963
0.6747
0.671274
0.667277
0.674819
0.670743
0.667852
0.674333
0.670726
0.667857
0.67479
0.670477
0.667738
0.67441
0.67093
0.667673
0.674843
0.671839
0.667311
0.675191
0.67064
0.667965
0.675046
0.671019
0.668032
0.674869
0.670606
0.66747
0.674581
0.670657
0.667525
0.674401
0.671621
0.667303
0.675115
0.67056
0.668203
0.675097
0.672108
0.667746
0.674557
0.670571
0.668266
0.674611
0.671099
0.667622
0.674709
0.672211
0.667367
0.674995
0.670415
0.667608
0.674579
0.67126
0.66796
0.674569
0.670447
0.667289
0.674792
0.671149
0.667738
0.675212
0.673005
0.66766
0.675094
0.670781
0.668081
0.6746
0.670737
0.667704
0.674497
0.671884
0.667137
0.674555
0.671006
0.667658
0.674444
0.671234
0.667481
0.675103
0.670577
0.667902
0.67455
0.670508
0.668079
0.674837
0.670599
0.667871
0.674303
0.670916
0.667502
0.674647
0.671267
0.667268
0.674713
0.670465
0.667727
0.674882
0.670967
0.668291
0.675552
0.671126
0.667961
0.674782
0.671339
0.667698
0.674483
0.671488
0.667379
0.675197
0.67063
0.667726
0.674122
0.670906
0.668066
0.67443
0.670825
0.667535
0.674579
0.671316
0.667524
0.674905
0.671655
0.667432
0.675057
0.670727
0.668288
0.674811
0.670836
0.667831
0.674625
0.670327
0.66737
0.67435
0.670972
0.667834
0.675738
0.671469
0.667611
0.676303
0.670671
0.668315
0.674969
0.67096
0.66802
0.674689
0.67117
0.667147
0.67443
0.67041
0.667548
0.674718
0.671742
0.667637
0.674759
0.670792
0.66749
0.674429
0.670635
0.667859
0.674413
0.670639
0.667831
0.67484
0.670849
0.668038
0.674737
0.671436
0.667799
0.676371
0.670802
0.66794
0.674478
0.670641
0.667564
0.67422
0.670691
0.667459
0.674621
0.671021
0.667518
0.67444
0.671474
0.667629
0.674894
0.670958
0.668037
0.674681
0.670547
0.668084
0.674263
0.671038
0.671999
0.674468
0.671123
0.667491
0.674228
0.671259
0.667362
0.674758
0.670561
0.668855
0.677225
0.671057
0.668247
0.675455
0.671165
0.667025
0.674501
0.671042
0.667728
0.674671
0.672396
0.667331
0.675155
0.670872
0.667928
0.674319
0.670844
0.667451
0.67443
0.670918
0.667324
0.674251
0.670844
0.667455
0.675015
0.671518
0.667574
0.675321
0.670553
0.668286
0.674237
0.670649
0.668405
0.674581
0.670584
0.667648
0.673974
0.671551
0.667556
0.674045
0.671383
0.667267
0.675226
0.670666
0.668377
0.674652
0.67101
0.668058
0.675014
0.670654
0.667585
0.674636
0.670925
0.667598
0.674527
0.672377
0.667704
0.674326
0.670589
0.66817
0.674162
0.671338
0.667588
0.674567
0.671036
0.670159
0.674526
0.671062
0.667846
0.674915
0.672026
0.66751
0.674941
0.670755
0.667949
0.674891
0.670542
0.667537
0.674172
0.67047
0.667776
0.674887
0.671017
0.667379
0.674585
0.671287
0.667261
0.674885
0.670276
0.667897
0.674445
0.670149
0.668199
0.674905
0.6708
0.667576
0.674452
0.672221
0.667947
0.674095
0.671256
0.666921
0.674587
0.670669
0.667579
0.674471
0.67061
0.667895
0.675629
0.670649
0.667426
0.674957
0.670906
0.667555
0.674325
0.671182
0.667041
0.67493
0.670386
0.668816
0.678287
0.670958
0.668105
0.674606
0.670777
0.667583
0.674032
0.670623
0.667164
0.674769
0.67118
0.670289
0.674843
0.670313
0.66813
0.674906
0.670636
0.667552
0.674114
0.670386
0.667546
0.675063
0.671136
0.667491
0.67447
0.67149
0.668226
0.675204
0.670406
0.668193
0.674979
0.671184
0.669118
0.675096
0.670588
0.667107
0.674048
0.670965
0.667441
0.674597
0.672187
0.667585
0.674583
0.670938
0.667763
0.674546
0.670872
0.66798
0.675838
0.670577
0.667347
0.674647
0.671048
0.667826
0.674903
0.671279
0.667562
0.674532
0.670457
0.668077
0.674411
0.670789
0.667758
0.674106
0.670777
0.667742
0.674904
0.671024
0.667188
0.674042
0.672237
0.66774
0.67525
0.670558
0.667789
0.674673
0.672109
0.667695
0.674698
0.670765
0.667394
0.674599
0.670938
0.667534
0.674688
0.671439
0.667669
0.67501
0.670589
0.668032
0.674278
0.670775
0.667881
0.675328
0.670251
0.667322
0.674308
0.671253
0.667524
0.674783
0.67116
0.667489
0.674465
0.670529
0.66763
0.674758
0.670971
0.667838
0.674528
0.670845
0.667449
0.674456
0.671148
0.667257
0.674784
0.671928
0.667339
0.675543
0.670183
0.667913
0.674365
0.670863
0.667877
0.674628
0.671057
0.667201
0.674136
0.670986
0.662356
0.669125
0.665904
0.66209
0.671043
0.664908
0.662676
0.669535
0.665324
0.662542
0.669026
0.665254
0.662253
0.669102
0.668108
0.662077
0.669106
0.666376
0.66208
0.669257
0.66518
0.662121
0.669115
0.665233
0.662719
0.669165
0.66526
0.661731
0.669078
0.665229
0.662622
0.669641
0.665573
0.661989
0.669262
0.665246
0.666275
0.669135
0.665475
0.662428
0.668982
0.665242
0.662096
0.669221
0.665553
0.661863
0.669022
0.66737
0.662019
0.669513
0.665057
0.66278
0.669567
0.665709
0.662289
0.669579
0.665588
0.662211
0.668715
0.665283
0.662372
0.669577
0.66609
0.66217
0.669741
0.665468
0.662583
0.669124
0.665484
0.66311
0.669842
0.665536
0.662457
0.669466
0.665461
0.662337
0.668988
0.665956
0.661768
0.669545
0.665202
0.662295
0.668878
0.665602
0.662046
0.669046
0.665387
0.661928
0.669069
0.665278
0.662257
0.669636
0.666053
0.662409
0.669413
0.665172
0.662803
0.66929
0.665278
0.66236
0.669178
0.666202
0.662034
0.668945
0.66578
0.661841
0.66933
0.666068
0.662335
0.6692
0.665293
0.662525
0.671814
0.665811
0.662797
0.6693
0.664887
0.662112
0.6689
0.665496
0.661911
0.669255
0.666119
0.662739
0.669371
0.66521
0.662331
0.668882
0.665493
0.662353
0.668676
0.665243
0.661817
0.66947
0.667374
0.662049
0.669514
0.665998
0.661997
0.66942
0.665341
0.662406
0.669083
0.665332
0.662327
0.670137
0.667786
0.661774
0.668571
0.665907
0.662502
0.669178
0.666086
0.662352
0.669211
0.665399
0.662079
0.669461
0.665055
0.662484
0.668839
0.665215
0.662132
0.669414
0.665731
0.661895
0.668751
0.666045
0.661806
0.669325
0.665212
0.662571
0.668857
0.665756
0.662545
0.669569
0.665733
0.662069
0.670182
0.665284
0.662378
0.669655
0.666266
0.662169
0.66918
0.664935
0.662706
0.66872
0.665225
0.662378
0.668758
0.665746
0.662285
0.669077
0.66593
0.662153
0.669189
0.666482
0.662121
0.669494
0.665122
0.662482
0.669065
0.665385
0.662531
0.669427
0.665294
0.662068
0.668505
0.665686
0.662093
0.671427
0.666271
0.662113
0.66939
0.665561
0.662998
0.669854
0.665174
0.66262
0.669455
0.665302
0.662333
0.668837
0.665692
0.661808
0.669083
0.666316
0.662135
0.669549
0.665018
0.662477
0.668674
0.665578
0.66285
0.66916
0.665177
0.662181
0.669575
0.665665
0.662239
0.670132
0.666152
0.662295
0.67002
0.665116
0.662778
0.669323
0.66511
0.662761
0.669247
0.664824
0.662313
0.668755
0.665608
0.664714
0.669026
0.666073
0.662253
0.669083
0.665727
0.662297
0.669286
0.665235
0.662697
0.66908
0.665935
0.664337
0.669011
0.665885
0.662281
0.668915
0.666088
0.661495
0.669554
0.665405
0.662778
0.671632
0.665111
0.662334
0.669284
0.665993
0.662845
0.669859
0.665267
0.662359
0.669216
0.666013
0.662195
0.669509
0.665054
0.662833
0.668617
0.66525
0.662377
0.668855
0.665436
0.662074
0.668771
0.665383
0.662047
0.669552
0.666268
0.661987
0.669837
0.665168
0.662343
0.669381
0.665431
0.662109
0.670007
0.665433
0.662156
0.668847
0.665541
0.66221
0.669197
0.666192
0.661913
0.66933
0.664929
0.662678
0.66932
0.665401
0.66231
0.669715
0.665388
0.66202
0.668851
0.66534
0.661942
0.669022
0.66628
0.661712
0.669498
0.665096
0.662356
0.66904
0.665417
0.662106
0.668932
0.665016
0.662369
0.673005
0.66522
0.662295
0.668996
0.665892
0.661994
0.669738
0.665383
0.662204
0.669437
0.665318
0.663411
0.66852
0.665162
0.661833
0.668791
0.665672
0.662371
0.669116
0.666
0.661799
0.669586
0.665901
0.662739
0.669391
0.665539
0.662275
0.669138
0.665724
0.662142
0.668949
0.665665
0.662332
0.670843
0.666157
0.661831
0.669809
0.665193
0.662857
0.669099
0.665106
0.662531
0.669557
0.665374
0.663005
0.669183
0.665938
0.662344
0.669249
0.666586
0.661915
0.66922
0.664753
0.662013
0.668603
0.665697
0.66588
0.668903
0.665109
0.662036
0.668911
0.665237
0.662652
0.669329
0.666045
0.661931
0.670358
0.66514
0.66276
0.668737
0.665979
0.662773
0.669019
0.664781
0.662046
0.668235
0.665378
0.662181
0.668775
0.666145
0.661895
0.669119
0.665314
0.662534
0.669231
0.665164
0.662571
0.668984
0.664816
0.661787
0.668704
0.665218
0.662201
0.669105
0.666003
0.662074
0.669228
0.665191
0.662174
0.670304
0.665197
0.662589
0.668734
0.664929
0.662346
0.669918
0.660031
0.657181
0.663888
0.660404
0.656687
0.663568
0.659619
0.657236
0.663631
0.659851
0.656867
0.663231
0.659746
0.656565
0.663241
0.660709
0.656569
0.663634
0.660605
0.656834
0.663922
0.659737
0.657655
0.66379
0.659358
0.656978
0.665454
0.659825
0.65669
0.663418
0.660058
0.656748
0.663386
0.660699
0.65677
0.663807
0.6599
0.657323
0.663483
0.659639
0.65689
0.663794
0.660017
0.656864
0.664513
0.659999
0.656734
0.66345
0.660622
0.656487
0.664053
0.659793
0.656893
0.663266
0.659745
0.657098
0.663626
0.660027
0.656901
0.666371
0.660202
0.656887
0.664029
0.660468
0.656755
0.663809
0.659631
0.657198
0.663995
0.65982
0.657554
0.663237
0.659973
0.656652
0.663086
0.660241
0.656868
0.663882
0.66066
0.656372
0.663577
0.660106
0.656836
0.666806
0.660097
0.660279
0.663865
0.659735
0.657013
0.663267
0.65998
0.65652
0.666476
0.660511
0.656033
0.663716
0.65997
0.657475
0.663843
0.659723
0.656931
0.663227
0.659401
0.656903
0.66414
0.660053
0.65674
0.6635
0.660311
0.657125
0.663882
0.659708
0.656962
0.665093
0.660007
0.657102
0.663445
0.659463
0.656879
0.663571
0.660295
0.656603
0.663212
0.660808
0.656287
0.664896
0.660177
0.656896
0.664067
0.659451
0.656955
0.664254
0.659808
0.656931
0.663299
0.659906
0.65713
0.664204
0.660823
0.656156
0.663673
0.659781
0.657408
0.664071
0.659616
0.657215
0.664424
0.660088
0.656811
0.663654
0.66057
0.656909
0.66391
0.660729
0.656876
0.663855
0.659386
0.657159
0.664481
0.659905
0.657127
0.663905
0.659762
0.657432
0.664305
0.659958
0.656651
0.663528
0.660946
0.657002
0.664041
0.659721
0.656993
0.663434
0.659848
0.65745
0.663657
0.659749
0.656317
0.663045
0.660007
0.656734
0.663515
0.661298
0.656254
0.663842
0.659692
0.656845
0.664372
0.659855
0.657197
0.664498
0.660491
0.656996
0.663269
0.660215
0.656662
0.664396
0.660675
0.65672
0.663921
0.659705
0.657251
0.664214
0.659941
0.656585
0.663501
0.659938
0.656798
0.663936
0.660486
0.657077
0.663786
0.662025
0.661726
0.663936
0.659848
0.657621
0.663932
0.660019
0.656766
0.663169
0.659809
0.656645
0.663204
0.660423
0.65699
0.663584
0.660582
0.656589
0.664072
0.659843
0.657011
0.663888
0.659761
0.657042
0.664144
0.660137
0.656717
0.663356
0.66024
0.657065
0.663681
0.661487
0.656
0.663799
0.659858
0.65682
0.663573
0.659635
0.657042
0.663691
0.660433
0.65665
0.663972
0.660187
0.657563
0.663958
0.660738
0.65673
0.664083
0.659731
0.657136
0.663351
0.659681
0.65713
0.663366
0.659785
0.656698
0.663829
0.660215
0.656945
0.664264
0.660486
0.656728
0.664419
0.659458
0.657268
0.663662
0.659864
0.657239
0.663598
0.659686
0.656764
0.662995
0.65994
0.656777
0.664314
0.660722
0.656809
0.663993
0.66264
0.657262
0.664155
0.659953
0.657344
0.663955
0.659781
0.656622
0.663249
0.66
0.656799
0.664056
0.660539
0.656665
0.663452
0.659689
0.656885
0.663735
0.661224
0.657356
0.663711
0.659676
0.657074
0.663766
0.660175
0.656735
0.663699
0.660463
0.657114
0.663792
0.660023
0.657209
0.663381
0.661601
0.656733
0.66343
0.659935
0.656308
0.663743
0.660336
0.656489
0.663437
0.660937
0.656664
0.664679
0.659943
0.657175
0.664259
0.660015
0.657247
0.663791
0.659677
0.656634
0.663493
0.660204
0.656837
0.665753
0.660502
0.656395
0.663682
0.659707
0.656972
0.663404
0.659664
0.657143
0.663883
0.662207
0.656674
0.66372
0.65999
0.656987
0.664231
0.661792
0.656711
0.66378
0.659575
0.656721
0.663531
0.659786
0.656643
0.663879
0.659961
0.657334
0.663834
0.660452
0.656309
0.664725
0.660909
0.656611
0.664626
0.6594
0.657297
0.663536
0.659593
0.657208
0.663601
0.659799
0.656902
0.664502
0.661004
0.656781
0.66363
0.660983
0.656785
0.663505
0.660943
0.657386
0.664344
0.659886
0.657141
0.663273
0.660103
0.657005
0.663985
0.659876
0.656726
0.663902
0.660563
0.656086
0.663574
0.659505
0.656759
0.664279
0.6599
0.657575
0.664098
0.659756
0.656876
0.664087
0.66012
0.656517
0.664264
0.661498
0.656895
0.663484
0.659739
0.657037
0.663907
0.66026
0.656644
0.663349
0.659997
0.656767
0.663707
0.660943
0.657023
0.664051
0.660532
0.656716
0.665038
0.659633
0.657241
0.663662
0.65994
0.657405
0.664379
0.659637
0.656429
0.663323
0.65983
0.656764
0.663662
0.660545
0.656302
0.664189
0.660985
0.657188
0.663159
0.659892
0.656773
0.664045
0.660155
0.656611
0.664194
0.660076
0.656796
0.663436
0.661091
0.657217
0.664078
0.659902
0.656847
0.663258
0.659324
0.656642
0.663423
0.660114
0.657191
0.665906
0.659867
0.656555
0.664198
0.660584
0.656799
0.663991
0.659732
0.657318
0.663537
0.659716
0.657558
0.663595
0.659772
0.656569
0.663447
0.660239
0.656583
0.66348
0.660629
0.656774
0.663782
0.659839
0.657196
0.663999
0.660168
0.65701
0.663718
0.660137
0.657139
0.663348
0.660043
0.656849
0.66404
0.660754
0.656446
0.663547
0.659853
0.657041
0.66409
0.659933
0.656713
0.663342
0.660303
0.657154
0.664219
0.659864
0.656778
0.663724
0.660771
0.656909
0.6637
0.659833
0.656779
0.663216
0.660396
0.656941
0.6636
0.659733
0.656877
0.663265
0.660174
0.656798
0.663904
0.660755
0.656441
0.664368
0.659777
0.657365
0.663969
0.659596
0.657038
0.663757
0.659987
0.656893
0.663528
0.659981
0.658381
0.663197
0.660511
0.656375
0.663781
0.660035
0.657303
0.663776
0.659603
0.657101
0.664003
