245.368
152.467
104.631
95.1241
73.8299
37.0261
73.496
80.103
85.6533
87.8748
88.4923
87.7963
86.4711
84.5055
81.9958
78.2173
75.1746
71.8182
67.9577
62.7279
55.7221
50.8988
47.0853
43.6947
40.6668
38.062
35.2884
32.5332
29.1267
29.0528
28.8392
28.4782
28.1616
27.8151
27.5257
27.199
26.9787
26.6097
26.2942
26.0783
25.7502
25.5145
25.2585
24.9542
24.6923
24.5209
24.2565
23.9981
23.748
23.5276
23.2723
23.1082
22.8614
22.6841
22.4265
22.2757
22.0929
21.9369
21.677
21.4959
21.3325
21.1568
21.0085
20.8171
20.5547
20.4945
20.2152
20.1495
19.8784
19.8011
19.6145
18.6629
18.6932
18.5041
18.4219
18.3435
18.1815
17.9904
17.9087
17.7363
17.5746
17.4648
17.3035
17.1463
17.0359
16.8911
16.7857
16.6117
16.5441
16.3535
16.2793
16.11
16.0216
15.8439
15.7992
15.6877
15.5112
15.4228
15.2414
15.1591
15.0772
14.8994
14.8174
14.7384
14.6502
14.4719
14.3981
14.3086
14.2195
14.0451
14.0552
13.8732
13.7831
13.7018
13.6133
13.5236
13.3589
13.3656
13.1715
13.1078
13.021
12.9296
12.8405
12.7425
12.6685
12.5991
12.5028
12.4204
12.3268
12.2401
12.2426
12.0832
12.0738
11.8844
11.8967
11.8269
11.7292
11.6346
11.5566
11.456
11.4705
11.3099
11.2895
11.216
11.1322
11.0243
11.0347
10.9573
10.8593
10.7737
10.6777
10.6888
10.6094
10.5223
10.4337
10.4373
10.3347
10.2618
10.1861
10.1793
10.0963
10.0238
10.0026
9.93022
9.82709
9.82943
9.73398
9.65745
9.65341
9.40713
9.22746
9.15624
9.14455
9.15134
9.15305
9.15153
9.051
9.07309
8.97146
8.96442
8.89122
8.89457
8.78926
8.71911
8.70985
8.70889
8.62421
8.54459
8.52986
8.44374
8.46361
8.36772
8.36476
8.27487
8.28593
8.1935
8.1786
8.09797
8.10748
8.01634
8.02009
7.93715
7.93364
7.84325
7.84829
7.75941
7.75841
7.67649
7.68128
7.67075
7.5971
7.51027
7.49811
7.5124
7.40865
7.41839
7.33464
7.34278
7.32609
7.24379
7.23896
7.15853
7.15391
7.15542
7.06856
7.0717
6.98615
6.98048
6.97806
6.89824
6.8996
6.8163
6.80938
6.80942
6.73344
6.72383
6.72676
6.63916
6.6364
6.55844
6.55032
6.56082
6.47364
6.48887
6.4844
6.37483
6.38735
6.38351
6.30929
6.30896
6.29317
6.21826
6.22149
6.21115
6.11998
6.11609
6.13337
6.0322
6.03776
6.03439
6.03583
5.9496
5.95249
5.87485
5.95815
5.87696
5.86517
5.77329
5.78945
5.77589
5.78767
5.69392
5.68915
5.70123
5.60705
5.62016
5.60579
5.60975
5.52396
5.53154
5.51997
5.43485
5.52379
5.4425
5.44125
5.34093
5.36177
5.36078
5.34542
5.27118
5.36032
5.26204
5.17511
5.26702
5.1757
5.17762
5.17281
5.09054
5.16218
5.08103
5.08591
5.01529
5.08684
4.998
5.00829
5.001
4.90032
4.91188
4.92757
4.92169
4.91511
4.82784
4.82837
4.83552
4.82796
4.72659
4.84708
4.74557
4.74616
4.65975
4.74951
4.65668
4.65906
4.65437
4.66892
4.56783
4.57136
4.57461
4.57256
4.57004
4.49126
4.57725
4.49651
4.49322
4.48389
4.40104
4.49209
4.40131
4.40287
4.4027
4.32483
4.40768
4.31748
4.30984
4.30886
4.30378
4.22953
4.31711
4.22523
4.22528
4.22136
4.22967
4.1467
4.22367
4.13772
4.13577
4.13554
4.14393
4.0499
4.13809
4.04988
4.05851
4.0502
4.05518
3.97972
4.0451
3.96309
3.96116
3.97323
3.9665
3.96706
3.87984
3.97141
3.87779
3.88491
3.87435
3.89084
3.88074
3.79115
3.87429
3.79471
3.79726
3.79809
3.79527
3.79259
3.70691
3.80628
3.70707
3.72689
3.70531
3.71447
3.70658
3.6265
3.71385
3.62765
3.63588
3.62762
3.62533
3.62686
3.63418
3.52781
3.62292
3.53868
3.53489
3.54242
3.53528
3.53926
3.53662
3.45896
3.53664
3.44525
3.4551
3.45347
3.45359
3.45811
3.45493
3.44332
3.37665
3.46902
3.38094
3.37221
3.36097
3.36377
3.36851
3.36378
3.2738
3.36416
3.27114
3.37329
3.2803
3.28278
3.27795
3.28285
3.28543
3.19139
3.28176
3.19747
3.27849
3.19622
3.1962
3.18942
3.19893
3.18428
3.18868
3.11115
3.19195
3.11687
3.18899
3.11063
3.0998
3.11174
3.10462
3.11413
3.10322
3.01898
3.11327
3.02471
3.11095
3.02756
3.02754
3.02408
3.0221
3.01893
3.02155
3.01619
2.93423
3.02163
2.94463
3.02409
2.93797
2.9311
2.9327
2.93914
2.94027
2.92337
2.93672
2.94694
2.83983
2.9305
2.84156
2.92978
2.84915
2.85351
2.85826
2.8471
2.85147
2.85496
2.85115
2.85174
2.76876
2.8632
2.76864
2.84848
2.76109
2.75991
2.7578
2.86971
2.7832
2.76568
2.76351
2.67085
2.76124
2.78345
2.69028
2.76519
2.66884
2.76731
2.68309
2.67334
2.68174
2.68907
2.67613
2.67949
2.6715
2.67835
2.58641
2.67015
2.67818
2.59371
2.66998
2.58122
2.58737
2.59004
2.67355
2.58321
2.58714
2.57981
2.58272
2.5902
2.50271
2.57471
2.58707
2.49157
2.57485
2.49764
2.57791
2.48738
2.4978
2.49201
2.4882
2.49779
2.4924
2.4877
2.50235
2.491
2.48849
2.41136
2.49203
2.48902
2.41348
2.49158
2.4024
2.4117
2.49277
2.40263
2.41272
2.40604
2.40162
2.41143
2.4061
2.40303
2.4122
2.32031
2.40395
2.41453
2.3199
2.4028
2.32626
2.40716
2.31956
2.3266
2.40649
2.31707
2.3264
2.32102
2.31694
2.32592
2.32052
2.3217
2.32728
2.32312
2.23154
2.32545
2.32203
2.23159
2.32559
2.23495
2.23157
2.24031
2.23366
2.23489
2.24069
2.23544
2.23125
2.156
2.23517
2.14475
2.24042
2.14856
2.1454
2.24
2.14999
2.1457
2.15473
2.14895
2.14607
2.1554
2.15079
2.14665
2.15495
2.06402
2.14571
2.15749
2.15023
2.0596
2.15527
2.14961
2.14669
2.15581
2.0625
2.14666
2.15495
2.1515
2.06035
2.1553
2.14903
2.06012
2.15424
2.06298
2.14659
2.06851
2.14938
2.05719
2.07057
2.14743
2.05945
2.06824
2.06031
2.05807
2.06716
2.06041
2.05856
2.06551
2.06043
2.05735
2.06597
2.0614
1.97102
2.06581
2.06044
1.9728
2.06637
2.06039
1.97254
2.06594
1.9739
1.97144
2.06614
1.97803
1.97177
2.06603
1.97518
1.97083
1.9806
1.97523
1.97259
1.98163
1.97434
1.97151
1.97996
1.97537
1.97123
1.97935
1.88875
1.97162
1.98005
1.88934
1.97108
1.98054
1.88855
1.9712
1.89496
1.97389
1.88767
1.98069
1.88771
1.88532
1.89444
1.97465
1.88619
1.89342
1.88845
1.88514
1.89619
1.88815
1.88546
1.89341
1.88897
1.88523
1.89398
1.88835
1.88459
1.89365
1.8027
1.88517
1.89296
1.80264
1.88458
1.89708
1.80232
1.88497
1.80734
1.88793
1.80171
1.89376
1.80282
1.79864
1.89357
1.80268
1.7993
1.80825
1.88914
1.79936
1.80776
1.79659
1.79327
1.80212
1.79678
1.79491
1.80392
1.79762
1.79373
1.80224
1.79731
1.79417
1.71871
1.79752
1.79373
1.80346
1.71109
1.79391
1.80338
1.71683
1.79987
1.72239
1.80254
1.71368
1.80774
1.71717
1.79949
1.72228
1.71728
1.7989
1.72191
1.71657
1.71401
1.80807
1.71673
1.71433
1.72553
1.718
1.71353
1.72536
1.71837
1.71572
1.72227
1.71727
1.71382
1.72192
1.71651
1.71507
1.7224
1.63088
1.71438
1.72252
1.71656
1.62837
1.72254
1.71703
1.62293
1.7172
1.71305
1.62265
1.71742
1.6256
1.70875
1.63105
1.71148
1.62324
1.63158
1.71175
1.62559
1.63077
1.71195
1.62297
1.63047
1.62573
1.70871
1.63197
1.62675
1.62343
1.63101
1.6255
1.62289
1.6312
1.62635
1.6231
1.63073
1.6262
1.62316
1.63106
1.62604
1.62214
1.63148
1.62595
1.53734
1.6305
1.62562
1.62548
1.54545
1.62852
1.62319
1.5453
1.62627
1.6228
1.5451
1.6265
1.53687
1.63281
1.54012
1.6229
1.5456
1.62591
1.53999
1.63112
1.54002
1.53731
1.63213
1.53989
1.53617
1.63092
1.54088
1.53607
1.5454
1.62571
1.53698
1.54475
1.53944
1.53666
1.54504
1.53977
1.5392
1.63117
1.53959
1.53685
1.54421
1.54116
1.53676
1.545
1.53965
1.45152
1.54434
1.53971
1.53727
1.5454
1.53924
1.44989
1.5448
1.53981
1.53571
1.459
1.54429
1.5357
1.45941
1.53934
1.53739
1.45996
1.53928
1.45055
1.5443
1.53392
1.44457
1.53911
1.45075
1.53037
1.45283
1.44861
1.53093
1.45335
1.53358
1.44555
1.45362
1.53385
1.44548
1.45325
1.53369
1.44627
1.45355
1.44852
1.53117
1.45342
1.44836
1.44505
1.45359
1.44836
1.44508
1.53922
1.44938
1.44526
1.45339
1.44799
1.44497
1.45676
1.44888
1.44552
1.45634
1.45038
1.44557
1.45297
1.4482
1.35945
1.45294
1.44781
1.44544
1.45448
1.44788
1.35941
1.45383
1.44876
1.44513
1.36731
1.44865
1.44504
1.36779
1.44829
1.44581
1.36759
1.44873
1.44702
1.36743
1.44854
1.35945
1.45295
1.36255
1.44559
1.36741
1.4496
1.3593
1.45354
1.36577
1.44556
1.36737
1.44824
1.36048
1.36754
1.44866
1.35971
1.36797
1.44961
1.36027
1.36789
1.44895
1.35962
1.36765
1.36295
1.44575
1.36801
1.3624
1.35992
1.36832
1.36271
1.44595
1.36689
1.36262
1.3601
1.36771
1.36337
1.35939
1.36795
1.36301
1.36114
1.36713
1.36254
1.35968
1.37047
1.36292
1.35948
1.36739
1.36284
1.35977
1.36807
1.36291
1.27349
1.36881
1.3625
1.3596
1.36767
1.36681
1.27424
1.36854
1.36334
1.35925
1.28204
1.36552
1.36004
1.3671
1.27734
1.35985
1.3683
1.27663
1.36003
1.36818
1.27659
1.35989
1.28211
1.36262
1.35921
1.28169
1.36345
1.27362
1.37138
1.27691
1.35961
1.28177
1.36226
1.27391
1.36674
1.27658
1.35988
1.28266
1.2767
1.35948
1.28216
1.36263
1.27322
1.28086
1.36304
1.27309
1.28462
1.3623
1.2734
1.28186
1.27622
1.35976
1.2816
1.27669
1.27371
1.36703
1.2771
1.27322
1.28157
1.27718
1.3588
1.28126
1.2762
1.27379
1.28125
1.27875
1.27342
1.2812
1.36235
1.27334
1.28118
1.27715
1.27324
1.28124
1.27811
1.27334
1.28093
1.27655
1.27341
1.28174
1.2782
1.27341
1.28193
1.27617
1.2736
1.28096
1.19033
1.27309
1.28119
1.27812
1.27313
1.2821
1.27614
1.18905
1.28172
1.27623
1.27337
1.28393
1.19068
1.27326
1.28138
1.27743
1.188
1.28536
1.27672
1.27366
1.19571
1.27603
1.27312
1.1963
1.2763
1.27372
1.19623
1.27825
1.2733
1.19548
1.27662
1.18849
1.28116
1.27723
1.1871
1.28233
1.19053
1.27372
1.19582
1.27652
1.18781
1.28187
1.19118
1.27447
1.19543
1.27733
1.18754
1.28272
1.19172
1.27329
1.19548
1.27748
1.18794
1.19554
1.27641
1.18892
1.28375
1.19091
1.18768
1.28225
1.19024
1.18757
1.2818
1.19134
1.18795
1.28261
1.19467
1.18775
1.19635
1.27634
1.18784
1.19583
1.19146
1.27394
1.19527
1.19143
1.18738
1.19563
1.27768
1.18809
1.19603
1.19075
1.18781
1.28189
1.19082
1.1884
1.19723
1.19111
1.18839
1.1957
1.1907
1.18768
1.19579
1.27786
1.18766
1.19769
1.1911
1.18802
1.19546
1.19043
1.18835
1.19647
1.19075
1.18775
1.19509
1.19206
1.18823
1.1956
1.19445
1.18859
1.19591
1.19029
1.18756
1.19545
1.10446
1.18874
1.19606
1.19079
1.18708
1.1956
1.19103
1.18803
1.10976
1.19109
1.18708
1.19552
1.1918
1.18803
1.10985
1.19032
1.18802
1.19623
1.19042
1.10184
1.19567
1.19125
1.18975
1.10941
1.19103
1.18819
1.19565
1.10436
1.19096
1.19603
1.10428
1.18776
1.19569
1.10491
1.18775
1.19604
1.10466
1.18775
1.19561
1.10532
1.18707
1.19535
1.10456
1.1877
1.10917
1.19036
1.18765
1.10971
1.19058
1.10179
1.19558
1.10516
1.18742
1.10946
1.19268
1.10156
1.19586
1.10484
1.18762
1.10972
1.19041
1.10194
1.1951
1.10503
1.1896
1.10983
1.19057
1.10153
1.19543
1.1058
1.10188
1.19606
1.10448
1.18757
1.11097
1.19046
1.10203
1.11016
1.19077
1.10176
1.10973
1.19088
1.10153
1.10973
1.19156
1.1018
1.10953
1.19057
1.10167
1.1094
1.19067
1.10268
1.10974
1.19103
1.10198
1.1095
1.10503
1.18754
1.11244
1.1062
1.10196
1.19622
1.10444
1.10208
1.10959
1.10472
1.19242
1.1117
1.1055
1.10195
1.1093
1.19106
1.10216
1.11002
1.10535
1.10188
1.1101
1.19179
1.10195
1.10972
1.10479
1.10217
1.10992
1.105
1.10187
1.10946
1.19185
1.10231
1.10941
1.10562
1.10136
1.10974
1.10465
1.10374
1.10991
1.10453
1.10224
1.10958
1.10537
1.10193
1.10971
1.10499
1.10149
1.10996
1.10598
1.10161
1.10967
1.10435
1.10173
1.11268
1.10474
1.10192
1.10996
1.10495
1.10159
1.11002
1.10464
1.1017
1.10945
1.10553
1.10409
1.10471
1.09945
1.09706
1.1044
1.09902
1.09705
1.10508
1.09952
1.09631
1.10388
1.10021
1.09697
1.10451
1.10016
1.09634
1.10533
1.09891
1.09663
1.10384
1.01322
1.09751
1.10446
1.09959
1.0961
1.10482
1.01358
1.09658
1.10434
1.10036
1.09583
1.01756
1.09916
1.09832
1.10422
1.01313
1.09637
1.10416
1.09883
1.09641
1.01802
1.09896
1.09549
1.01808
1.10022
1.09659
1.10757
1.01267
1.09647
1.10421
1.01281
1.09671
1.10367
1.01347
1.09569
1.10415
1.01403
1.09627
1.1042
1.01409
1.09606
1.10356
1.01321
1.09716
1.10424
1.01336
1.09663
1.01905
1.09936
1.09638
1.0178
1.09922
1.01053
1.10355
1.09992
1.01036
1.10448
1.01364
1.09932
1.01857
1.09861
1.09664
1.01812
1.09954
1.01208
1.10412
1.0137
1.09632
1.01848
1.10025
1.01106
1.10536
1.01337
1.09659
1.01786
1.09909
1.01089
1.10414
1.01343
1.09662
1.01811
1.09963
1.01092
1.1038
1.0142
1.01028
1.10422
1.01347
1.09656
1.01839
1.09964
1.01065
1.01935
1.10108
1.00998
1.1036
1.01314
1.00976
1.10359
1.01446
1.09609
1.0187
1.01307
1.09644
1.01965
1.01305
1.09637
1.01835
1.09932
1.0101
1.01804
1.09921
1.01008
1.01796
1.10025
1.01046
1.01834
1.09921
1.01029
1.01791
1.01285
1.0975
1.01794
1.0139
1.096
1.01765
1.014
1.01053
1.10458
1.01463
1.01016
1.01853
1.09956
1.00998
1.0182
1.01318
1.09623
1.01793
1.01414
1.01027
1.10375
1.01618
1.00989
1.01913
1.01434
1.09586
1.01808
1.01363
1.01027
1.01862
1.10293
1.01059
1.01791
1.0135
1.0102
1.01816
1.09966
1.00999
1.01779
1.01431
1.00977
1.01819
1.10061
1.01032
1.01823
1.01293
1.01002
1.01805
1.01381
1.00961
1.10379
1.01353
1.00998
1.01807
1.01447
1.00945
1.01796
1.01315
1.00999
1.01867
1.0145
1.09614
1.01742
1.01296
1.01043
1.01905
1.01364
1.00986
1.01755
1.01436
1.00995
1.01861
1.01357
1.00975
1.0181
1.01289
1.01031
1.01893
1.01418
1.01017
1.01767
1.01341
1.01001
1.01823
1.01412
1.00966
1.01801
1.0134
1.00975
1.01899
1.01381
1.01021
1.01872
1.01356
1.00984
1.01843
1.01324
1.01016
1.01774
1.01429
1.01024
1.01834
1.01286
1.00944
1.01794
1.01308
1.01114
1.01858
1.0135
1.00997
1.01816
1.01415
1.00996
1.0186
1.01425
1.00993
1.01869
1.01326
1.0104
1.01981
1.01323
1.01032
1.01781
1.01327
1.00959
1.01869
1.01467
1.00979
1.01832
1.01428
1.00979
1.01805
1.01338
1.01021
1.01854
1.01308
1.01092
1.01933
1.01323
1.00988
1.02277
1.01372
1.01445
1.01797
1.01395
1.00929
1.01825
1.01341
1.01237
1.0207
1.01312
1.01034
1.01771
1.01334
1.01002
1.01831
1.01417
1.00994
1.01816
1.01421
1.00993
1.01874
1.01318
1.01013
1.01827
1.01317
1.01022
1.01776
1.014
1.00998
1.01817
1.01397
1.01016
1.01872
1.01425
1.01015
1.01871
1.0136
1.01215
1.0183
1.01324
1.01058
1.01841
1.01347
1.01065
1.01818
1.01349
1.00979
1.01814
1.01447
1.01076
1.01835
1.01317
1.00996
1.01778
1.01317
1.01096
1.01893
1.0135
1.01005
1.01811
1.01354
1.0104
1.01823
1.01396
1.01044
1.01801
1.01434
1.01006
1.01843
1.01344
1.01036
1.0184
1.01344
1.00984
1.01813
1.01354
1.01004
1.01832
1.01453
1.01053
1.01852
1.01287
1.01001
1.01805
1.01285
1.01037
1.01832
1.01315
1.00956
1.01816
1.01348
1.0108
1.01832
1.01398
1.01011
1.01809
1.01524
1.00961
1.01866
1.01374
1.01052
1.01856
1.0136
1.0105
1.0184
1.01328
1.00992
1.01793
1.01394
1.0101
1.01827
1.01301
1.00953
1.01798
1.0134
1.01029
1.01766
1.0136
1.01402
1.01902
1.01372
1.00947
1.01799
1.01376
1.01038
1.01833
1.01508
1.01059
1.01839
1.01321
1.01
1.01819
1.01361
1.01027
1.01807
1.01333
1.00971
1.01774
1.015
1.00942
1.01881
1.01334
1.0097
1.01877
1.01275
1.01064
1.01863
1.01349
1.0099
1.01756
1.01381
1.01013
1.01838
1.01523
1.01023
1.01964
1.01318
1.01024
1.0186
1.01302
1.01018
1.01834
1.01456
1.01044
1.01803
1.01374
1.00985
1.01807
1.01398
1.01027
1.01828
1.01332
1.00998
1.01852
1.01449
1.01058
1.01837
1.01344
1.01055
1.0178
1.01357
1.00995
1.01899
1.01472
1.00986
1.0212
1.0142
1.01026
1.01885
1.01348
1.01062
1.01831
1.01357
1.00996
1.01788
1.01356
1.01016
1.01858
1.01532
1.01146
1.01956
1.0145
1.01163
1.0198
1.01491
1.0117
1.02005
1.01504
1.01165
1.01946
1.01499
1.01119
1.01961
1.01437
1.0108
1.01829
1.01336
1.01074
1.01888
1.01314
1.0104
1.0186
1.01451
1.0103
1.01876
1.01378
1.00986
1.01854
1.01398
1.01039
1.01806
1.0135
1.01042
1.019
1.01311
1.01011
1.01851
1.01527
1.01027
1.01818
1.01349
1.00956
1.01765
1.01441
1.01217
1.0195
1.01377
1.01027
1.01851
1.01282
1.01064
1.01848
1.01365
1.01004
1.01809
1.01363
1.00998
1.01817
1.01419
1.01013
1.0187
1.01315
1.01035
1.01768
1.01309
1.01001
1.01853
1.01453
1.01028
1.0188
1.0137
1.01028
1.01814
1.01426
1.01232
1.01818
1.01294
1.00965
1.01799
1.01302
1.01075
1.01402
1.00832
1.00444
1.01261
1.00804
1.0043
1.01303
1.00846
1.00472
1.01317
1.00749
1.00486
1.01282
1.00745
1.00528
1.01245
1.00822
1.00424
1.01288
1.00832
1.00435
1.01262
1.01041
1.00436
1.01258
1.00786
1.0046
1.01326
1.00774
1.00461
1.01311
1.00795
1.00458
1.01279
1.00797
1.00508
1.01327
1.00841
1.00384
1.0126
1.00808
1.00455
1.01287
1.00773
1.00508
1.01309
1.00849
1.00474
1.0131
1.00851
1.00472
1.01267
1.00972
1.00487
1.01275
1.00813
1.0048
1.01324
1.0075
1.00548
1.01298
1.0081
1.00499
1.01302
1.00801
1.00483
1.01236
1.00864
1.00476
1.01353
1.00904
1.00543
1.01332
1.00795
1.00621
1.01456
1.00826
1.00512
1.01253
1.00838
1.00492
1.01287
1.01021
1.00499
1.01325
1.00783
1.00472
1.01233
1.00785
1.00522
1.01427
1.00826
1.00475
1.01273
1.00782
1.00529
1.01277
1.00888
1.00515
1.01273
1.00792
1.0039
1.01254
1.00714
1.00533
1.01311
1.00822
1.00439
1.01249
1.00788
1.00427
1.01303
1.00904
1.0046
1.01267
1.00783
1.00443
1.01312
1.00759
1.00559
1.01348
1.00799
1.00469
1.0121
1.00833
1.00545
1.01268
1.00918
1.00426
1.01274
1.00834
1.005
1.01332
1.00785
1.00541
1.01315
1.00802
1.00491
1.01222
1.00785
1.00438
1.0127
1.00935
1.00453
1.01264
1.00771
1.00453
1.01327
1.0077
1.00494
1.01248
1.00789
1.00449
1.01285
1.00806
1.00511
1.01259
1.00838
1.00435
1.01302
1.00774
1.00497
1.01251
1.00786
1.00492
1.01266
1.00762
1.00466
1.01244
1.00821
1.00454
1.01402
1.00859
1.00412
1.01337
1.00828
1.00518
1.01296
1.00794
1.00536
1.01293
1.00762
1.00488
1.01249
1.00781
1.00416
1.01233
1.00838
1.00449
1.01374
1.00772
1.00531
1.01263
1.01101
1.00536
1.01267
1.00801
1.00471
1.01238
1.00836
1.00424
1.01423
1.00864
1.00491
1.01318
1.00745
1.00474
1.01265
1.00788
1.00502
1.01244
1.00808
1.00436
1.0121
1.00846
1.0051
1.01336
1.00866
1.00499
1.01342
1.00757
1.00518
1.01263
1.00805
1.00509
1.01275
1.009
1.00474
1.01229
1.00801
1.00454
1.01307
1.00849
1.00424
1.01282
1.00801
1.0052
1.01334
1.00847
1.00562
1.01281
1.008
1.00545
1.01282
1.00807
1.00428
1.01259
1.00843
1.0044
1.01311
1.00817
1.00519
1.0131
1.00834
1.00487
1.01259
1.00814
1.00486
1.01245
1.00869
1.00472
1.01536
1.00906
1.00499
1.0134
1.00772
1.00501
1.01286
1.00804
1.00577
1.01277
1.00812
1.00504
1.01276
1.00948
1.00475
1.01287
1.00895
1.00511
1.01462
1.00764
1.00485
1.01279
1.00788
1.00582
1.013
1.00892
1.00456
1.01227
1.00867
1.00593
1.01263
1.00871
1.00461
1.01348
1.00822
1.00481
1.01236
1.00846
1.00531
1.01353
1.00798
1.00484
1.0129
1.00833
1.00449
1.01289
1.00856
1.00452
1.01319
1.00807
1.00498
1.01621
1.00824
1.00543
1.0132
1.00761
1.00441
1.01216
1.00818
1.00561
1.01347
1.00945
1.00461
1.0133
1.00774
1.00526
1.01279
1.00834
1.00508
1.01217
1.00784
1.00447
1.01277
1.00875
1.00478
1.01285
1.00856
1.00455
1.01262
1.00747
1.00447
1.01272
1.0085
1.00476
1.01309
1.00795
1.00481
1.01291
1.00822
1.00678
1.0125
1.00853
1.00445
1.01245
1.00759
1.00521
1.01303
1.00825
1.00528
1.01208
1.00781
1.00501
1.01312
1.00785
1.0046
1.01301
1.0083
1.00472
1.01351
1.00885
1.00506
1.01266
1.00769
1.0045
1.01236
1.00779
1.00469
1.01377
1.00859
1.00533
1.01304
1.00956
1.00479
1.01282
1.00772
1.00538
1.01305
1.00765
1.00538
1.01281
1.0079
1.00476
1.013
1.00867
1.00487
1.01257
1.00863
1.0051
1.01319
1.00786
1.00505
1.01249
1.0083
1.00459
1.01377
1.00792
1.00515
1.01215
1.00921
1.00452
1.01307
1.00862
1.00531
1.01306
1.00787
1.00476
1.01371
1.00861
1.00524
1.01289
1.008
1.00496
1.01347
1.00828
1.00507
1.01305
1.00915
1.0053
1.01397
1.01361
1.00514
1.01295
1.00894
1.00512
1.01286
1.00766
1.00468
1.01267
1.01008
1.00606
1.01305
1.0088
1.00446
1.01283
1.00779
1.00544
1.0133
1.0082
1.00536
1.01256
1.00804
1.0047
1.01352
1.00829
1.00492
1.01288
1.00873
1.00445
1.01294
1.00825
1.00562
1.01326
1.00868
1.00529
1.01455
1.00839
1.00477
1.01329
1.00876
1.00514
1.01314
1.00839
1.00491
1.01248
1.00805
1.00497
1.01365
1.00811
1.00524
1.01257
1.00826
1.00448
1.01266
1.00837
1.00453
1.01261
1.00892
1.00452
1.01416
1.00777
1.00531
1.01337
1.00774
1.00521
1.01274
1.00799
1.00492
1.0123
1.00856
1.00425
1.01269
1.00899
1.00422
1.01306
1.00752
1.00509
1.01329
1.00789
1.00505
1.01337
1.00795
1.00523
1.01365
1.00781
1.00477
1.01228
1.00843
1.00469
1.01276
1.0077
1.00496
1.01285
1.00778
1.00506
1.01309
1.00788
1.00484
1.01236
1.00894
1.00428
1.01288
1.00934
1.0046
1.01284
1.00765
1.00513
1.01323
0.922145
0.919172
0.926958
0.922176
0.918692
0.926633
0.922267
0.918625
0.927158
0.922745
0.91867
0.928138
0.92182
0.923304
0.927183
0.922609
0.919091
0.927439
0.921971
0.918763
0.926451
0.922456
0.920982
0.926941
0.923104
0.918445
0.927353
0.921867
0.918789
0.926774
0.922165
0.919016
0.926389
0.922053
0.918869
0.927055
0.922307
0.918977
0.92741
0.922933
0.918869
0.927187
0.921879
0.919298
0.926718
0.922137
0.918893
0.926163
0.921908
0.918238
0.926741
0.922533
0.913427
0.921604
0.916916
0.915634
0.921303
0.916819
0.914002
0.921885
0.916521
0.9138
0.921219
0.916517
0.914595
0.921322
0.916932
0.913362
0.920863
0.917176
0.913805
0.921485
0.916811
0.913605
0.921018
0.91678
0.913926
0.922748
0.919718
0.915077
0.921529
0.917164
0.91366
0.921479
0.916947
0.913386
0.921721
0.916463
0.914047
0.921177
0.917258
0.913686
0.921789
0.916385
0.913671
0.92109
0.91681
0.913504
0.921741
0.917752
0.91322
0.922013
0.916735
0.913955
0.922062
0.916775
0.91387
0.921677
0.916499
0.913313
0.921329
0.916514
0.913406
0.921198
0.917721
0.913134
0.921964
0.916592
0.914079
0.922062
0.917943
0.913586
0.921512
0.916398
0.914017
0.921207
0.916984
0.913464
0.921571
0.917993
0.913165
0.921708
0.916109
0.91333
0.921305
0.917028
0.913539
0.921477
0.916334
0.913119
0.921357
0.916834
0.913471
0.922449
0.919259
0.91346
0.921683
0.916542
0.913719
0.921287
0.916506
0.913466
0.921376
0.917572
0.912952
0.921236
0.916877
0.913456
0.921085
0.917002
0.9133
0.921809
0.916455
0.913751
0.921257
0.916524
0.913824
0.921644
0.916371
0.914001
0.920968
0.91688
0.913319
0.921278
0.917351
0.913199
0.921614
0.916268
0.913483
0.921785
0.916728
0.914061
0.923205
0.916999
0.914053
0.921729
0.917263
0.913507
0.921366
0.917313
0.913494
0.921982
0.916527
0.913535
0.921068
0.917451
0.913793
0.921361
0.916774
0.913656
0.921381
0.917139
0.913467
0.921794
0.917417
0.913456
0.922029
0.916703
0.914181
0.921753
0.916806
0.913764
0.921665
0.916198
0.913442
0.921184
0.916838
0.91377
0.922717
0.917475
0.913509
0.923106
0.916599
0.914036
0.921871
0.917127
0.913898
0.921735
0.917009
0.913128
0.92138
0.916435
0.913395
0.921604
0.917658
0.913784
0.92174
0.916629
0.913398
0.921427
0.916476
0.913572
0.921319
0.916696
0.913884
0.921721
0.91672
0.913906
0.922214
0.917371
0.913831
0.923192
0.916691
0.913644
0.921399
0.916585
0.913514
0.921103
0.916567
0.913584
0.921279
0.917217
0.913318
0.921357
0.917334
0.913604
0.92181
0.917023
0.913919
0.92157
0.916524
0.913891
0.921283
0.916919
0.918316
0.921276
0.917026
0.913385
0.921177
0.917212
0.913311
0.921549
0.916315
0.914778
0.92402
0.916873
0.914191
0.922829
0.917047
0.913115
0.921211
0.917021
0.913683
0.921391
0.918284
0.913235
0.921945
0.916677
0.913673
0.921101
0.917321
0.913019
0.92139
0.916758
0.913164
0.920916
0.91669
0.913259
0.921725
0.917262
0.913404
0.922144
0.916419
0.914191
0.920979
0.916605
0.914223
0.921853
0.916484
0.913465
0.920538
0.917496
0.913335
0.920925
0.917254
0.913094
0.922016
0.916834
0.914106
0.921521
0.91688
0.913863
0.921926
0.916629
0.913447
0.921474
0.916802
0.913502
0.921594
0.918209
0.913625
0.921183
0.916516
0.913988
0.920954
0.917175
0.913301
0.921471
0.91708
0.916184
0.921349
0.91699
0.913727
0.92235
0.918036
0.913452
0.921777
0.916638
0.913699
0.921733
0.916495
0.913347
0.92116
0.916449
0.913738
0.9216
0.917084
0.913277
0.9215
0.917092
0.913125
0.921809
0.916068
0.913691
0.921346
0.916156
0.914249
0.921774
0.916723
0.913767
0.921099
0.918123
0.913786
0.921439
0.917206
0.912903
0.921452
0.916865
0.913502
0.921334
0.916336
0.91374
0.92312
0.916719
0.913655
0.921689
0.916968
0.913425
0.921319
0.917131
0.913032
0.92185
0.916373
0.914644
0.925257
0.917126
0.913936
0.921591
0.916704
0.913724
0.920812
0.916352
0.913045
0.921621
0.91713
0.91619
0.921746
0.916234
0.914213
0.921876
0.916511
0.913328
0.921036
0.916342
0.913608
0.921784
0.917148
0.913534
0.921376
0.917459
0.914222
0.922068
0.91643
0.913999
0.921919
0.917179
0.915055
0.922173
0.916469
0.913259
0.920899
0.916897
0.913355
0.921658
0.918281
0.913959
0.921531
0.917166
0.914321
0.921601
0.916831
0.91377
0.922671
0.916508
0.913431
0.921571
0.916899
0.913555
0.922041
0.917175
0.913465
0.921399
0.916285
0.91376
0.921181
0.916753
0.913581
0.920933
0.916684
0.913874
0.921524
0.917074
0.913095
0.920928
0.918159
0.913622
0.921971
0.916336
0.913638
0.921528
0.918007
0.913769
0.921462
0.916549
0.913473
0.921379
0.916777
0.913338
0.921483
0.917235
0.913439
0.921799
0.916288
0.9136
0.921175
0.916739
0.913669
0.922726
0.916011
0.913131
0.921057
0.917158
0.913337
0.921614
0.917202
0.913416
0.921313
0.916237
0.913489
0.921569
0.91707
0.913635
0.921334
0.916753
0.913518
0.92119
0.917038
0.91296
0.921528
0.917871
0.913263
0.922425
0.916139
0.91394
0.921192
0.916714
0.913769
0.921526
0.916951
0.913223
0.9208
0.917036
0.908242
0.916007
0.911661
0.908052
0.918399
0.910928
0.908717
0.916379
0.911424
0.908428
0.915929
0.911059
0.90816
0.915932
0.914448
0.907979
0.915948
0.912448
0.908204
0.916209
0.910983
0.908051
0.915983
0.911265
0.908621
0.916024
0.911281
0.907651
0.915824
0.911186
0.908757
0.917102
0.911613
0.907975
0.916204
0.911146
0.912035
0.917058
0.911319
0.908295
0.915881
0.911247
0.908151
0.916078
0.911785
0.907617
0.915917
0.913757
0.908049
0.916292
0.911415
0.908605
0.91659
0.911561
0.908126
0.916602
0.911582
0.908616
0.915657
0.911272
0.908195
0.916381
0.912018
0.908385
0.91669
0.911401
0.908386
0.916082
0.911456
0.909023
0.917244
0.911543
0.908467
0.916217
0.911626
0.908183
0.915886
0.911852
0.907667
0.916253
0.911541
0.908113
0.915773
0.911551
0.907925
0.916274
0.911248
0.907989
0.91588
0.91125
0.908168
0.916507
0.912054
0.908418
0.916426
0.911227
0.90888
0.916392
0.911242
0.908134
0.915998
0.912051
0.907991
0.91564
0.911733
0.907697
0.915986
0.912005
0.908181
0.916061
0.911242
0.908264
0.918474
0.911793
0.908572
0.916246
0.910763
0.907986
0.915774
0.911495
0.907674
0.915994
0.911772
0.908854
0.916088
0.910914
0.908021
0.91563
0.911219
0.908121
0.915418
0.910976
0.908317
0.916173
0.913258
0.908881
0.916998
0.911859
0.907761
0.916208
0.911386
0.908164
0.916001
0.910981
0.908153
0.917152
0.914167
0.907769
0.915316
0.911863
0.908506
0.916034
0.912039
0.908269
0.916058
0.911275
0.907768
0.916372
0.910931
0.908106
0.915738
0.911067
0.907952
0.91632
0.911547
0.907649
0.915516
0.911807
0.907875
0.916208
0.911124
0.908404
0.915798
0.911703
0.908411
0.916565
0.911865
0.908164
0.916914
0.911164
0.908368
0.916469
0.912184
0.908181
0.916032
0.910967
0.908636
0.915682
0.911137
0.909161
0.915611
0.911627
0.908352
0.915906
0.911665
0.908029
0.916217
0.91228
0.908048
0.916297
0.910956
0.908253
0.916032
0.911403
0.908336
0.916529
0.911186
0.908118
0.915338
0.911564
0.907958
0.918439
0.912214
0.908132
0.916284
0.91147
0.908972
0.916784
0.911075
0.908466
0.916531
0.911688
0.908419
0.915679
0.911735
0.90769
0.915983
0.912113
0.908218
0.916984
0.911029
0.908411
0.915561
0.9116
0.90872
0.916122
0.911165
0.908265
0.9164
0.911622
0.908211
0.917106
0.912287
0.908291
0.917022
0.911399
0.908682
0.916233
0.911181
0.908575
0.916308
0.910769
0.908264
0.915638
0.911739
0.910894
0.916069
0.912092
0.908072
0.915852
0.911656
0.908034
0.916253
0.911206
0.908507
0.916024
0.911961
0.910765
0.915732
0.911914
0.908176
0.915798
0.911948
0.907486
0.916563
0.911323
0.908614
0.918442
0.911191
0.908199
0.916159
0.91186
0.908929
0.916548
0.911161
0.908344
0.916083
0.911656
0.908064
0.916302
0.91085
0.908628
0.915379
0.911017
0.908041
0.916185
0.911333
0.908131
0.915575
0.911185
0.907819
0.916325
0.912121
0.907817
0.916701
0.910964
0.907987
0.916322
0.911595
0.907862
0.916806
0.911237
0.908078
0.915598
0.911269
0.90809
0.91604
0.912107
0.9079
0.916222
0.910736
0.908821
0.916165
0.911343
0.908146
0.916749
0.911302
0.907982
0.915676
0.911401
0.907833
0.915893
0.912149
0.907695
0.916798
0.911177
0.908144
0.915938
0.911269
0.907976
0.91597
0.911068
0.90833
0.919787
0.911113
0.908282
0.915792
0.911743
0.908232
0.916599
0.911384
0.908104
0.916318
0.911115
0.909257
0.915552
0.911115
0.907993
0.915554
0.911563
0.90836
0.91632
0.911977
0.907736
0.916669
0.911729
0.908494
0.916243
0.911446
0.908071
0.916001
0.911814
0.908222
0.915658
0.911752
0.908275
0.91775
0.912198
0.907888
0.916577
0.91108
0.908651
0.915947
0.911023
0.90844
0.916589
0.911328
0.909315
0.916073
0.911951
0.908326
0.916116
0.912483
0.908036
0.916203
0.910628
0.907846
0.915564
0.91163
0.911834
0.91695
0.911072
0.908211
0.915698
0.911046
0.908505
0.916271
0.911964
0.907879
0.917492
0.911115
0.908566
0.915529
0.911948
0.908627
0.916001
0.910609
0.908023
0.914937
0.911396
0.908461
0.915616
0.912082
0.907822
0.915987
0.911164
0.908338
0.916184
0.911104
0.908461
0.915908
0.910868
0.907771
0.915505
0.911093
0.908136
0.915879
0.91208
0.908033
0.915987
0.911192
0.907891
0.917247
0.911032
0.908358
0.915697
0.91092
0.908274
0.916636
0.905909
0.903099
0.910661
0.906109
0.903652
0.910281
0.90525
0.902874
0.91041
0.905789
0.902631
0.910124
0.905412
0.90249
0.909874
0.906514
0.90218
0.910412
0.906666
0.902624
0.910624
0.905506
0.903363
0.910539
0.905161
0.902511
0.912112
0.905626
0.902544
0.910052
0.905938
0.902679
0.910102
0.906455
0.902631
0.910613
0.905632
0.903133
0.910241
0.905421
0.902425
0.910697
0.905884
0.902763
0.911726
0.905894
0.902663
0.910364
0.906556
0.902462
0.910964
0.905608
0.902699
0.910155
0.905642
0.902917
0.910489
0.906453
0.902849
0.913168
0.906178
0.902731
0.910822
0.906346
0.902672
0.910912
0.905432
0.903023
0.910894
0.905774
0.903389
0.910821
0.905954
0.902694
0.90993
0.90624
0.903
0.910823
0.906632
0.902421
0.910321
0.906083
0.902586
0.914174
0.906269
0.906081
0.910815
0.905845
0.903073
0.910061
0.905796
0.902511
0.913446
0.906558
0.902019
0.910558
0.905803
0.903518
0.91066
0.905675
0.902764
0.910105
0.905437
0.902916
0.910808
0.905982
0.902568
0.910403
0.906161
0.903025
0.911372
0.905856
0.902763
0.911895
0.905935
0.902913
0.910497
0.905588
0.902835
0.910272
0.906318
0.902569
0.910048
0.906628
0.902387
0.911745
0.906072
0.902586
0.911
0.905492
0.902752
0.91113
0.905612
0.902818
0.910149
0.905991
0.903076
0.911322
0.906723
0.902022
0.910595
0.905625
0.903236
0.910826
0.905563
0.903076
0.911304
0.905955
0.902776
0.910411
0.906646
0.902798
0.910806
0.906762
0.902765
0.91075
0.905109
0.902824
0.911305
0.905871
0.902918
0.910772
0.905824
0.903449
0.911694
0.905813
0.902559
0.910323
0.906757
0.90291
0.911023
0.905511
0.902695
0.910246
0.905852
0.903146
0.910414
0.905801
0.902109
0.909797
0.905828
0.902693
0.910191
0.906967
0.902015
0.910544
0.90534
0.902584
0.911141
0.90572
0.902939
0.911231
0.906666
0.90296
0.909967
0.906057
0.902423
0.911075
0.906511
0.902464
0.910724
0.905494
0.902984
0.911821
0.905975
0.90236
0.910444
0.905828
0.902714
0.91063
0.906341
0.902968
0.910582
0.907904
0.908256
0.910741
0.905698
0.903622
0.910654
0.905949
0.902615
0.91007
0.905848
0.902593
0.909899
0.907392
0.902789
0.91042
0.906624
0.902452
0.911117
0.905677
0.90278
0.91083
0.905723
0.902867
0.911037
0.906159
0.902769
0.910134
0.906191
0.902875
0.910578
0.907654
0.901961
0.91069
0.905811
0.9027
0.910461
0.905535
0.902779
0.910638
0.906291
0.902588
0.910719
0.906104
0.903386
0.910824
0.907055
0.902619
0.910914
0.905568
0.902942
0.910382
0.905863
0.902929
0.910395
0.905769
0.902803
0.910565
0.906694
0.902887
0.911153
0.906343
0.902783
0.911632
0.905414
0.90308
0.910524
0.905831
0.902854
0.91048
0.905708
0.903061
0.909772
0.905858
0.902865
0.911191
0.90659
0.902938
0.910957
0.908591
0.903103
0.911097
0.905822
0.903184
0.911048
0.905902
0.90263
0.910055
0.905872
0.902614
0.911025
0.906673
0.902629
0.910285
0.905535
0.902803
0.91069
0.907146
0.903275
0.910759
0.905693
0.903132
0.91063
0.906165
0.902751
0.910674
0.906466
0.903163
0.910669
0.905791
0.903142
0.910922
0.907607
0.902557
0.91046
0.905909
0.902254
0.9106
0.906349
0.902383
0.910402
0.906803
0.902653
0.911535
0.905982
0.902908
0.911109
0.905856
0.902991
0.910799
0.905561
0.902772
0.910234
0.906066
0.902694
0.913
0.906279
0.902335
0.910711
0.905593
0.902714
0.910255
0.905577
0.902896
0.910764
0.907942
0.902564
0.910577
0.905903
0.902773
0.910961
0.907675
0.90269
0.910484
0.905176
0.90224
0.910278
0.905859
0.902416
0.910884
0.90572
0.903217
0.910489
0.906317
0.902654
0.911402
0.906677
0.902518
0.911523
0.90528
0.903102
0.910389
0.905388
0.903012
0.910429
0.905776
0.902935
0.911546
0.907203
0.903121
0.910326
0.906857
0.902843
0.910321
0.906957
0.903255
0.911159
0.905791
0.903033
0.910282
0.906306
0.903189
0.910631
0.905761
0.902729
0.910775
0.906412
0.901903
0.910456
0.905264
0.902624
0.911215
0.905904
0.903406
0.911453
0.905693
0.903031
0.910899
0.906017
0.902311
0.911098
0.907401
0.902812
0.910291
0.9058
0.902984
0.910842
0.906391
0.902542
0.910272
0.905894
0.902765
0.91049
0.906871
0.902983
0.911012
0.906527
0.902591
0.911933
0.905572
0.903191
0.910749
0.905976
0.903271
0.911224
0.905526
0.902407
0.910195
0.905803
0.902643
0.910451
0.906593
0.902105
0.911139
0.907122
0.903043
0.910161
0.9058
0.902668
0.911
0.906166
0.9029
0.910966
0.906151
0.902527
0.910416
0.906942
0.903345
0.910913
0.905817
0.902759
0.910208
0.905464
0.902471
0.910356
0.906052
0.903235
0.913076
0.905773
0.902474
0.912099
0.906601
0.902844
0.910943
0.905465
0.90306
0.910385
0.905717
0.904307
0.910553
0.9057
0.902508
0.910198
0.906189
0.902547
0.910375
0.906414
0.902749
0.910709
0.905698
0.903013
0.910879
0.906053
0.902814
0.910593
0.906138
0.903126
0.910207
0.906029
0.902771
0.911038
0.906619
0.902391
0.910286
0.905809
0.902928
0.910897
0.905842
0.902446
0.910237
0.906404
0.903436
0.91089
0.905656
0.902582
0.910601
0.906476
0.902766
0.910476
0.905526
0.902572
0.910087
0.906161
0.903452
0.910504
0.905612
0.90285
0.909866
0.905837
0.902521
0.91078
0.90659
0.902383
0.911333
0.905676
0.90305
0.910769
0.905716
0.902716
0.910753
0.905829
0.902735
0.910231
0.90582
0.904328
0.910285
0.906428
0.902153
0.910445
0.905879
0.90333
0.910706
0.90555
0.90281
0.911008
