4.43723
2.79456
2.29338
1.94105
1.55891
1.21032
0.916263
0.681919
0.500782
0.362391
-0.330267
-0.325333
-0.320664
-0.316232
-0.312011
-0.307979
-0.304119
-0.300415
-0.296853
-0.293421
-0.290109
-0.286906
-0.283806
-0.2808
-0.277883
-0.275047
-0.272289
-0.269604
-0.266987
-0.264434
-0.261943
-0.259509
-0.257131
-0.254805
-0.252529
-0.250301
-0.248118
-0.24598
-0.243883
-0.241827
-0.23981
-0.23783
-0.235886
-0.233977
-0.232102
-0.230259
-0.228448
-0.226667
-0.224916
-0.223193
-0.221498
-0.219829
-0.218187
-0.21657
-0.214978
-0.21341
-0.211865
-0.210342
-0.208842
-0.207362
-0.205904
-0.204466
-0.203048
-0.201649
-0.200269
-0.198907
-0.197563
-0.196236
-0.194926
-0.193633
-0.192356
-0.191095
-0.189849
-0.188618
-0.187402
-0.1862
-0.185013
-0.183839
-0.182678
-0.18153
-0.180396
-0.179274
-0.178164
-0.177066
-0.175979
-0.174905
-0.173841
-0.172789
-0.171747
-0.170716
-0.169695
-0.168684
-0.167684
-0.166692
-0.165711
-0.164739
-0.163776
-0.162822
-0.161877
-0.16094
-0.160012
-0.159092
-0.158181
-0.157277
-0.156381
-0.155494
-0.154613
-0.153741
-0.152875
-0.152017
-0.151166
-0.150322
-0.149484
-0.148654
-0.14783
-0.147012
-0.146201
-0.145397
-0.144598
-0.143806
-0.14302
-0.142239
-0.141465
-0.140696
-0.139933
-0.139175
-0.138423
-0.137677
-0.136936
-0.1362
-0.135469
-0.134743
-0.134023
-0.133307
-0.132597
-0.131891
-0.13119
-0.130494
-0.129802
-0.129116
-0.128433
-0.127755
-0.127082
-0.126413
-0.125748
-0.125088
-0.124432
-0.12378
-0.123132
-0.122489
-0.121849
-0.121213
-0.120582
-0.119954
-0.11933
-0.11871
-0.118094
-0.117481
-0.116872
-0.116267
-0.115666
-0.115068
-0.114474
-0.113883
-0.113296
-0.112712
-0.112132
-0.111555
-0.110981
-0.110411
-0.109844
-0.10928
-0.10872
-0.108163
-0.107609
-0.107058
-0.10651
-0.105965
-0.105424
-0.104885
-0.10435
-0.103817
-0.103288
-0.102762
-0.102238
-0.101717
-0.101199
-0.100685
-0.100172
-0.0996632
-0.0991567
-0.098653
-0.098152
-0.0976538
-0.0971583
-0.0966655
-0.0961754
-0.0956879
-0.095203
-0.0947208
-0.0942411
-0.093764
-0.0932895
-0.0928176
-0.0923481
-0.0918812
-0.0914167
-0.0909547
-0.0904952
-0.0900381
-0.0895834
-0.0891312
-0.0886813
-0.0882338
-0.0877887
-0.0873459
-0.0869054
-0.0864672
-0.0860314
-0.0855978
-0.0851665
-0.0847375
-0.0843106
-0.0838861
-0.0834637
-0.0830435
-0.0826255
-0.0822097
-0.081796
-0.0813845
-0.0809752
-0.0805679
-0.0801627
-0.0797597
-0.0793587
-0.0789598
-0.0785629
-0.0781681
-0.0777754
-0.0773846
-0.0769959
-0.0766091
-0.0762244
-0.0758416
-0.0754607
-0.0750819
-0.0747049
-0.0743299
-0.0739569
-0.0735857
-0.0732164
-0.072849
-0.0724835
-0.0721198
-0.0717581
-0.0713981
-0.07104
-0.0706837
-0.0703292
-0.0699765
-0.0696256
-0.0692765
-0.0689292
-0.0685837
-0.0682399
-0.0678978
-0.0675575
-0.0672189
-0.066882
-0.0665468
-0.0662133
-0.0658816
-0.0655515
-0.065223
-0.0648962
-0.0645711
-0.0642477
-0.0639258
-0.0636056
-0.063287
-0.06297
-0.0626546
-0.0623408
-0.0620286
-0.061718
-0.0614089
-0.0611014
-0.0607955
-0.0604911
-0.0601882
-0.0598869
-0.059587
-0.0592887
-0.0589919
-0.0586966
-0.0584027
-0.0581104
-0.0578195
-0.0575301
-0.0572421
-0.0569556
-0.0566706
-0.056387
-0.0561048
-0.055824
-0.0555446
-0.0552666
-0.0549901
-0.0547149
-0.0544411
-0.0541687
-0.0538976
-0.0536279
-0.0533596
-0.0530926
-0.052827
-0.0525627
-0.0522997
-0.052038
-0.0517777
-0.0515186
-0.0512609
-0.0510044
-0.0507493
-0.0504954
-0.0502428
-0.0499914
-0.0497413
-0.0494925
-0.0492449
-0.0489986
-0.0487535
-0.0485096
-0.048267
-0.0480255
-0.0477853
-0.0475463
-0.0473084
-0.0470718
-0.0468364
-0.0466021
-0.046369
-0.0461371
-0.0459063
-0.0456767
-0.0454483
-0.045221
-0.0449948
-0.0447697
-0.0445458
-0.044323
-0.0441014
-0.0438808
-0.0436613
-0.043443
-0.0432257
-0.0430095
-0.0427944
-0.0425804
-0.0423675
-0.0421556
-0.0419448
-0.041735
-0.0415263
-0.0413186
-0.041112
-0.0409064
-0.0407018
-0.0404983
-0.0402958
-0.0400943
-0.0398938
-0.0396943
-0.0394958
-0.0392983
-0.0391017
-0.0389062
-0.0387117
-0.0385181
-0.0383255
-0.0381338
-0.0379431
-0.0377534
-0.0375646
-0.0373768
-0.0371899
-0.0370039
-0.0368189
-0.0366348
-0.0364516
-0.0362693
-0.0360879
-0.0359075
-0.0357279
-0.0355493
-0.0353715
-0.0351947
-0.0350187
-0.0348436
-0.0346693
-0.034496
-0.0343235
-0.0341519
-0.0339811
-0.0338112
-0.0336421
-0.0334739
-0.0333065
-0.03314
-0.0329743
-0.0328094
-0.0326454
-0.0324821
-0.0323197
-0.0321581
-0.0319973
-0.0318373
-0.0316782
-0.0315198
-0.0313622
-0.0312053
-0.0310493
-0.0308941
-0.0307396
-0.0305859
-0.030433
-0.0302808
-0.0301294
-0.0299788
-0.0298289
-0.0296797
-0.0295313
-0.0293837
-0.0292367
-0.0290906
-0.0289451
-0.0288004
-0.0286564
-0.0285131
-0.0283705
-0.0282287
-0.0280875
-0.0279471
-0.0278074
-0.0276683
-0.02753
-0.0273924
-0.0272554
-0.0271191
-0.0269835
-0.0268486
-0.0267144
-0.0265808
-0.0264479
-0.0263157
-0.0261841
-0.0260532
-0.0259229
-0.0257933
-0.0256643
-0.025536
-0.0254084
-0.0252813
-0.0251549
-0.0250291
-0.024904
-0.0247795
-0.0246556
-0.0245323
-0.0244097
-0.0242876
-0.0241662
-0.0240454
-0.0239251
-0.0238055
-0.0236865
-0.0235681
-0.0234502
-0.023333
-0.0232163
-0.0231002
-0.0229848
-0.0228698
-0.0227555
-0.0226417
-0.0225285
-0.0224159
-0.0223038
-0.0221923
-0.0220813
-0.0219709
-0.0218611
-0.0217518
-0.021643
-0.0215348
-0.0214272
-0.02132
-0.0212134
-0.0211074
-0.0210018
-0.0208968
-0.0207924
-0.0206884
-0.020585
-0.020482
-0.0203796
-0.0202777
-0.0201764
-0.0200755
-0.0199751
-0.0198752
-0.0197759
-0.019677
-0.0195786
-0.0194807
-0.0193833
-0.0192864
-0.01919
-0.0190941
-0.0189986
-0.0189036
-0.0188091
-0.0187151
-0.0186215
-0.0185284
-0.0184357
-0.0183436
-0.0182519
-0.0181606
-0.0180698
-0.0179795
-0.0178896
-0.0178001
-0.0177111
-0.0176226
-0.0175345
-0.0174468
-0.0173596
-0.0172728
-0.0171864
-0.0171005
-0.017015
-0.0169299
-0.0168453
-0.0167611
-0.0166773
-0.0165939
-0.0165109
-0.0164284
-0.0163463
-0.0162645
-0.0161832
-0.0161023
-0.0160218
-0.0159417
-0.015862
-0.0157827
-0.0157038
-0.0156253
-0.0155471
-0.0154694
-0.0153921
-0.0153151
-0.0152386
-0.0151624
-0.0150866
-0.0150111
-0.0149361
-0.0148614
-0.0147871
-0.0147132
-0.0146396
-0.0145664
-0.0144936
-0.0144211
-0.014349
-0.0142773
-0.0142059
-0.0141349
-0.0140642
-0.0139939
-0.0139239
-0.0138543
-0.0137851
-0.0137161
-0.0136476
-0.0135793
-0.0135114
-0.0134439
-0.0133767
-0.0133098
-0.0132433
-0.013177
-0.0131112
-0.0130456
-0.0129804
-0.0129155
-0.0128509
-0.0127867
-0.0127228
-0.0126591
-0.0125959
-0.0125329
-0.0124702
-0.0124079
-0.0123458
-0.0122841
-0.0122227
-0.0121616
-0.0121008
-0.0120403
-0.0119801
-0.0119202
-0.0118606
-0.0118013
-0.0117423
-0.0116836
-0.0116252
-0.0115671
-0.0115092
-0.0114517
-0.0113944
-0.0113375
-0.0112808
-0.0112244
-0.0111683
-0.0111124
-0.0110569
-0.0110016
-0.0109466
-0.0108919
-0.0108374
-0.0107832
-0.0107293
-0.0106757
-0.0106223
-0.0105692
-0.0105164
-0.0104638
-0.0104115
-0.0103594
-0.0103076
-0.0102561
-0.0102048
-0.0101538
-0.010103
-0.0100525
-0.0100023
-0.00995227
-0.00990252
-0.00985301
-0.00980375
-0.00975474
-0.00970597
-0.00965744
-0.00960916
-0.00956112
-0.00951332
-0.00946576
-0.00941844
-0.00937135
-0.0093245
-0.00927788
-0.0092315
-0.00918534
-0.00913942
-0.00909373
-0.00904827
-0.00900303
-0.00895802
-0.00891323
-0.00886867
-0.00882433
-0.00878022
-0.00873632
-0.00869265
-0.00864919
-0.00860595
-0.00856292
-0.00852011
-0.00847752
-0.00843513
-0.00839296
-0.008351
-0.00830925
-0.00826771
-0.00822638
-0.00818525
-0.00814433
-0.00810361
-0.0080631
-0.00802279
-0.00798268
-0.00794277
-0.00790306
-0.00786355
-0.00782424
-0.00778512
-0.0077462
-0.00770747
-0.00766894
-0.0076306
-0.00759245
-0.0075545
-0.00751673
-0.00747915
-0.00744176
-0.00740455
-0.00736754
-0.0073307
-0.00729405
-0.00725759
-0.0072213
-0.0071852
-0.00714928
-0.00711354
-0.00707798
-0.00704259
-0.00700738
-0.00697235
-0.00693749
-0.00690281
-0.0068683
-0.00683396
-0.0067998
-0.0067658
-0.00673198
-0.00669832
-0.00666484
-0.00663152
-0.00659836
-0.00656538
-0.00653255
-0.0064999
-0.0064674
-0.00643507
-0.0064029
-0.00637089
-0.00633904
-0.00630735
-0.00627581
-0.00624444
-0.00621322
-0.00618216
-0.00615125
-0.0061205
-0.0060899
-0.00605946
-0.00602916
-0.00599902
-0.00596903
-0.00593919
-0.0059095
-0.00587996
-0.00585056
-0.00582131
-0.00579221
-0.00576325
-0.00573444
-0.00570577
-0.00567725
-0.00564887
-0.00562063
-0.00559253
-0.00556457
-0.00553675
-0.00550907
-0.00548153
-0.00545412
-0.00542686
-0.00539973
-0.00537273
-0.00534587
-0.00531915
-0.00529256
-0.0052661
-0.00523977
-0.00521358
-0.00518751
-0.00516158
-0.00513577
-0.0051101
-0.00508455
-0.00505913
-0.00503384
-0.00500868
-0.00498364
-0.00495872
-0.00493393
-0.00490927
-0.00488473
-0.00486031
-0.00483601
-0.00481183
-0.00478778
-0.00476384
-0.00474003
-0.00471633
-0.00469275
-0.00466929
-0.00464595
-0.00462272
-0.00459961
-0.00457662
-0.00455374
-0.00453097
-0.00450832
-0.00448578
-0.00446336
-0.00444105
-0.00441884
-0.00439675
-0.00437477
-0.0043529
-0.00433114
-0.00430949
-0.00428795
-0.00426651
-0.00424518
-0.00422396
-0.00420284
-0.00418183
-0.00416093
-0.00414013
-0.00411943
-0.00409883
-0.00407834
-0.00405796
-0.00403767
-0.00401748
-0.0039974
-0.00397742
-0.00395753
-0.00393775
-0.00391806
-0.00389848
-0.00387899
-0.0038596
-0.0038403
-0.0038211
-0.003802
-0.00378299
-0.00376408
-0.00374527
-0.00372654
-0.00370791
-0.00368938
-0.00367093
-0.00365258
-0.00363432
-0.00361615
-0.00359808
-0.00358009
-0.00356219
-0.00354438
-0.00352667
-0.00350904
-0.00349149
-0.00347404
-0.00345667
-0.00343939
-0.0034222
-0.00340509
-0.00338807
-0.00337113
-0.00335428
-0.00333751
-0.00332083
-0.00330422
-0.00328771
-0.00327127
-0.00325492
-0.00323865
-0.00322246
-0.00320635
-0.00319032
-0.00317437
-0.0031585
-0.00314271
-0.003127
-0.00311137
-0.00309581
-0.00308034
-0.00306494
-0.00304962
-0.00303437
-0.0030192
-0.00300411
-0.00298909
-0.00297415
-0.00295928
-0.00294449
-0.00292977
-0.00291512
-0.00290055
-0.00288605
-0.00287162
-0.00285727
-0.00284299
-0.00282877
-0.00281463
-0.00280056
-0.00278656
-0.00277263
-0.00275877
-0.00274498
-0.00273126
-0.0027176
-0.00270402
-0.0026905
-0.00267705
-0.00266367
-0.00265035
-0.0026371
-0.00262392
-0.0026108
-0.00259775
-0.00258477
-0.00257185
-0.00255899
-0.0025462
-0.00253347
-0.0025208
-0.0025082
-0.00249566
-0.00248319
-0.00247077
-0.00245842
-0.00244613
-0.0024339
-0.00242174
-0.00240963
-0.00239759
-0.0023856
-0.00237367
-0.00236181
-0.00235
-0.00233825
-0.00232657
-0.00231494
-0.00230336
-0.00229185
-0.00228039
-0.00226899
-0.00225765
-0.00224636
-0.00223513
-0.00222396
-0.00221284
-0.00220178
-0.00219077
-0.00217982
-0.00216893
-0.00215808
-0.0021473
-0.00213656
-0.00212588
-0.00211525
-0.00210468
-0.00209416
-0.00208369
-0.00207327
-0.00206291
-0.0020526
-0.00204234
-0.00203213
-0.00202197
-0.00201186
-0.0020018
-0.0019918
-0.00198184
-0.00197193
-0.00196207
-0.00195227
-0.00194251
-0.0019328
-0.00192313
-0.00191352
-0.00190396
-0.00189444
-0.00188497
-0.00187554
-0.00186617
-0.00185684
-0.00184756
-0.00183832
-0.00182913
-0.00181999
-0.00181089
-0.00180184
-0.00179283
-0.00178387
-0.00177495
-0.00176608
-0.00175725
-0.00174847
-0.00173972
-0.00173103
-0.00172237
-0.00171376
-0.0017052
-0.00169667
-0.00168819
-0.00167975
-0.00167136
-0.001663
-0.00165469
-0.00164642
-0.00163819
-0.00163
-0.00162185
-0.00161374
-0.00160567
-0.00159765
-0.00158966
-0.00158171
-0.00157381
-0.00156594
-0.00155811
-0.00155032
-0.00154257
-0.00153486
-0.00152719
-0.00151955
-0.00151196
-0.0015044
-0.00149688
-0.0014894
-0.00148195
-0.00147454
-0.00146717
-0.00145984
-0.00145254
-0.00144528
-0.00143805
-0.00143087
-0.00142371
-0.0014166
-0.00140951
-0.00140247
-0.00139546
-0.00138848
-0.00138154
-0.00137463
-0.00136776
-0.00136093
-0.00135412
-0.00134735
-0.00134062
-0.00133392
-0.00132725
-0.00132061
-0.00131401
-0.00130744
-0.00130091
-0.0012944
-0.00128793
-0.00128149
-0.00127509
-0.00126871
-0.00126237
-0.00125606
-0.00124978
-0.00124354
-0.00123732
-0.00123113
-0.00122498
-0.00121886
-0.00121276
-0.0012067
-0.00120067
-0.00119467
-0.00118869
-0.00118275
-0.00117684
-0.00117096
-0.0011651
-0.00115928
-0.00115348
-0.00114772
-0.00114198
-0.00113627
-0.00113059
-0.00112494
-0.00111931
-0.00111372
-0.00110815
-0.00110261
-0.0010971
-0.00109161
-0.00108616
-0.00108073
-0.00107533
-0.00106995
-0.0010646
-0.00105928
-0.00105398
-0.00104872
-0.00104347
-0.00103826
-0.00103307
-0.0010279
-0.00102276
-0.00101765
-0.00101256
-0.0010075
-0.00100246
-0.000997453
-0.000992467
-0.000987506
-0.000982569
-0.000977657
-0.00097277
-0.000967907
-0.000963068
-0.000958254
-0.000953463
-0.000948697
-0.000943954
-0.000939235
-0.00093454
-0.000929868
-0.00092522
-0.000920594
-0.000915992
-0.000911413
-0.000906857
-0.000902323
-0.000897813
-0.000893324
-0.000888858
-0.000884415
-0.000879994
-0.000875594
-0.000871217
-0.000866862
-0.000862528
-0.000858216
-0.000853927
-0.000849659
-0.000845412
-0.000841187
-0.000836983
-0.0008328
-0.000828637
-0.000824496
-0.000820375
-0.000816275
-0.000812195
-0.000808136
-0.000804097
-0.000800078
-0.00079608
-0.000792101
-0.000788142
-0.000784203
-0.000780284
-0.000776384
-0.000772504
-0.000768643
-0.000764801
-0.000760979
-0.000757175
-0.000753391
-0.000749626
-0.000745879
-0.000742152
-0.000738442
-0.000734752
-0.00073108
-0.000727426
-0.000723792
-0.000720174
-0.000716574
-0.000712993
-0.000709429
-0.000705883
-0.000702355
-0.000698845
-0.000695353
-0.000691877
-0.000688419
-0.000684979
-0.000681556
-0.000678149
-0.00067476
-0.000671388
-0.000668032
-0.000664694
-0.000661372
-0.000658066
-0.000654777
-0.000651505
-0.000648249
-0.000645009
-0.000641785
-0.000638578
-0.000635386
-0.000632211
-0.000629051
-0.000625908
-0.000622779
-0.000619667
-0.00061657
-0.000613489
-0.000610422
-0.000607372
-0.000604336
-0.000601316
-0.000598311
-0.000595321
-0.000592345
-0.000589385
-0.000586439
-0.000583508
-0.000580592
-0.000577691
-0.000574804
-0.000571931
-0.000569073
-0.000566229
-0.000563399
-0.000560583
-0.000557782
-0.000554994
-0.00055222
-0.00054946
-0.000546714
-0.000543982
-0.000541264
-0.000538559
-0.000535867
-0.000533189
-0.000530524
-0.000527873
-0.000525235
-0.00052261
-0.000519998
-0.000517399
-0.000514814
-0.000512241
-0.000509681
-0.000507134
-0.000504599
-0.000502077
-0.000499568
-0.000497072
-0.000494588
-0.000492116
-0.000489656
-0.000487209
-0.000484774
-0.000482352
-0.000479941
-0.000477543
-0.000475156
-0.000472781
-0.000470419
-0.000468068
-0.000465729
-0.000463401
-0.000461085
-0.000458781
-0.000456488
-0.000454207
-0.000451937
-0.000449678
-0.000447431
-0.000445195
-0.00044297
-0.000440756
-0.000438554
-0.000436362
-0.000434181
-0.000432011
-0.000429852
-0.000427704
-0.000425567
-0.00042344
-0.000421324
-0.000419218
-0.000417123
-0.000415039
-0.000412964
-0.000410901
-0.000408847
-0.000406804
-0.000404771
-0.000402751
-0.000400738
-0.000398735
-0.000396742
-0.000394759
-0.000392785
-0.000390822
-0.000388869
-0.000386925
-0.000384992
-0.000383068
-0.000381153
-0.000379248
-0.000377353
-0.000375467
-0.000373591
-0.000371724
-0.000369866
-0.000368018
-0.000366179
-0.000364349
-0.000362528
-0.000360716
-0.000358914
-0.00035712
-0.000355335
-0.000353559
-0.000351792
-0.000350034
-0.000348285
-0.000346545
-0.000344813
-0.00034309
-0.000341375
-0.000339669
-0.000337972
-0.000336283
-0.000334602
-0.00033293
-0.000331266
-0.00032961
-0.000327963
-0.000326324
-0.000324693
-0.000323071
-0.000321456
-0.00031985
-0.000318251
-0.000316661
-0.000315078
-0.000313504
-0.000311937
-0.000310378
-0.000308827
-0.000307283
-0.000305748
-0.00030422
-0.000302699
-0.000301187
-0.000299681
-0.000298184
-0.000296694
-0.000295211
-0.000293735
-0.000292268
-0.000290807
-0.000289354
-0.000287908
-0.000286469
-0.000285037
-0.000283613
-0.000282195
-0.000280785
-0.000279382
-0.000277985
-0.000276596
-0.000275214
-0.000273838
-0.00027247
-0.000271108
-0.000269753
-0.000268405
-0.000267064
-0.000265729
-0.000264401
-0.00026308
-0.000261765
-0.000260457
-0.000259155
-0.00025786
-0.000256571
-0.000255289
-0.000254013
-0.000252744
-0.000251481
-0.000250224
-0.000248973
-0.000247729
-0.000246491
-0.000245259
-0.000244034
-0.000242814
-0.0002416
-0.000240393
-0.000239192
-0.000237996
-0.000236807
-0.000235623
-0.000234446
-0.000233274
-0.000232108
-0.000230948
-0.000229794
-0.000228646
-0.000227503
-0.000226366
-0.000225235
-0.000224109
-0.000222989
-0.000221875
-0.000220766
-0.000219662
-0.000218565
-0.000217472
-0.000216385
-0.000215304
-0.000214228
-0.000213157
-0.000212092
-0.000211032
-0.000209977
-0.000208928
-0.000207884
-0.000206845
-0.000205811
-0.000204782
-0.000203759
-0.000202741
-0.000201727
-0.000200719
-0.000199716
-0.000198718
-0.000197725
-0.000196737
-0.000195753
-0.000194775
-0.000193802
-0.000192833
-0.000191869
-0.00019091
-0.000189956
-0.000189007
-0.000188062
-0.000187122
-0.000186187
-0.000185256
-0.00018433
-0.000183409
-0.000182493
-0.000181582
-0.000180674
-0.000179771
-0.000178872
-0.000177978
-0.000177088
-0.000176203
-0.000175322
-0.000174446
-0.000173574
-0.000172707
-0.000171843
-0.000170985
-0.00017013
-0.00016928
-0.000168433
-0.000167592
-0.000166754
-0.00016592
-0.000165091
-0.000164266
-0.000163445
-0.000162628
-0.000161816
-0.000161008
-0.000160204
-0.000159403
-0.000158607
-0.000157815
-0.000157027
-0.000156242
-0.000155462
-0.000154686
-0.000153913
-0.000153144
-0.000152379
-0.000151618
-0.000150861
-0.000150107
-0.000149358
-0.000148612
-0.000147869
-0.000147131
-0.000146396
-0.000145665
-0.000144937
-0.000144213
-0.000143493
-0.000142776
-0.000142063
-0.000141354
-0.000140648
-0.000139945
-0.000139246
-0.000138551
-0.000137859
-0.00013717
-0.000136485
-0.000135803
-0.000135125
-0.00013445
-0.000133779
-0.00013311
-0.000132446
-0.000131784
-0.000131126
-0.000130471
-0.000129819
-0.000129171
-0.000128526
-0.000127884
-0.000127245
-0.00012661
-0.000125977
-0.000125348
-0.000124722
-0.000124099
-0.000123479
-0.000122863
-0.000122249
-0.000121638
-0.000121031
-0.000120427
-0.000119825
-0.000119227
-0.000118631
-0.000118039
-0.000117449
-0.000116863
-0.000116279
-0.000115699
-0.000115121
-0.000114546
-0.000113974
-0.000113405
-0.000112839
-0.000112276
-0.000111715
-0.000111157
-0.000110602
-0.00011005
-0.000109501
-0.000108954
-0.00010841
-0.000107869
-0.00010733
-0.000106794
-0.000106261
-0.00010573
-0.000105203
-0.000104677
-0.000104155
-0.000103635
-0.000103117
-0.000102602
-0.00010209
-0.000101581
-0.000101073
-0.000100569
-0.000100067
-9.95671e-05
-9.907e-05
-9.85754e-05
-9.80833e-05
-9.75936e-05
-9.71064e-05
-9.66216e-05
-9.61392e-05
-9.56593e-05
-9.51817e-05
-9.47065e-05
-9.42337e-05
-9.37633e-05
-9.32952e-05
-9.28295e-05
-9.23661e-05
-9.19049e-05
-9.14461e-05
-9.09896e-05
-9.05354e-05
-9.00834e-05
-8.96337e-05
-8.91863e-05
-8.8741e-05
-8.8298e-05
-8.78573e-05
-8.74187e-05
-8.69823e-05
-8.65481e-05
-8.6116e-05
-8.56861e-05
-8.52584e-05
-8.48328e-05
-8.44093e-05
-8.3988e-05
-8.35687e-05
-8.31516e-05
-8.27365e-05
-8.23235e-05
-8.19125e-05
-8.15036e-05
-8.10968e-05
-8.0692e-05
-8.02892e-05
-7.98884e-05
-7.94896e-05
-7.90929e-05
-7.87e-05
-7.83064e-05
-7.79152e-05
-7.75261e-05
-7.71391e-05
-7.6754e-05
-7.63707e-05
-7.59894e-05
-7.561e-05
-7.52325e-05
-7.4857e-05
-7.44833e-05
-7.41114e-05
-7.37415e-05
-7.33734e-05
-7.30071e-05
-7.26427e-05
-7.22801e-05
-7.19193e-05
-7.15603e-05
-7.12031e-05
-7.08476e-05
-7.0494e-05
-7.01421e-05
-6.9792e-05
-6.94437e-05
-6.90971e-05
-6.87522e-05
-6.84091e-05
-6.80677e-05
-6.7728e-05
-6.73899e-05
-6.70536e-05
-6.6719e-05
-6.6386e-05
-6.60546e-05
-6.5725e-05
-6.53969e-05
-6.50705e-05
-6.47458e-05
-6.44226e-05
-6.41011e-05
-6.37812e-05
-6.34629e-05
-6.31461e-05
-6.2831e-05
-6.25174e-05
-6.22054e-05
-6.18949e-05
-6.1586e-05
-6.12786e-05
-6.09728e-05
-6.06685e-05
-6.03657e-05
-6.00644e-05
-5.97647e-05
-5.94664e-05
-5.91696e-05
-5.88743e-05
-5.85805e-05
-5.82882e-05
-5.79973e-05
-5.77078e-05
-5.74198e-05
-5.71333e-05
-5.68481e-05
-5.65644e-05
-5.62821e-05
-5.60013e-05
-5.57218e-05
-5.54437e-05
-5.5167e-05
-5.48917e-05
-5.46178e-05
-5.43452e-05
-5.4074e-05
-5.38041e-05
-5.35356e-05
-5.32685e-05
-5.30026e-05
-5.27381e-05
-5.24749e-05
-5.22131e-05
-5.19525e-05
-5.16932e-05
-5.14353e-05
-5.11786e-05
-5.09232e-05
-5.06691e-05
-5.04162e-05
-5.01646e-05
-4.99143e-05
-4.96652e-05
-4.94173e-05
-4.91707e-05
-4.89253e-05
-4.86812e-05
-4.84383e-05
-4.81965e-05
-4.7956e-05
-4.77167e-05
-4.74786e-05
-4.72416e-05
-4.70059e-05
-4.67713e-05
-4.65379e-05
-4.63057e-05
-4.60746e-05
-4.58447e-05
-4.56159e-05
-4.53883e-05
-4.51618e-05
-4.49364e-05
-4.47122e-05
-4.4489e-05
-4.4267e-05
-4.40461e-05
-4.38263e-05
-4.36076e-05
-4.33933e-05
-4.31756e-05
-4.29596e-05
-4.27448e-05
-4.25312e-05
-4.23188e-05
-4.21075e-05
-4.18973e-05
-4.16882e-05
-4.14801e-05
-4.12731e-05
-4.10671e-05
-4.08621e-05
-4.06582e-05
-4.04552e-05
-4.02536e-05
-4.00526e-05
-3.98527e-05
-3.96537e-05
-3.94558e-05
-3.92589e-05
-3.90629e-05
-3.88679e-05
-3.86739e-05
-3.84809e-05
-3.82889e-05
-3.80978e-05
-3.79077e-05
-3.77185e-05
-3.75303e-05
-3.7343e-05
-3.71567e-05
-3.69713e-05
-3.67868e-05
-3.66032e-05
-3.64206e-05
-3.62389e-05
-3.6058e-05
-3.58781e-05
-3.56991e-05
-3.5521e-05
-3.53437e-05
-3.51674e-05
-3.49919e-05
-3.48173e-05
-3.46436e-05
-3.44707e-05
-3.42987e-05
-3.41276e-05
-3.39573e-05
-3.37879e-05
-3.36193e-05
-3.34515e-05
-3.32846e-05
-3.31186e-05
-3.29533e-05
-3.27889e-05
-3.26253e-05
-3.24625e-05
-3.23005e-05
-3.21394e-05
-3.1979e-05
-3.18194e-05
-3.16607e-05
-3.15027e-05
-3.13455e-05
-3.11891e-05
-3.10335e-05
-3.08786e-05
-3.07245e-05
-3.05712e-05
-3.04187e-05
-3.02669e-05
-3.01159e-05
-2.99656e-05
-2.9816e-05
-2.96673e-05
-2.95192e-05
-2.93719e-05
-2.92254e-05
-2.90795e-05
-2.89344e-05
-2.879e-05
-2.86463e-05
-2.85034e-05
-2.83612e-05
-2.82196e-05
-2.80788e-05
-2.79387e-05
-2.77993e-05
-2.76605e-05
-2.75225e-05
-2.73852e-05
-2.72485e-05
-2.71125e-05
-2.69772e-05
-2.68426e-05
-2.67086e-05
-2.65754e-05
-2.64427e-05
-2.63108e-05
-2.61795e-05
-2.60488e-05
-2.59188e-05
-2.57895e-05
-2.56608e-05
-2.55327e-05
-2.54053e-05
-2.52785e-05
-2.51524e-05
-2.50268e-05
-2.49019e-05
-2.47777e-05
-2.4654e-05
-2.4531e-05
-2.44085e-05
-2.42867e-05
-2.41655e-05
-2.40449e-05
-2.39249e-05
-2.38055e-05
-2.36867e-05
-2.35685e-05
-2.34509e-05
-2.33338e-05
-2.32174e-05
-2.31015e-05
-2.29862e-05
-2.28715e-05
-2.27573e-05
-2.26437e-05
-2.25307e-05
-2.24183e-05
-2.23064e-05
-2.21992e-05
-2.20858e-05
-2.19745e-05
-2.18645e-05
-2.17553e-05
-2.16468e-05
-2.15388e-05
-2.14314e-05
-2.13246e-05
-2.12182e-05
-2.11123e-05
-2.10069e-05
-2.0902e-05
-2.07978e-05
-2.0694e-05
-2.05907e-05
-2.0488e-05
-2.03857e-05
-2.0284e-05
-2.01827e-05
-2.0082e-05
-1.99817e-05
-1.98819e-05
-1.97827e-05
-1.96839e-05
-1.95856e-05
-1.94879e-05
-1.93906e-05
-1.92939e-05
-1.91976e-05
-1.91017e-05
-1.90064e-05
-1.89115e-05
-1.88171e-05
-1.87231e-05
-1.86297e-05
-1.85366e-05
-1.84441e-05
-1.8352e-05
-1.82603e-05
-1.81691e-05
-1.80784e-05
-1.79881e-05
-1.78983e-05
-1.78089e-05
-1.772e-05
-1.76315e-05
-1.75434e-05
-1.74558e-05
-1.73687e-05
-1.7282e-05
-1.71957e-05
-1.71098e-05
-1.70244e-05
-1.69394e-05
-1.68548e-05
-1.67707e-05
-1.66869e-05
-1.66036e-05
-1.65207e-05
-1.64382e-05
-1.63561e-05
-1.62744e-05
-1.61932e-05
-1.61123e-05
-1.60318e-05
-1.59518e-05
-1.58721e-05
-1.57929e-05
-1.5714e-05
-1.56355e-05
-1.55574e-05
-1.54797e-05
-1.54024e-05
-1.53255e-05
-1.5249e-05
-1.51728e-05
-1.5097e-05
-1.50216e-05
-1.49466e-05
-1.4872e-05
-1.47977e-05
-1.47238e-05
-1.46502e-05
-1.45771e-05
-1.45043e-05
-1.44318e-05
-1.43597e-05
-1.4288e-05
-1.42166e-05
-1.41456e-05
-1.4075e-05
-1.40047e-05
-1.39347e-05
-1.38651e-05
-1.37959e-05
-1.3727e-05
-1.36584e-05
-1.35902e-05
-1.35223e-05
-1.34547e-05
-1.33875e-05
-1.33207e-05
-1.32541e-05
-1.31879e-05
-1.3122e-05
-1.30565e-05
-1.29913e-05
-1.29264e-05
-1.28618e-05
-1.27975e-05
-1.27336e-05
-1.267e-05
-1.26067e-05
-1.25437e-05
-1.2481e-05
-1.24187e-05
-1.23566e-05
-1.22949e-05
-1.22335e-05
-1.21723e-05
-1.21115e-05
-1.2051e-05
-1.19908e-05
-1.19309e-05
-1.18713e-05
-1.18119e-05
-1.17529e-05
-1.16942e-05
-1.16357e-05
-1.15776e-05
-1.15197e-05
-1.14622e-05
-1.14049e-05
-1.13479e-05
-1.12912e-05
-1.12348e-05
-1.11786e-05
-1.11227e-05
-1.10671e-05
-1.10118e-05
-1.09568e-05
-1.0902e-05
-1.08475e-05
-1.07933e-05
-1.07394e-05
-1.06857e-05
-1.06323e-05
-1.05791e-05
-1.05262e-05
-1.04736e-05
-1.04213e-05
-1.03692e-05
-1.03173e-05
-1.02658e-05
-1.02144e-05
-1.01634e-05
-1.01126e-05
-1.0062e-05
-1.00117e-05
-9.96163e-06
-9.91182e-06
-9.86227e-06
-9.81295e-06
-9.76389e-06
-9.71506e-06
-9.66648e-06
-9.61814e-06
-9.57005e-06
-9.52219e-06
-9.47457e-06
-9.42831e-06
-9.38094e-06
-9.33389e-06
-9.28751e-06
-9.24111e-06
-9.19471e-06
-9.14849e-06
-9.10252e-06
-9.05686e-06
-9.01144e-06
-8.96626e-06
-8.92133e-06
-8.87664e-06
-8.83228e-06
-8.78816e-06
-8.74426e-06
-8.70058e-06
-8.65711e-06
-8.61385e-06
-8.57079e-06
-8.52794e-06
-8.48529e-06
-8.44285e-06
-8.40061e-06
-8.35857e-06
-8.31674e-06
-8.27515e-06
-8.23376e-06
-8.19257e-06
-8.15157e-06
-8.11078e-06
-8.07019e-06
-8.0298e-06
-7.98961e-06
-7.94962e-06
-7.90982e-06
-7.87022e-06
-7.83082e-06
-7.7916e-06
-7.75258e-06
-7.71375e-06
