2.38864
1.67829
1.32171
1.0025
-0.813414
-0.767856
-0.728701
-0.695122
-0.666152
-0.640936
-0.618775
-0.599114
-0.589505
-0.579755
-0.56951
-0.557166
-0.548593
-0.539193
-0.52972
-0.520434
-0.511396
-0.502632
-0.494188
-0.484455
-0.477897
-0.470741
-0.463458
-0.456521
-0.449761
-0.443203
-0.436898
-0.4308
-0.424885
-0.419149
-0.413583
-0.408183
-0.402947
-0.397866
-0.392926
-0.388123
-0.383445
-0.37889
-0.37445
-0.369186
-0.365578
-0.361721
-0.357764
-0.353839
-0.349984
-0.346207
-0.342425
-0.338835
-0.335298
-0.33182
-0.328404
-0.325046
-0.321751
-0.318513
-0.315329
-0.312202
-0.309131
-0.306111
-0.303143
-0.300226
-0.297356
-0.294529
-0.291749
-0.289012
-0.286317
-0.283663
-0.281051
-0.27848
-0.275949
-0.273455
-0.270998
-0.268582
-0.266201
-0.263856
-0.261547
-0.259275
-0.257035
-0.25483
-0.252661
-0.250522
-0.248418
-0.246345
-0.244305
-0.242294
-0.240316
-0.238367
-0.236449
-0.234557
-0.232697
-0.230864
-0.229058
-0.22728
-0.225531
-0.223806
-0.222105
-0.220435
-0.218786
-0.217162
-0.215564
-0.213988
-0.212435
-0.210905
-0.209397
-0.207913
-0.206447
-0.205004
-0.203581
-0.202178
-0.200794
-0.19943
-0.198086
-0.196757
-0.195449
-0.194158
-0.192883
-0.191625
-0.190383
-0.189157
-0.18795
-0.186753
-0.185575
-0.184408
-0.183259
-0.182122
-0.180998
-0.179888
-0.178791
-0.177706
-0.176633
-0.175573
-0.174524
-0.173487
-0.172461
-0.171446
-0.170442
-0.169448
-0.168465
-0.167491
-0.166527
-0.165573
-0.164628
-0.163692
-0.162765
-0.161847
-0.160938
-0.160036
-0.159143
-0.158258
-0.157381
-0.156511
-0.155649
-0.154794
-0.153946
-0.153105
-0.152272
-0.151445
-0.150624
-0.14981
-0.149003
-0.148202
-0.147407
-0.146618
-0.145835
-0.145058
-0.144286
-0.143523
-0.142754
-0.141997
-0.141248
-0.140507
-0.139771
-0.139038
-0.138309
-0.137585
-0.136866
-0.136152
-0.135442
-0.134737
-0.134037
-0.133341
-0.132649
-0.131962
-0.13128
-0.130601
-0.129927
-0.129257
-0.128592
-0.12793
-0.127272
-0.126619
-0.125969
-0.125323
-0.124681
-0.124043
-0.123408
-0.122778
-0.12215
-0.121527
-0.120907
-0.120291
-0.119678
-0.119069
-0.118463
-0.117861
-0.117262
-0.116666
-0.116074
-0.115485
-0.114899
-0.114317
-0.113737
-0.113161
-0.112588
-0.112018
-0.111452
-0.110888
-0.110327
-0.10977
-0.109215
-0.108664
-0.108115
-0.107569
-0.107027
-0.106487
-0.10595
-0.105415
-0.104884
-0.104356
-0.10383
-0.103307
-0.102787
-0.102269
-0.101754
-0.101242
-0.100733
-0.100226
-0.0997222
-0.0992207
-0.0987219
-0.0982256
-0.0977319
-0.0972408
-0.0967522
-0.0962662
-0.0957826
-0.0953016
-0.094823
-0.0943469
-0.0938732
-0.093402
-0.0929332
-0.0924668
-0.0920028
-0.0915412
-0.0910819
-0.090625
-0.0901705
-0.0897182
-0.0892683
-0.0888206
-0.0883753
-0.0879322
-0.0874913
-0.0870528
-0.0866164
-0.0861823
-0.0857503
-0.0853206
-0.084893
-0.0844677
-0.0840444
-0.0836234
-0.0832044
-0.0827876
-0.0823729
-0.0819603
-0.0815497
-0.0811413
-0.0807349
-0.0803306
-0.0799283
-0.0795281
-0.0791298
-0.0787336
-0.0783394
-0.0779472
-0.0775569
-0.0771686
-0.0767823
-0.0763979
-0.0760155
-0.075635
-0.0752564
-0.0748797
-0.0745049
-0.074132
-0.073761
-0.0733918
-0.0730245
-0.0726591
-0.0722954
-0.0719336
-0.0715737
-0.0712155
-0.0708592
-0.0705046
-0.0701518
-0.0698008
-0.0694515
-0.069104
-0.0687583
-0.0684143
-0.068072
-0.0677314
-0.0673926
-0.0670554
-0.0667199
-0.0663862
-0.066054
-0.0657236
-0.0653948
-0.0650677
-0.0647422
-0.0644183
-0.0640961
-0.0637755
-0.0634565
-0.063139
-0.0628232
-0.062509
-0.0621963
-0.0618852
-0.0615757
-0.0612677
-0.0609612
-0.0606563
-0.0603529
-0.0600511
-0.0597507
-0.0594519
-0.0591545
-0.0588587
-0.0585643
-0.0582714
-0.05798
-0.05769
-0.0574015
-0.0571144
-0.0568288
-0.0565446
-0.0562618
-0.0559804
-0.0557004
-0.0554219
-0.0551447
-0.0548689
-0.0545945
-0.0543215
-0.0540499
-0.0537796
-0.0535106
-0.053243
-0.0529768
-0.0527118
-0.0524482
-0.0521859
-0.051925
-0.0516653
-0.051407
-0.0511499
-0.0508941
-0.0506396
-0.0503864
-0.0501344
-0.0498837
-0.0496343
-0.0493861
-0.0491391
-0.0488934
-0.0486489
-0.0484056
-0.0481636
-0.0479227
-0.0476831
-0.0474447
-0.0472074
-0.0469714
-0.0467365
-0.0465028
-0.0462702
-0.0460389
-0.0458087
-0.0455796
-0.0453517
-0.0451249
-0.0448993
-0.0446748
-0.0444514
-0.0442291
-0.0440079
-0.0437879
-0.0435689
-0.0433511
-0.0431343
-0.0429186
-0.042704
-0.0424905
-0.042278
-0.0420666
-0.0418563
-0.041647
-0.0414387
-0.0412315
-0.0410254
-0.0408202
-0.0406161
-0.040413
-0.040211
-0.0400099
-0.0398099
-0.0396108
-0.0394127
-0.0392157
-0.0390196
-0.0388245
-0.0386303
-0.0384372
-0.038245
-0.0380538
-0.0378635
-0.0376742
-0.0374858
-0.0372984
-0.0371119
-0.0369263
-0.0367417
-0.036558
-0.0363752
-0.0361933
-0.0360123
-0.0358322
-0.0356531
-0.0354748
-0.0352974
-0.0351209
-0.0349453
-0.0347706
-0.0345967
-0.0344238
-0.0342516
-0.0340804
-0.03391
-0.0337404
-0.0335717
-0.0334039
-0.0332368
-0.0330706
-0.0329053
-0.0327408
-0.0325771
-0.0324142
-0.0322521
-0.0320908
-0.0319304
-0.0317707
-0.0316119
-0.0314538
-0.0312965
-0.0311401
-0.0309844
-0.0308294
-0.0306753
-0.0305219
-0.0303693
-0.0302174
-0.0300664
-0.029916
-0.0297664
-0.0296176
-0.0294695
-0.0293222
-0.0291756
-0.0290297
-0.0288845
-0.0287401
-0.0285964
-0.0284534
-0.0283112
-0.0281696
-0.0280287
-0.0278886
-0.0277492
-0.0276104
-0.0274724
-0.027335
-0.0271983
-0.0270623
-0.026927
-0.0267924
-0.0266584
-0.0265251
-0.0263925
-0.0262605
-0.0261292
-0.0259986
-0.0258686
-0.0257393
-0.0256106
-0.0254825
-0.0253551
-0.0252283
-0.0251022
-0.0249767
-0.0248518
-0.0247275
-0.0246039
-0.0244809
-0.0243585
-0.0242367
-0.0241155
-0.0239949
-0.0238749
-0.0237556
-0.0236368
-0.0235186
-0.023401
-0.023284
-0.0231676
-0.0230517
-0.0229365
-0.0228218
-0.0227077
-0.0225941
-0.0224812
-0.0223688
-0.0222569
-0.0221456
-0.0220349
-0.0219247
-0.0218151
-0.021706
-0.0215975
-0.0214895
-0.0213821
-0.0212752
-0.0211688
-0.0210629
-0.0209576
-0.0208528
-0.0207486
-0.0206448
-0.0205416
-0.0204389
-0.0203367
-0.020235
-0.0201338
-0.0200332
-0.019933
-0.0198333
-0.0197342
-0.0196355
-0.0195373
-0.0194396
-0.0193424
-0.0192457
-0.0191495
-0.0190538
-0.0189585
-0.0188637
-0.0187694
-0.0186755
-0.0185822
-0.0184892
-0.0183968
-0.0183048
-0.0182133
-0.0181222
-0.0180316
-0.0179415
-0.0178517
-0.0177625
-0.0176737
-0.0175853
-0.0174974
-0.0174099
-0.0173228
-0.0172362
-0.01715
-0.0170643
-0.016979
-0.0168941
-0.0168096
-0.0167256
-0.0166419
-0.0165587
-0.0164759
-0.0163936
-0.0163116
-0.01623
-0.0161489
-0.0160681
-0.0159878
-0.0159079
-0.0158283
-0.0157492
-0.0156704
-0.0155921
-0.0155141
-0.0154365
-0.0153594
-0.0152826
-0.0152062
-0.0151301
-0.0150545
-0.0149792
-0.0149043
-0.0148298
-0.0147556
-0.0146819
-0.0146084
-0.0145354
-0.0144627
-0.0143904
-0.0143185
-0.0142469
-0.0141756
-0.0141048
-0.0140342
-0.0139641
-0.0138942
-0.0138248
-0.0137556
-0.0136869
-0.0136184
-0.0135503
-0.0134826
-0.0134152
-0.0133481
-0.0132814
-0.013215
-0.0131489
-0.0130831
-0.0130177
-0.0129526
-0.0128879
-0.0128234
-0.0127593
-0.0126955
-0.012632
-0.0125689
-0.012506
-0.0124435
-0.0123813
-0.0123194
-0.0122578
-0.0121965
-0.0121355
-0.0120748
-0.0120145
-0.0119544
-0.0118946
-0.0118351
-0.011776
-0.0117171
-0.0116585
-0.0116002
-0.0115422
-0.0114845
-0.0114271
-0.0113699
-0.0113131
-0.0112565
-0.0112002
-0.0111442
-0.0110885
-0.0110331
-0.0109779
-0.010923
-0.0108684
-0.0108141
-0.01076
-0.0107062
-0.0106527
-0.0105994
-0.0105464
-0.0104937
-0.0104412
-0.010389
-0.010337
-0.0102854
-0.0102339
-0.0101828
-0.0101319
-0.0100812
-0.0100308
-0.00998064
-0.00993073
-0.00988108
-0.00983167
-0.00978252
-0.0097336
-0.00968493
-0.00963651
-0.00958833
-0.00954039
-0.00949268
-0.00944522
-0.00939799
-0.009351
-0.00930425
-0.00925773
-0.00921144
-0.00916538
-0.00911956
-0.00907396
-0.00902859
-0.00898345
-0.00893853
-0.00889384
-0.00884937
-0.00880512
-0.00876109
-0.00871729
-0.0086737
-0.00863033
-0.00858718
-0.00854425
-0.00850152
-0.00845902
-0.00841672
-0.00837464
-0.00833277
-0.0082911
-0.00824965
-0.0082084
-0.00816736
-0.00812652
-0.00808589
-0.00804546
-0.00800523
-0.0079652
-0.00792538
-0.00788575
-0.00784632
-0.00780709
-0.00776806
-0.00772921
-0.00769057
-0.00765212
-0.00761386
-0.00757579
-0.00753791
-0.00750022
-0.00746272
-0.00742541
-0.00738829
-0.00735135
-0.0073146
-0.00727803
-0.00724164
-0.00720543
-0.00716941
-0.00713357
-0.0070979
-0.00706241
-0.00702711
-0.00699197
-0.00695702
-0.00692223
-0.00688763
-0.00685319
-0.00681893
-0.00678484
-0.00675091
-0.00671716
-0.00668358
-0.00665017
-0.00661692
-0.00658384
-0.00655092
-0.00651817
-0.00648558
-0.00645316
-0.00642089
-0.00638879
-0.00635685
-0.00632507
-0.00629345
-0.00626198
-0.00623068
-0.00619953
-0.00616853
-0.00613769
-0.00610701
-0.00607647
-0.00604609
-0.00601587
-0.00598579
-0.00595587
-0.00592609
-0.00589646
-0.00586698
-0.00583765
-0.00580846
-0.00577943
-0.00575053
-0.00572178
-0.00569318
-0.00566471
-0.00563639
-0.00560821
-0.00558018
-0.00555228
-0.00552452
-0.0054969
-0.00546942
-0.00544208
-0.00541487
-0.0053878
-0.00536086
-0.00533406
-0.00530739
-0.00528086
-0.00525446
-0.00522819
-0.00520205
-0.00517604
-0.00515017
-0.00512442
-0.0050988
-0.00507331
-0.00504795
-0.00502271
-0.0049976
-0.00497261
-0.00494775
-0.00492302
-0.00489841
-0.00487392
-0.00484955
-0.00482531
-0.00480118
-0.00477718
-0.0047533
-0.00472953
-0.00470589
-0.00468236
-0.00465895
-0.00463566
-0.00461249
-0.00458943
-0.00456648
-0.00454366
-0.00452094
-0.00449834
-0.00447585
-0.00445347
-0.00443121
-0.00440906
-0.00438701
-0.00436508
-0.00434326
-0.00432155
-0.00429994
-0.00427845
-0.00425706
-0.00423578
-0.0042146
-0.00419353
-0.00417257
-0.00415171
-0.00413095
-0.0041103
-0.00408975
-0.0040693
-0.00404896
-0.00402872
-0.00400858
-0.00398854
-0.0039686
-0.00394876
-0.00392902
-0.00390938
-0.00388983
-0.00387039
-0.00385104
-0.00383179
-0.00381263
-0.00379357
-0.00377461
-0.00375574
-0.00373696
-0.00371828
-0.00369969
-0.0036812
-0.00366279
-0.00364448
-0.00362626
-0.00360814
-0.0035901
-0.00357215
-0.00355429
-0.00353653
-0.00351885
-0.00350125
-0.00348375
-0.00346634
-0.00344901
-0.00343177
-0.00341461
-0.00339754
-0.00338056
-0.00336366
-0.00334684
-0.00333011
-0.00331346
-0.0032969
-0.00328042
-0.00326402
-0.0032477
-0.00323147
-0.00321531
-0.00319924
-0.00318325
-0.00316733
-0.0031515
-0.00313574
-0.00312007
-0.00310447
-0.00308895
-0.00307351
-0.00305815
-0.00304286
-0.00302765
-0.00301251
-0.00299745
-0.00298247
-0.00296756
-0.00295273
-0.00293797
-0.00292328
-0.00290867
-0.00289413
-0.00287966
-0.00286526
-0.00285094
-0.00283669
-0.00282251
-0.0028084
-0.00279436
-0.00278039
-0.00276649
-0.00275266
-0.0027389
-0.00272521
-0.00271159
-0.00269803
-0.00268455
-0.00267113
-0.00265778
-0.00264449
-0.00263127
-0.00261812
-0.00260503
-0.00259201
-0.00257905
-0.00256616
-0.00255333
-0.00254057
-0.00252787
-0.00251523
-0.00250266
-0.00249015
-0.0024777
-0.00246531
-0.00245299
-0.00244073
-0.00242853
-0.00241639
-0.00240431
-0.00239229
-0.00238033
-0.00236844
-0.0023566
-0.00234482
-0.0023331
-0.00232143
-0.00230983
-0.00229828
-0.00228679
-0.00227536
-0.00226399
-0.00225267
-0.00224141
-0.00223021
-0.00221906
-0.00220797
-0.00219693
-0.00218595
-0.00217502
-0.00216415
-0.00215333
-0.00214257
-0.00213186
-0.0021212
-0.0021106
-0.00210005
-0.00208955
-0.00207911
-0.00206872
-0.00205838
-0.00204809
-0.00203785
-0.00202766
-0.00201753
-0.00200744
-0.00199741
-0.00198743
-0.00197749
-0.00196761
-0.00195777
-0.00194799
-0.00193825
-0.00192856
-0.00191892
-0.00190933
-0.00189979
-0.00189029
-0.00188084
-0.00187144
-0.00186209
-0.00185278
-0.00184352
-0.0018343
-0.00182513
-0.00181601
-0.00180693
-0.0017979
-0.00178892
-0.00177997
-0.00177108
-0.00176223
-0.00175342
-0.00174465
-0.00173593
-0.00172726
-0.00171862
-0.00171003
-0.00170149
-0.00169298
-0.00168452
-0.0016761
-0.00166772
-0.00165939
-0.00165109
-0.00164284
-0.00163463
-0.00162646
-0.00161833
-0.00161024
-0.00160219
-0.00159418
-0.00158622
-0.00157829
-0.0015704
-0.00156255
-0.00155474
-0.00154697
-0.00153924
-0.00153154
-0.00152389
-0.00151627
-0.00150869
-0.00150115
-0.00149365
-0.00148618
-0.00147876
-0.00147137
-0.00146401
-0.00145669
-0.00144941
-0.00144217
-0.00143496
-0.00142779
-0.00142065
-0.00141355
-0.00140649
-0.00139946
-0.00139246
-0.0013855
-0.00137858
-0.00137169
-0.00136483
-0.00135801
-0.00135122
-0.00134447
-0.00133775
-0.00133107
-0.00132441
-0.00131779
-0.00131121
-0.00130465
-0.00129813
-0.00129165
-0.00128519
-0.00127877
-0.00127238
-0.00126602
-0.00125969
-0.00125339
-0.00124713
-0.0012409
-0.00123469
-0.00122852
-0.00122238
-0.00121627
-0.0012102
-0.00120415
-0.00119813
-0.00119214
-0.00118618
-0.00118025
-0.00117436
-0.00116849
-0.00116265
-0.00115684
-0.00115105
-0.0011453
-0.00113958
-0.00113388
-0.00112822
-0.00112258
-0.00111697
-0.00111139
-0.00110583
-0.0011003
-0.00109481
-0.00108933
-0.00108389
-0.00107847
-0.00107308
-0.00106772
-0.00106238
-0.00105708
-0.00105179
-0.00104654
-0.00104131
-0.0010361
-0.00103092
-0.00102577
-0.00102065
-0.00101554
-0.00101047
-0.00100542
-0.00100039
-0.000995396
-0.000990421
-0.000985471
-0.000980547
-0.000975646
-0.000970771
-0.000965919
-0.000961092
-0.000956289
-0.00095151
-0.000946755
-0.000942024
-0.000937316
-0.000932632
-0.000927971
-0.000923334
-0.000918719
-0.000914128
-0.00090956
-0.000905015
-0.000900492
-0.000895992
-0.000891514
-0.000887059
-0.000882626
-0.000878216
-0.000873827
-0.00086946
-0.000865115
-0.000860792
-0.00085649
-0.00085221
-0.000847952
-0.000843714
-0.000839498
-0.000835303
-0.000831129
-0.000826975
-0.000822843
-0.000818731
-0.00081464
-0.000810569
-0.000806518
-0.000802488
-0.000798478
-0.000794488
-0.000790517
-0.000786567
-0.000782637
-0.000778726
-0.000774834
-0.000770962
-0.00076711
-0.000763277
-0.000759462
-0.000755667
-0.000751891
-0.000748134
-0.000744396
-0.000740676
-0.000736975
-0.000733292
-0.000729628
-0.000725982
-0.000722354
-0.000718745
-0.000715153
-0.000711579
-0.000708024
-0.000704486
-0.000700965
-0.000697463
-0.000693978
-0.00069051
-0.00068706
-0.000683626
-0.00068021
-0.000676811
-0.00067343
-0.000670065
-0.000666716
-0.000663385
-0.00066007
-0.000656772
-0.00065349
-0.000650225
-0.000646976
-0.000643743
-0.000640527
-0.000637326
-0.000634141
-0.000630973
-0.00062782
-0.000624683
-0.000621561
-0.000618456
-0.000615365
-0.000612291
-0.000609231
-0.000606187
-0.000603158
-0.000600144
-0.000597146
-0.000594162
-0.000591193
-0.000588239
-0.0005853
-0.000582375
-0.000579465
-0.00057657
-0.000573689
-0.000570823
-0.000567971
-0.000565133
-0.000562309
-0.000559499
-0.000556704
-0.000553922
-0.000551155
-0.000548401
-0.000545661
-0.000542934
-0.000540221
-0.000537522
-0.000534836
-0.000532164
-0.000529505
-0.00052686
-0.000524227
-0.000521608
-0.000519002
-0.000516409
-0.000513828
-0.000511261
-0.000508707
-0.000506165
-0.000503636
-0.00050112
-0.000498616
-0.000496125
-0.000493646
-0.000491179
-0.000488725
-0.000486284
-0.000483854
-0.000481436
-0.000479031
-0.000476638
-0.000474256
-0.000471887
-0.000469529
-0.000467183
-0.000464849
-0.000462527
-0.000460216
-0.000457916
-0.000455629
-0.000453352
-0.000451087
-0.000448833
-0.000446591
-0.00044436
-0.00044214
-0.000439931
-0.000437733
-0.000435546
-0.00043337
-0.000431205
-0.00042905
-0.000426907
-0.000424774
-0.000422652
-0.00042054
-0.000418439
-0.000416348
-0.000414268
-0.000412199
-0.000410139
-0.00040809
-0.000406051
-0.000404023
-0.000402004
-0.000399996
-0.000397997
-0.000396009
-0.000394031
-0.000392062
-0.000390104
-0.000388155
-0.000386216
-0.000384286
-0.000382366
-0.000380456
-0.000378555
-0.000376664
-0.000374782
-0.00037291
-0.000371047
-0.000369193
-0.000367348
-0.000365513
-0.000363687
-0.00036187
-0.000360063
-0.000358264
-0.000356474
-0.000354693
-0.000352921
-0.000351158
-0.000349404
-0.000347658
-0.000345921
-0.000344193
-0.000342474
-0.000340763
-0.00033906
-0.000337366
-0.000335681
-0.000334004
-0.000332336
-0.000330675
-0.000329023
-0.00032738
-0.000325744
-0.000324117
-0.000322498
-0.000320886
-0.000319283
-0.000317688
-0.000316101
-0.000314522
-0.000312951
-0.000311387
-0.000309832
-0.000308284
-0.000306744
-0.000305212
-0.000303687
-0.00030217
-0.00030066
-0.000299158
-0.000297664
-0.000296177
-0.000294697
-0.000293225
-0.00029176
-0.000290303
-0.000288852
-0.000287409
-0.000285974
-0.000284545
-0.000283123
-0.000281709
-0.000280302
-0.000278902
-0.000277508
-0.000276122
-0.000274743
-0.00027337
-0.000272005
-0.000270646
-0.000269294
-0.000267948
-0.00026661
-0.000265278
-0.000263953
-0.000262634
-0.000261322
-0.000260017
-0.000258718
-0.000257426
-0.00025614
-0.00025486
-0.000253587
-0.00025232
-0.00025106
-0.000249806
-0.000248558
-0.000247316
-0.000246081
-0.000244851
-0.000243628
-0.000242411
-0.0002412
-0.000239995
-0.000238797
-0.000237604
-0.000236418
-0.000235238
-0.000234063
-0.000232894
-0.000231732
-0.000230575
-0.000229423
-0.000228278
-0.000227138
-0.000226004
-0.000224876
-0.000223753
-0.000222636
-0.000221524
-0.000220418
-0.000219318
-0.000218223
-0.000217133
-0.000216049
-0.00021497
-0.000213897
-0.000212829
-0.000211767
-0.000210709
-0.000209657
-0.000208611
-0.000207569
-0.000206533
-0.000205502
-0.000204476
-0.000203455
-0.000202439
-0.000201429
-0.000200423
-0.000199422
-0.000198427
-0.000197436
-0.000196451
-0.00019547
-0.000194494
-0.000193523
-0.000192557
-0.000191596
-0.000190639
-0.000189688
-0.000188741
-0.0001878
-0.000186863
-0.00018593
-0.000185001
-0.000184077
-0.000183157
-0.000182243
-0.000181334
-0.000180428
-0.000179528
-0.000178632
-0.00017774
-0.000176853
-0.00017597
-0.000175091
-0.000174217
-0.000173347
-0.000172482
-0.000171621
-0.000170764
-0.000169912
-0.000169064
-0.00016822
-0.00016738
-0.000166545
-0.000165714
-0.000164886
-0.000164063
-0.000163245
-0.00016243
-0.000161619
-0.000160812
-0.00016001
-0.000159211
-0.000158416
-0.000157625
-0.000156839
-0.000156056
-0.000155277
-0.000154502
-0.000153731
-0.000152963
-0.0001522
-0.00015144
-0.000150684
-0.000149932
-0.000149184
-0.000148439
-0.000147698
-0.000146961
-0.000146228
-0.000145498
-0.000144772
-0.000144049
-0.00014333
-0.000142615
-0.000141903
-0.000141195
-0.00014049
-0.000139789
-0.000139091
-0.000138397
-0.000137706
-0.000137019
-0.000136335
-0.000135655
-0.000134977
-0.000134304
-0.000133634
-0.000132967
-0.000132303
-0.000131643
-0.000130986
-0.000130332
-0.000129682
-0.000129034
-0.00012839
-0.00012775
-0.000127112
-0.000126478
-0.000125846
-0.000125218
-0.000124593
-0.000123972
-0.000123353
-0.000122737
-0.000122125
-0.000121515
-0.000120909
-0.000120306
-0.000119705
-0.000119108
-0.000118513
-0.000117922
-0.000117334
-0.000116748
-0.000116165
-0.000115586
-0.000115009
-0.000114435
-0.000113864
-0.000113296
-0.00011273
-0.000112168
-0.000111608
-0.000111051
-0.000110497
-0.000109946
-0.000109397
-0.000108851
-0.000108308
-0.000107767
-0.00010723
-0.000106695
-0.000106162
-0.000105632
-0.000105105
-0.000104581
-0.000104059
-0.00010354
-0.000103023
-0.000102509
-0.000101998
-0.000101489
-0.000100982
-0.000100478
-9.9977e-05
-9.94781e-05
-9.89817e-05
-9.84878e-05
-9.79964e-05
-9.75074e-05
-9.70209e-05
-9.65368e-05
-9.60551e-05
-9.55758e-05
-9.50989e-05
-9.46244e-05
-9.41523e-05
-9.36825e-05
-9.32151e-05
-9.275e-05
-9.22872e-05
-9.18267e-05
-9.13685e-05
-9.09127e-05
-9.0459e-05
-9.00077e-05
-8.95586e-05
-8.91118e-05
-8.86671e-05
-8.82247e-05
-8.77845e-05
-8.73466e-05
-8.69107e-05
-8.64771e-05
-8.60456e-05
-8.56163e-05
-8.51892e-05
-8.47641e-05
-8.43412e-05
-8.39204e-05
-8.35017e-05
-8.30851e-05
-8.26705e-05
-8.22581e-05
-8.18477e-05
-8.14393e-05
-8.1033e-05
-8.06287e-05
-8.02264e-05
-7.98262e-05
-7.94279e-05
-7.90316e-05
-7.86373e-05
-7.8245e-05
-7.78546e-05
-7.74662e-05
-7.70797e-05
-7.66951e-05
-7.63125e-05
-7.59328e-05
-7.55539e-05
-7.51768e-05
-7.48016e-05
-7.44283e-05
-7.40569e-05
-7.36873e-05
-7.33196e-05
-7.29538e-05
-7.25898e-05
-7.22276e-05
-7.18673e-05
-7.15087e-05
-7.11518e-05
-7.07968e-05
-7.04435e-05
-7.00921e-05
-6.97424e-05
-6.93944e-05
-6.90482e-05
-6.87037e-05
-6.83609e-05
-6.80198e-05
-6.76804e-05
-6.73427e-05
-6.70067e-05
-6.66724e-05
-6.63398e-05
-6.60089e-05
-6.56796e-05
-6.53519e-05
-6.50259e-05
-6.47015e-05
-6.43787e-05
-6.40576e-05
-6.3738e-05
-6.34201e-05
-6.31037e-05
-6.27889e-05
-6.24756e-05
-6.2164e-05
-6.18538e-05
-6.15453e-05
-6.12382e-05
-6.09327e-05
-6.06287e-05
-6.03263e-05
-6.00253e-05
-5.97258e-05
-5.94279e-05
-5.91314e-05
-5.88364e-05
-5.85429e-05
-5.82508e-05
-5.79602e-05
-5.76711e-05
-5.73834e-05
-5.70971e-05
-5.68123e-05
-5.65289e-05
-5.62469e-05
-5.59663e-05
-5.56871e-05
-5.54092e-05
-5.51328e-05
-5.48578e-05
-5.45841e-05
-5.43118e-05
-5.40409e-05
-5.37713e-05
-5.3503e-05
-5.32361e-05
-5.29705e-05
-5.27062e-05
-5.24433e-05
-5.21817e-05
-5.19214e-05
-5.16623e-05
-5.14046e-05
-5.11482e-05
-5.0893e-05
-5.06391e-05
-5.03865e-05
-5.01351e-05
-4.9885e-05
-4.96361e-05
-4.93885e-05
-4.91421e-05
-4.88969e-05
-4.8653e-05
-4.84102e-05
-4.81687e-05
-4.79284e-05
-4.76893e-05
-4.74514e-05
-4.72147e-05
-4.69791e-05
-4.67447e-05
-4.65115e-05
-4.62795e-05
-4.60486e-05
-4.58188e-05
-4.55902e-05
-4.53628e-05
-4.51365e-05
-4.49113e-05
-4.46872e-05
-4.44643e-05
-4.42424e-05
-4.40217e-05
-4.3802e-05
-4.35835e-05
-4.33661e-05
-4.31497e-05
-4.29344e-05
-4.27202e-05
-4.25071e-05
-4.2295e-05
-4.2084e-05
-4.1874e-05
-4.16651e-05
-4.14572e-05
-4.12503e-05
-4.10445e-05
-4.08397e-05
-4.0636e-05
-4.04348e-05
-4.02327e-05
-4.00317e-05
-3.98317e-05
-3.96329e-05
-3.9435e-05
-3.92382e-05
-3.90424e-05
-3.88476e-05
-3.86538e-05
-3.84609e-05
-3.82689e-05
-3.80779e-05
-3.78879e-05
-3.76988e-05
-3.75106e-05
-3.73234e-05
-3.71371e-05
-3.69518e-05
-3.67674e-05
-3.65839e-05
-3.64013e-05
-3.62197e-05
-3.60389e-05
-3.5859e-05
-3.56801e-05
-3.5502e-05
-3.53248e-05
-3.51485e-05
-3.49731e-05
-3.47986e-05
-3.4625e-05
-3.44522e-05
-3.42802e-05
-3.41092e-05
-3.3939e-05
-3.37696e-05
-3.36011e-05
-3.34334e-05
-3.32666e-05
-3.31006e-05
-3.29354e-05
-3.2771e-05
-3.26075e-05
-3.24448e-05
-3.22829e-05
-3.21218e-05
-3.19615e-05
-3.1802e-05
-3.16433e-05
-3.14853e-05
-3.13282e-05
-3.11719e-05
-3.10163e-05
-3.08615e-05
-3.07075e-05
-3.05542e-05
-3.04017e-05
-3.025e-05
-3.0099e-05
-2.99488e-05
-2.97994e-05
-2.96506e-05
-2.95026e-05
-2.93554e-05
-2.92089e-05
-2.90631e-05
-2.8918e-05
-2.87737e-05
-2.86301e-05
-2.84872e-05
-2.8345e-05
-2.82035e-05
-2.80627e-05
-2.79226e-05
-2.77833e-05
-2.76446e-05
-2.75066e-05
-2.73693e-05
-2.72326e-05
-2.70967e-05
-2.69614e-05
-2.68268e-05
-2.66929e-05
-2.65597e-05
-2.64271e-05
-2.62951e-05
-2.61638e-05
-2.60332e-05
-2.59033e-05
-2.57739e-05
-2.56453e-05
-2.55172e-05
-2.53898e-05
-2.5263e-05
-2.51369e-05
-2.50114e-05
-2.48865e-05
-2.47623e-05
-2.46386e-05
-2.45156e-05
-2.43932e-05
-2.42714e-05
-2.41502e-05
-2.40296e-05
-2.39096e-05
-2.37902e-05
-2.36714e-05
-2.35532e-05
-2.34356e-05
-2.33185e-05
-2.32021e-05
-2.30862e-05
-2.29709e-05
-2.28562e-05
-2.27421e-05
-2.26285e-05
-2.25155e-05
-2.2403e-05
-2.22911e-05
-2.21798e-05
-2.2069e-05
-2.19606e-05
-2.1851e-05
-2.17414e-05
-2.16323e-05
-2.15238e-05
-2.14161e-05
-2.13091e-05
-2.12027e-05
-2.10968e-05
-2.09915e-05
-2.08866e-05
-2.07823e-05
-2.06785e-05
-2.05751e-05
-2.04724e-05
-2.03702e-05
-2.02684e-05
-2.01672e-05
-2.00665e-05
-1.99662e-05
-1.98665e-05
-1.97672e-05
-1.96684e-05
-1.95701e-05
-1.94723e-05
-1.9375e-05
-1.92781e-05
-1.91818e-05
-1.9086e-05
-1.89906e-05
-1.88957e-05
-1.88013e-05
-1.87074e-05
-1.86139e-05
-1.85209e-05
-1.84283e-05
-1.83362e-05
-1.82445e-05
-1.81533e-05
-1.80625e-05
-1.79722e-05
-1.78824e-05
-1.7793e-05
-1.7704e-05
-1.76155e-05
-1.75274e-05
-1.74398e-05
-1.73526e-05
-1.72658e-05
-1.71795e-05
-1.70936e-05
-1.70082e-05
-1.69231e-05
-1.68385e-05
-1.67544e-05
-1.66706e-05
-1.65872e-05
-1.65043e-05
-1.64218e-05
-1.63397e-05
-1.6258e-05
-1.61767e-05
-1.60958e-05
-1.60153e-05
-1.59352e-05
-1.58555e-05
-1.57762e-05
-1.56973e-05
-1.56188e-05
-1.55407e-05
-1.54629e-05
-1.53856e-05
-1.53086e-05
-1.5232e-05
-1.51558e-05
-1.508e-05
-1.50046e-05
-1.49295e-05
-1.48548e-05
-1.47805e-05
-1.47066e-05
-1.4633e-05
-1.45598e-05
-1.44869e-05
-1.44144e-05
-1.43423e-05
-1.42706e-05
-1.41991e-05
-1.41281e-05
-1.40574e-05
-1.3987e-05
-1.3917e-05
-1.38474e-05
-1.37781e-05
-1.37091e-05
-1.36405e-05
-1.35723e-05
-1.35043e-05
-1.34367e-05
-1.33695e-05
-1.33026e-05
-1.3236e-05
-1.31697e-05
-1.31038e-05
-1.30382e-05
-1.29729e-05
-1.2908e-05
-1.28433e-05
-1.2779e-05
-1.2715e-05
-1.26514e-05
-1.2588e-05
-1.2525e-05
-1.24623e-05
-1.23999e-05
-1.23378e-05
-1.2276e-05
-1.22145e-05
-1.21533e-05
-1.20925e-05
-1.20319e-05
-1.19716e-05
-1.19117e-05
-1.1852e-05
-1.17926e-05
-1.17336e-05
-1.16748e-05
-1.16163e-05
-1.15581e-05
-1.15002e-05
-1.14426e-05
-1.13853e-05
-1.13282e-05
-1.12714e-05
-1.1215e-05
-1.11588e-05
-1.11028e-05
-1.10472e-05
-1.09918e-05
-1.09368e-05
-1.08819e-05
-1.08274e-05
-1.07731e-05
-1.07191e-05
-1.06654e-05
-1.06119e-05
-1.05587e-05
-1.05058e-05
-1.04531e-05
-1.04007e-05
-1.03486e-05
-1.02967e-05
-1.0245e-05
-1.01937e-05
-1.01426e-05
-1.00917e-05
-1.00411e-05
-9.99072e-06
