282.002
83.7194
69.0968
53.9954
14.7667
38.4343
1.27079
4.9262
12.7032
13.3191
9.64102
50.411
5.79906
7.22448
8.04166
8.4483
47.1444
3.7306
5.62062
5.82085
4.87658
5.16075
5.70834
5.17126
36.5571
0.986074
0.970268
4.83652
2.41777
2.99212
3.99763
3.05055
2.53038
2.5293
2.64815
2.88145
2.99424
2.88425
2.70544
2.60015
2.49312
2.43463
2.30382
2.25298
28.0635
0.969606
0.972649
0.974833
0.970367
0.975051
0.975684
3.29425
1.61415
1.45744
1.38103
1.32031
1.43659
1.43369
1.4933
1.66934
1.73145
1.74459
1.73001
1.66827
1.5485
1.43882
1.49499
1.3754
1.38482
1.39545
1.38792
1.38106
1.37556
1.32115
1.38251
1.4488
1.37902
1.37782
1.44076
1.4412
1.38057
1.44318
1.44125
1.38389
1.44278
1.38364
1.39637
1.33608
1.36969
1.31262
1.31203
1.26063
1.31449
1.27583
1.2564
1.27908
1.25269
1.2004
1.2033
1.25781
1.1447
1.19919
1.20804
1.14524
1.15072
1.15135
1.14711
1.14436
1.085
1.14794
1.0839
1.09193
1.09583
1.08195
1.08292
1.02325
1.08429
1.03683
1.02674
1.01862
1.03275
1.02751
1.02491
0.969298
1.03541
0.962289
1.02557
0.967893
0.987289
0.978718
0.969584
0.972999
0.965504
0.967996
0.975754
0.96162
0.964678
0.973515
0.965765
0.963539
0.971508
0.987944
0.977874
0.966141
0.972692
0.976989
0.971118
0.969915
0.97383
0.971035
0.97452
0.962283
0.980275
0.995563
0.986475
0.971518
0.965659
0.967214
0.965948
0.972846
0.975342
0.964358
0.968363
0.963656
0.964991
0.965864
0.959034
0.970789
0.964525
0.957879
20.8447
1.51029
1.02723
0.95707
0.95945
0.980221
0.971039
0.962987
0.960964
0.962132
0.965921
0.964758
0.978804
0.961711
0.962227
0.959991
0.959121
0.954777
0.970592
0.976568
0.961128
0.956104
0.958618
0.965412
0.962489
0.957579
0.964317
0.95716
0.974354
0.973102
0.964867
0.970331
0.963469
0.969892
0.957128
0.966703
0.965921
0.99197
0.96615
0.963099
0.969811
0.960387
0.958854
0.960208
0.962657
0.95887
0.969006
0.960662
0.964051
0.975642
0.966493
0.962674
0.957633
0.961944
0.958439
0.962622
0.954333
0.952718
0.952147
0.963051
0.955136
0.967528
0.973172
0.96245
0.952428
0.959468
0.964047
0.962483
0.948478
0.969691
0.951373
0.953931
0.947354
0.960298
0.971693
0.959841
0.960792
0.957141
0.963343
0.953654
0.963948
0.955935
0.956148
0.955423
0.958886
0.957839
0.960419
0.982422
0.955369
0.890515
0.8953
0.897307
0.915837
0.892425
0.904025
0.897681
0.902108
0.909325
0.905235
0.90118
0.911797
0.900373
0.907645
0.89445
0.908445
0.898645
0.909997
0.899967
0.896655
0.902396
0.890951
0.893143
0.906529
0.906035
0.910336
0.902637
0.895079
0.8947
0.896135
0.891611
0.89086
0.903158
0.899482
0.886634
0.893239
0.894032
0.89259
0.890212
0.896356
0.898122
0.891245
0.896134
0.894172
0.89923
0.895766
0.890432
0.898226
0.892167
0.896941
0.90277
0.91088
0.905798
0.898482
0.898655
0.897814
0.886506
0.886331
0.894524
0.894034
0.904461
0.894164
0.902991
0.89267
0.894689
0.909631
0.897856
0.894092
0.89123
0.890814
0.89153
0.888693
0.897283
0.889816
0.88778
0.887059
0.890839
0.900071
0.934196
0.901429
0.890224
0.90366
0.909722
0.898746
0.89803
0.89212
0.899328
0.893666
0.900805
0.887448
0.901121
0.908308
0.894474
0.892597
0.906689
0.891991
0.892717
0.888788
0.890082
0.894119
0.887577
0.878128
0.886695
0.889874
0.885781
0.919111
0.888641
0.883536
0.888413
0.894633
0.888769
0.898639
0.902619
0.884591
0.884078
0.884547
0.888441
0.885322
0.889935
0.908446
0.887874
0.892709
0.884246
0.892138
0.893146
0.891378
0.884451
0.885252
0.887363
0.888109
0.889733
0.886383
0.899952
0.884006
0.883353
0.885549
0.884682
0.88297
0.884322
0.885372
0.889752
0.884469
0.897335
0.898385
0.891296
0.896458
0.882209
0.887616
0.892383
0.888045
0.888653
0.902516
0.887733
0.885439
0.885596
0.896767
0.888325
0.897934
0.888927
0.912809
0.912277
0.887882
0.892001
0.886365
0.887252
0.881966
0.882624
0.888124
0.883986
0.884081
0.887849
0.879748
0.885931
0.893815
0.885516
0.880619
0.891139
0.884239
0.885124
0.880207
0.893442
0.901668
0.884862
0.889085
0.882234
0.875854
0.892076
0.895592
0.903878
0.902997
0.903905
0.903545
0.901932
0.905119
0.903854
0.902546
0.903846
0.905123
0.902587
0.904232
0.903591
0.90281
0.90469
0.903145
0.893756
0.882883
0.888936
0.879355
0.8769
0.88095
0.87989
0.876126
0.879112
0.888906
0.883479
0.877504
0.888669
0.898717
0.877816
0.884862
0.876793
0.879487
0.889981
0.883217
0.892362
0.880333
0.88353
0.887275
0.880841
0.883177
0.882685
0.877497
0.880624
0.880121
0.911922
0.876121
0.872947
0.880116
0.889531
0.876652
0.877767
0.872327
0.889696
0.882901
0.873671
0.879704
0.87335
0.884717
0.878849
0.883385
0.881444
0.887513
0.871972
0.876527
0.871907
0.871576
0.868651
0.886545
0.888012
0.887644
0.878673
0.880334
0.876721
0.877047
0.876472
0.893211
0.879721
0.87998
0.888372
0.931296
0.900603
0.90402
0.897278
0.898409
0.883036
0.890588
0.901983
0.899308
0.888889
0.90039
0.882918
0.886244
0.876508
0.889721
0.885737
0.902318
0.880808
0.878047
0.905776
0.883961
0.881007
0.885793
0.887679
0.892724
0.885072
0.883029
0.873495
0.884144
0.885653
0.879346
0.878229
0.8752
0.88683
0.90712
0.893347
0.891714
0.876784
0.883677
0.885736
0.88562
0.906559
0.886003
0.881131
0.875191
0.886744
0.873574
0.886411
0.895139
0.881506
0.879445
0.879336
0.881603
0.880255
0.875705
0.876941
0.878937
0.874096
0.869474
0.871686
0.879457
0.872659
0.875768
0.87893
0.872486
0.869543
0.887286
0.872094
0.883336
0.890338
0.886994
0.873834
0.878764
0.87231
0.8755
0.897373
0.881827
0.882448
0.8735
0.871998
0.881957
0.870169
0.87381
0.895878
0.869759
0.879078
0.879921
0.868589
0.872562
0.870834
0.879923
0.874347
0.889671
0.873209
0.88113
0.871084
0.874542
0.892
0.880311
0.87519
0.875241
0.878184
0.87436
0.885776
0.879329
0.877953
0.873728
0.872878
0.873516
0.868705
0.877681
0.883251
0.8688
0.867082
0.867914
0.871356
0.872867
0.869279
0.857868
0.870309
0.863388
0.870784
0.878093
0.865241
0.883433
0.890109
0.872629
0.876341
0.869714
0.874607
0.873493
0.874317
0.872709
0.866926
0.866344
0.870652
0.86523
0.881305
0.88725
0.880044
0.871111
0.878194
0.871694
0.871837
0.869011
0.87697
0.868695
0.869528
0.874986
0.864415
0.868013
0.870441
0.882219
0.866095
0.872792
0.871899
0.867598
0.871193
0.866941
0.864881
0.866859
0.865882
0.864492
0.869496
0.876175
0.887655
0.876731
0.874096
0.875071
0.871851
0.881246
0.887131
0.877751
0.871513
0.878776
0.870697
0.871074
0.867143
0.866633
0.870304
0.868036
0.874313
0.874796
0.885514
0.874163
0.87706
0.866055
0.883158
0.871449
0.867573
0.867313
0.869742
0.875887
0.86874
0.884511
0.869078
0.877248
0.871924
0.871067
0.866135
0.880336
0.877871
0.86879
0.869233
0.860481
0.876443
0.876393
0.866666
0.874469
0.870084
0.868803
0.869816
0.870218
0.868976
0.871872
0.872069
0.866008
0.872934
0.869727
0.861936
0.860032
0.861972
0.862878
0.878497
0.870413
0.865604
0.866516
0.866513
0.863847
0.874982
0.873649
0.864398
0.861007
0.872634
0.865675
0.892884
0.87865
0.864258
0.861108
0.865961
0.86079
0.871991
0.867515
0.863693
0.858829
0.870844
0.865913
0.861519
0.8624
0.861656
0.860943
0.868016
0.879298
0.884636
0.877365
0.861065
0.860307
0.860216
0.860095
0.862015
0.862511
0.862012
0.87263
0.86607
0.870438
0.862212
0.865306
0.861974
0.864677
0.866869
0.885067
0.864954
0.881135
0.868
0.857966
0.869848
0.857205
0.857962
0.861677
0.860096
0.865368
0.857901
0.857681
0.857134
0.86733
0.853661
0.855675
0.873239
0.860533
0.858407
0.874858
0.871641
0.854843
0.859746
0.86028
0.860838
0.863694
0.865571
0.862232
0.855693
0.856314
0.855416
0.854784
0.862627
0.861252
0.885289
0.869618
0.862786
0.860444
0.859849
0.862414
0.851428
0.863039
0.856542
0.857717
0.858063
0.857841
0.863449
0.859764
0.862442
0.859031
0.865442
0.874425
0.863295
0.858738
0.853305
0.867518
0.868057
0.869908
0.86228
0.851398
0.859983
0.859102
0.852464
0.86217
0.859788
0.873723
0.868491
0.85811
0.86029
0.88133
0.856028
0.851283
0.857056
0.859899
0.8586
0.861856
0.853243
0.859187
0.859154
0.855043
0.86603
0.857463
0.867377
0.863027
0.859773
0.863015
0.875472
0.859198
0.858402
0.862693
0.859508
0.85845
0.858122
0.858789
0.863468
0.859144
0.851951
0.861069
0.855701
0.850778
0.853779
0.855332
0.850511
0.847462
0.853035
0.850204
0.853842
0.863392
0.85969
0.853475
0.851272
0.846322
0.851409
0.860887
0.853232
0.848036
0.853556
0.865122
0.874903
0.851992
0.853389
0.848339
0.854424
0.85105
0.850679
0.850166
0.859425
0.854475
0.866664
0.851716
0.851067
0.853075
0.885704
0.854807
0.860705
0.849927
0.857373
0.855607
0.860914
0.851059
0.858324
0.857785
0.859091
0.848517
0.852252
0.855914
0.880679
0.848674
0.845097
0.85816
0.845128
0.846954
0.842307
0.850334
0.858524
0.845643
0.860956
0.852588
0.84104
0.847264
0.846933
0.843603
0.847442
0.844918
0.853791
0.859968
0.85531
0.856567
0.844962
0.843836
0.849986
0.851206
0.867433
0.871261
0.882199
0.844506
0.845385
0.861208
0.86733
0.853113
0.851386
0.844791
0.846916
0.84403
0.849158
0.846477
0.852515
0.862257
0.869706
0.856955
0.842174
0.854795
0.844419
0.846611
0.856119
0.84135
0.851068
0.850941
0.851828
0.847593
0.846224
0.847438
0.857412
0.864117
0.844603
0.848124
0.859152
0.842767
0.844925
0.84815
0.84423
0.846749
0.848736
0.848497
0.84382
0.852588
0.871437
0.864726
0.847821
0.848334
0.841721
0.856167
0.843757
0.854872
0.845254
0.853937
0.859169
0.859188
0.851374
0.849461
0.842304
0.84142
0.849872
0.847581
0.857439
0.862631
0.848681
0.857781
0.864049
0.864646
0.860569
0.85842
0.858373
0.845822
0.848104
0.844335
0.849135
0.84804
0.850104
0.856144
0.844632
0.845648
0.867356
0.838221
0.844956
0.846061
0.847646
0.850731
0.851765
0.851512
0.846898
0.838166
0.842151
0.843226
0.84188
0.841005
0.83668
0.846966
0.85955
0.858402
0.857985
0.84202
0.840923
0.841763
0.838726
0.842489
0.839243
0.839982
0.846652
0.841775
0.849286
0.843225
0.854938
0.861394
0.84361
0.841002
0.839902
0.845083
0.857002
0.83958
0.838092
0.844465
0.858166
0.839815
0.843955
0.843547
0.8492
0.842091
0.845133
0.843991
0.845658
0.846644
0.8608
0.838446
0.834515
0.839896
0.838942
0.835958
0.838251
0.832158
0.840448
0.835328
0.833284
0.834015
0.834061
0.839863
0.857216
0.834202
0.835023
0.832254
0.837929
0.829057
0.851113
0.854516
0.842294
0.832496
0.836336
0.832608
0.834325
0.838944
0.85159
0.849917
0.841761
0.838153
0.844219
0.84406
0.834249
0.836731
0.83604
0.837278
0.834684
0.839293
0.838492
0.832529
0.845159
0.841412
0.847399
0.84585
0.846647
0.857505
0.846849
0.848553
0.840301
0.835212
0.842067
0.837903
0.843297
0.833825
0.834677
0.838576
0.842611
0.836643
0.841468
0.865749
0.840794
0.843655
0.833153
0.836511
0.833474
0.838901
0.837468
0.833935
0.831998
0.833538
0.838706
0.853613
0.842826
0.828782
0.82848
0.832984
0.850242
0.852879
0.830326
0.830797
0.83207
0.82711
0.831939
0.8364
0.828639
0.830057
0.835188
0.826557
0.838941
0.827422
0.830475
0.829296
0.834755
0.841347
0.84107
0.847954
0.830746
0.839375
0.829355
0.833365
0.832482
0.832372
0.831825
0.836098
0.834147
0.839058
0.827775
0.829654
0.830736
0.834905
0.839641
0.852754
0.842743
0.830169
0.833892
0.834263
0.829683
0.831633
0.832535
0.84833
0.838566
0.82961
0.832317
0.834213
0.834697
0.829064
0.831089
0.844347
0.838905
0.834801
0.830984
0.834795
0.834932
0.82626
0.832146
0.836879
0.833574
0.843848
0.851366
0.834339
0.839824
0.83133
0.849808
0.825946
0.839062
0.828618
0.822648
0.8282
0.831701
0.827607
0.824803
0.825235
0.827156
0.83192
0.82663
0.833036
0.852084
0.827977
0.826883
0.836739
0.821376
0.824435
0.825807
0.823083
0.83743
0.82643
0.828469
0.822549
0.828944
0.828992
0.829125
0.839037
0.824187
0.833222
0.820067
0.825909
0.83574
0.819232
0.822794
0.836287
0.821751
0.836932
0.82638
0.829813
0.826295
0.833751
0.813864
0.815684
0.832957
0.844843
0.820275
0.824663
0.825937
0.827085
0.825512
0.825719
0.82125
0.820156
0.822042
0.818175
0.825881
0.827613
0.817298
0.821094
0.820082
0.817944
0.82193
0.846609
0.818924
0.818551
0.820389
0.817668
0.813229
0.826353
0.826198
0.819552
0.820119
0.81867
0.820458
0.817314
0.818675
0.819736
0.821026
0.83643
0.833079
0.836401
0.83084
0.828469
0.827518
0.825752
0.825053
0.817427
0.818516
0.824654
0.823755
0.827496
0.817874
0.817985
0.822457
0.827269
0.823805
0.813976
0.821513
0.821365
0.838108
0.836013
0.831439
0.826714
0.816094
0.822497
0.81161
0.819453
0.822303
0.814346
0.819893
0.819848
0.819795
0.820891
0.815637
0.811096
0.814319
0.817015
0.834375
0.813383
0.816659
0.828102
0.817884
0.819621
0.826137
0.816645
0.818194
0.817659
0.81637
0.811752
0.81427
0.812048
0.815613
0.811099
0.823901
0.813236
0.827804
0.83284
0.827476
0.826513
0.822688
0.816702
0.817791
0.812113
0.815062
0.81777
0.819525
0.813884
0.818824
0.824605
0.810264
0.818936
0.820482
0.812193
0.812605
0.838932
0.811992
0.816232
0.812451
0.812563
0.811994
0.814494
0.821492
0.812895
0.835779
0.820505
0.81448
0.824959
0.813779
0.82062
0.812275
0.811054
0.811856
0.820058
0.813024
0.816075
0.817076
0.822993
0.81224
0.818769
0.819417
0.813014
0.820627
0.821865
0.815981
0.810688
0.814924
0.827906
0.833416
0.818832
0.809426
0.815585
0.81881
0.827176
0.817826
0.822472
0.820725
0.823401
0.814776
0.822882
0.822639
0.813633
0.816112
0.824161
0.809228
0.817867
0.819211
0.812988
0.814125
0.806839
0.819638
0.816123
0.810424
0.811843
0.820056
0.812006
0.811143
0.833053
0.824983
0.815256
0.812435
0.818669
0.807813
0.817158
0.813291
0.805592
0.821816
0.823002
0.82751
0.814869
0.813183
0.807173
0.808946
0.806053
0.810519
0.814265
0.816545
0.81358
0.818792
0.806124
0.809555
0.815512
0.81005
0.809951
0.820082
0.809594
0.8058
0.829434
0.811295
0.808411
0.807859
0.802047
0.801346
0.806309
0.806996
0.803658
0.802022
0.810872
0.802128
0.808372
0.806594
0.813678
0.832344
0.802277
0.803564
0.801372
0.816081
0.809434
0.808146
0.800354
0.805758
0.80848
0.802816
0.800101
0.804522
0.814474
0.815885
0.829603
0.810318
0.802895
0.81436
0.803162
0.804199
0.804631
0.806606
0.803493
0.805673
0.809513
0.807165
0.80386
0.804276
0.802933
0.805637
0.805916
0.803266
0.810415
0.80148
0.805581
0.813402
0.803635
0.810912
0.819111
0.824393
0.827733
0.815234
0.800653
0.813283
0.829417
0.805376
0.827307
0.821418
0.813952
0.805768
0.804667
0.802817
0.805071
0.808282
0.80192
0.810498
0.801768
0.80636
0.815238
0.824763
0.813741
0.799718
0.8083
0.803724
0.815481
0.80132
0.802783
0.805977
0.811211
0.806389
0.800855
0.809164
0.804858
0.817668
0.813365
0.799278
0.808352
0.806766
0.806581
0.812827
0.810535
0.8107
0.810801
0.80721
0.813067
0.800389
0.805359
0.811069
0.797998
0.818167
0.80838
0.801335
0.81062
0.804117
0.804379
0.803858
0.808787
0.803191
0.804276
0.799388
0.802424
0.803523
0.807667
0.811809
0.820695
0.795735
0.797734
0.80696
0.796949
0.800995
0.82494
0.816139
0.797944
0.800608
0.801303
0.798898
0.796096
0.798569
0.808954
0.818398
0.802433
0.804469
0.799908
0.807969
0.802853
0.804983
0.796058
0.802698
0.791618
0.791455
0.796876
0.798666
0.796087
0.818398
0.81354
0.808178
0.803355
0.801198
0.804097
0.804787
0.804371
0.80316
0.80352
0.796222
0.802504
0.794737
0.806476
0.800934
0.803428
0.801075
0.811235
0.807496
0.802291
0.805267
0.802112
0.795573
0.809871
0.795655
0.795456
0.802151
0.798176
0.79675
0.796701
0.803253
0.816857
0.802961
0.793189
0.794424
0.794829
0.798335
0.79291
0.798886
0.797697
0.794251
0.791551
0.798078
0.799926
0.79146
0.796108
0.814457
0.792089
0.800066
0.799971
0.801397
0.792261
0.802484
0.799402
0.796932
0.805253
0.805781
0.796721
0.793773
0.795564
0.797657
0.822729
0.797589
0.790337
0.811328
0.796632
0.797489
0.788406
0.795677
0.795947
0.794429
0.795141
0.794928
0.788707
0.79747
0.787776
0.799283
0.798769
0.794485
0.797134
0.797716
0.79896
0.796117
0.803892
0.794975
0.797183
0.790385
0.80424
0.797641
0.792771
0.80204
0.80429
0.780725
0.79721
0.784707
0.794716
0.786039
0.812326
0.805997
0.792893
0.788142
0.788255
0.786172
0.784144
0.785683
0.788532
0.813151
0.789436
0.79356
0.786275
0.801062
0.790507
0.789953
0.792629
0.786927
0.786877
0.795387
0.792175
0.796473
0.793981
0.792417
0.806155
0.801601
0.800938
0.793398
0.788803
0.794173
0.78758
0.786284
0.787098
0.797883
0.791101
0.792231
0.788888
0.791827
0.78533
0.783662
0.791019
0.788558
0.796115
0.793307
0.791402
0.795887
0.787602
0.793618
0.790284
0.794502
0.788858
0.787812
0.794989
0.78109
0.80471
0.823189
0.799481
0.786655
0.79384
0.792293
0.7906
0.786666
0.788194
0.783484
0.781635
0.787033
0.781956
0.789913
0.775536
0.785772
0.809377
0.781392
0.778648
0.782455
0.777522
0.780484
0.782174
0.796061
0.794872
0.783439
0.787076
0.777784
0.778566
0.783898
0.788325
0.796343
0.797829
0.787474
0.785098
0.786727
0.786872
0.784924
0.778338
0.78096
0.787421
0.801655
0.798208
0.790299
0.789064
0.788428
0.789376
0.785122
0.79322
0.78746
0.781916
0.781538
0.785408
0.802413
0.78465
0.793211
0.784946
0.784125
0.786355
0.793364
0.788279
0.788628
0.806752
0.784368
0.785597
0.786106
0.791402
0.784194
0.785904
0.781975
0.7934
0.794134
0.792824
0.784639
0.787388
0.775324
0.779024
0.799764
0.785926
0.78519
0.774259
0.778253
0.786215
0.779885
0.773916
0.777923
0.778983
0.783956
0.777266
0.777357
0.785519
0.774119
0.785434
0.79582
0.772703
0.777711
0.77661
0.780825
0.781353
0.774965
0.786664
0.777668
0.792893
0.787622
0.776258
0.787978
0.778452
0.774407
0.775909
0.780709
0.774442
0.77342
0.777797
0.772749
0.775292
0.775472
0.779886
0.776164
0.776852
0.77617
0.786264
0.773208
0.780056
0.778451
0.79813
0.78086
0.776589
0.777475
0.773199
0.767921
0.775236
0.776995
0.780484
0.778694
0.769749
0.773626
0.771512
0.77632
0.784778
0.802162
0.772471
0.766997
0.772975
0.776215
0.771096
0.768966
0.781619
0.773248
0.777263
0.769476
0.771581
0.768283
0.770894
0.778357
0.775806
0.789507
0.771627
0.775868
0.778621
0.772757
0.771945
0.778491
0.770965
0.767268
0.785065
0.783401
0.774601
0.769628
0.778132
0.769915
0.780132
0.769804
0.786102
0.791631
0.787511
0.772059
0.775727
0.774409
0.770017
0.771887
0.77979
0.768469
0.78339
0.780117
0.770486
0.775649
0.78848
0.771956
0.774816
0.768507
0.774085
0.774432
0.776488
0.769181
0.768499
0.768574
0.775706
0.775523
0.773499
0.770985
0.775004
0.795197
0.778255
0.780471
0.776792
0.772639
0.779769
0.779103
0.771926
0.774211
0.776353
0.77848
0.767494
0.769359
0.772362
0.767496
0.7831
0.79087
0.774336
0.772295
0.777966
0.774244
0.778195
0.777631
0.791334
0.789296
0.765968
0.778071
0.773993
0.765328
0.767309
0.779747
0.772334
0.773505
0.775361
0.776655
0.771178
0.792197
0.782516
0.790829
0.779499
0.776021
0.774303
0.775359
0.771863
0.768822
0.763557
0.77555
0.797466
0.768065
0.769879
0.774521
0.758789
0.763633
0.773798
0.772269
0.769404
0.772615
0.766802
0.772909
0.767731
0.76413
0.769435
0.774887
0.78261
0.773159
0.762362
0.783386
0.777439
0.768905
0.772211
0.774625
0.763758
0.766007
0.768866
0.773401
0.765648
0.76947
0.763382
0.7828
0.764497
0.76764
0.770792
0.771723
0.767577
0.775305
