0.773562
0.778393
0.755314
0.748948
0.73784
0.732805
0.72843
0.725762
0.737247
0.748366
0.741665
0.757932
0.735228
0.733077
0.730593
0.729675
0.734062
0.725244
0.731972
0.732821
0.728813
0.722046
0.740422
0.728751
0.745941
0.732418
0.726718
0.728062
0.732538
0.730349
0.740062
0.728503
0.727244
0.725536
0.727446
0.72772
0.725994
0.731104
0.726689
0.735809
0.732516
0.732242
0.726241
0.733349
0.73803
0.724588
0.727722
0.730298
0.723918
0.729338
0.730707
0.729478
0.730539
0.72821
0.730382
0.727469
0.725383
0.723787
0.724676
0.727241
0.730146
0.724637
0.729356
0.724901
0.721631
0.726565
0.725584
0.722212
0.732447
0.731704
0.735203
0.728287
0.723314
0.72661
0.728591
0.737596
0.72597
0.725431
0.729016
0.730196
0.728209
0.730488
0.73051
0.730997
0.731714
0.731047
0.731104
0.731063
0.716771
0.717907
0.717175
0.724613
0.719536
0.738436
0.720216
0.724429
0.716196
0.721918
0.724689
0.721212
0.724994
0.720379
0.728047
0.723655
0.730257
0.725622
0.719626
0.723519
0.723002
0.727844
0.721917
0.729776
0.733489
0.718609
0.720908
0.719701
0.720632
0.732177
0.722747
0.714872
0.727413
0.722078
0.719765
0.722583
0.731575
0.716622
0.721104
0.721049
0.728649
0.723043
0.722996
0.727765
0.720366
0.722811
0.730458
0.716458
0.719243
0.728221
0.719255
0.718232
0.725992
0.725347
0.732628
0.721142
0.72707
0.73176
0.725858
0.724615
0.72862
0.725831
0.729303
0.717172
0.734774
0.738151
0.739981
0.726342
0.720331
0.72198
0.720611
0.727455
0.73
0.718916
0.722339
0.718368
0.719943
0.719316
0.713192
0.724786
0.718619
0.712481
0.718544
0.729217
0.723822
0.71161
0.714435
0.734786
0.725028
0.716853
0.715317
0.716407
0.720803
0.718916
0.723111
0.716463
0.716977
0.714808
0.713743
0.709465
0.72498
0.731053
0.715892
0.709357
0.713588
0.718257
0.716582
0.71261
0.718751
0.712025
0.729486
0.727862
0.719173
0.72517
0.71822
0.723873
0.711747
0.719853
0.720988
0.726499
0.719178
0.717556
0.724459
0.715006
0.713664
0.71507
0.717576
0.713791
0.722346
0.715239
0.7175
0.713261
0.721492
0.717013
0.711798
0.715009
0.712044
0.716982
0.709054
0.707444
0.70718
0.717617
0.709664
0.721987
0.717379
0.71618
0.706917
0.713872
0.718849
0.717053
0.703631
0.722779
0.706113
0.707294
0.701638
0.71357
0.724317
0.714495
0.715445
0.710521
0.717762
0.707468
0.718753
0.710674
0.710991
0.710083
0.713351
0.712482
0.714228
0.716697
0.710305
0.703647
0.708499
0.710405
0.729173
0.705538
0.71701
0.710172
0.714793
0.721514
0.718376
0.714468
0.706944
0.713564
0.719506
0.707565
0.720767
0.711422
0.722779
0.712488
0.709368
0.71508
0.703866
0.70643
0.718863
0.718896
0.713518
0.715048
0.707918
0.707016
0.708632
0.704954
0.703803
0.71637
0.712671
0.699749
0.706138
0.706855
0.705213
0.70236
0.709676
0.711221
0.704037
0.708283
0.707116
0.712214
0.708959
0.702647
0.710577
0.705152
0.709935
0.715514
0.714067
0.706153
0.710087
0.711596
0.709696
0.699374
0.699061
0.70745
0.706558
0.715826
0.707412
0.716178
0.705765
0.708112
0.70469
0.709961
0.707202
0.704501
0.704081
0.704067
0.701508
0.710361
0.701867
0.700796
0.700249
0.704043
0.713253
0.733816
0.713361
0.702487
0.716464
0.720514
0.712102
0.71023
0.705256
0.712653
0.706509
0.713755
0.700584
0.714306
0.721234
0.707278
0.705217
0.71927
0.704534
0.705526
0.701572
0.703037
0.70737
0.700753
0.69133
0.699777
0.703102
0.698979
0.711156
0.700411
0.696877
0.70008
0.70766
0.701824
0.710036
0.715739
0.697657
0.695637
0.696095
0.701605
0.698494
0.70322
0.704266
0.699684
0.70569
0.69711
0.705357
0.705749
0.704332
0.697596
0.698095
0.700428
0.700466
0.702557
0.699712
0.701528
0.697072
0.696153
0.69868
0.697581
0.694762
0.697593
0.69818
0.702848
0.697442
0.710473
0.711352
0.70382
0.709481
0.694915
0.700813
0.705223
0.700604
0.701909
0.713618
0.700682
0.698354
0.698717
0.708019
0.70139
0.709723
0.700344
0.712705
0.713662
0.70108
0.703001
0.698467
0.699858
0.694879
0.695276
0.699974
0.697153
0.696821
0.701117
0.692029
0.697272
0.689613
0.69792
0.693551
0.704265
0.697155
0.698305
0.691645
0.706715
0.712739
0.697699
0.700904
0.695564
0.688269
0.704897
0.698753
0.715152
0.716019
0.717109
0.714931
0.715091
0.718304
0.714875
0.715554
0.716945
0.716413
0.715645
0.717423
0.714381
0.716016
0.71781
0.714492
0.706717
0.695942
0.700024
0.692801
0.689963
0.694197
0.693112
0.689294
0.69181
0.701396
0.696524
0.690505
0.701122
0.691907
0.691064
0.697519
0.689907
0.692531
0.703033
0.696232
0.703797
0.693253
0.696585
0.698569
0.693916
0.696503
0.695717
0.690076
0.693588
0.693259
0.705765
0.688826
0.685603
0.691803
0.702054
0.689611
0.69053
0.68461
0.702501
0.696274
0.686741
0.691394
0.686374
0.69634
0.69067
0.696316
0.694264
0.687297
0.684831
0.688953
0.683342
0.684581
0.682076
0.69962
0.699396
0.699674
0.690714
0.692311
0.687646
0.689062
0.687273
0.705242
0.690059
0.692084
0.699944
0.702784
0.702645
0.696276
0.692368
0.698815
0.69426
0.699233
0.694826
0.694217
0.69943
0.701359
0.694968
0.697936
0.68848
0.700402
0.69713
0.694165
0.692168
0.689967
0.700518
0.695721
0.692896
0.696171
0.688914
0.702509
0.696832
0.695144
0.685051
0.696339
0.697355
0.691114
0.689875
0.687244
0.698884
0.699022
0.703907
0.703584
0.688723
0.694726
0.697502
0.696238
0.700957
0.697977
0.693116
0.687309
0.698646
0.685776
0.698297
0.701724
0.685341
0.691795
0.689623
0.693797
0.692271
0.687565
0.688754
0.690651
0.685944
0.681515
0.683972
0.691275
0.684532
0.687942
0.68931
0.684685
0.68185
0.697586
0.683971
0.693888
0.693354
0.684975
0.685687
0.690165
0.684084
0.687443
0.708073
0.693881
0.694364
0.685513
0.684379
0.693895
0.680771
0.686042
0.688713
0.68006
0.691192
0.691078
0.680765
0.684418
0.682857
0.691396
0.685837
0.701899
0.684502
0.693009
0.682937
0.68515
0.691989
0.692327
0.686156
0.686354
0.689939
0.686183
0.696518
0.690617
0.689258
0.685519
0.683463
0.685503
0.68068
0.689792
0.692466
0.681047
0.679241
0.680025
0.683479
0.684349
0.679539
0.670005
0.682541
0.674175
0.682395
0.688223
0.677439
0.691149
0.683472
0.684101
0.688384
0.680163
0.686731
0.684237
0.686203
0.684503
0.678476
0.677993
0.68243
0.677402
0.691005
0.681748
0.691787
0.683034
0.68845
0.682347
0.684126
0.680754
0.688769
0.680689
0.681338
0.687058
0.676416
0.67993
0.682349
0.682793
0.677523
0.685286
0.683765
0.679645
0.682882
0.679201
0.676925
0.67887
0.676527
0.676665
0.681232
0.688299
0.699471
0.688066
0.685741
0.686855
0.683836
0.692843
0.698815
0.6899
0.683647
0.69072
0.680953
0.681739
0.678583
0.678269
0.682027
0.680119
0.685886
0.686821
0.677134
0.685731
0.68886
0.677962
0.694191
0.683074
0.677748
0.679132
0.68144
0.68795
0.680646
0.693834
0.680807
0.689061
0.684177
0.683084
0.678427
0.676272
0.686992
0.680609
0.681327
0.672522
0.688406
0.687136
0.678008
0.686611
0.681915
0.680978
0.682075
0.682147
0.680602
0.68393
0.683574
0.677656
0.68505
0.671476
0.674015
0.672044
0.673784
0.674601
0.690319
0.681957
0.677304
0.678344
0.678625
0.675879
0.685425
0.683442
0.675724
0.672497
0.68418
0.677406
0.702651
0.68926
0.675605
0.671386
0.677484
0.672561
0.68425
0.679502
0.675929
0.670657
0.681367
0.678043
0.673639
0.673387
0.673693
0.673318
0.679845
0.680871
0.684607
0.689155
0.673223
0.67263
0.672149
0.670435
0.673675
0.673049
0.673599
0.684447
0.6763
0.680799
0.673839
0.676899
0.673495
0.676825
0.678796
0.678453
0.674874
0.691574
0.678222
0.669616
0.681821
0.66942
0.669769
0.673311
0.672133
0.677381
0.6698
0.668962
0.669361
0.679305
0.665868
0.667762
0.674885
0.672887
0.669383
0.685232
0.683481
0.666806
0.671778
0.6725
0.672654
0.675413
0.676221
0.674245
0.667639
0.667799
0.667088
0.666287
0.674793
0.673324
0.691535
0.681401
0.67491
0.671694
0.671768
0.674413
0.663391
0.674949
0.668244
0.670025
0.670219
0.669534
0.675094
0.672106
0.674253
0.671161
0.6771
0.665835
0.675316
0.670862
0.665103
0.679175
0.680231
0.681944
0.67419
0.663484
0.671842
0.671177
0.664303
0.674437
0.671369
0.685075
0.680482
0.669988
0.672163
0.676064
0.668048
0.663208
0.668983
0.670935
0.670613
0.672901
0.665478
0.670344
0.669626
0.667257
0.678114
0.669624
0.679404
0.675025
0.671831
0.675012
0.676679
0.669545
0.670444
0.674719
0.671642
0.670175
0.670166
0.671122
0.675825
0.671264
0.663925
0.672455
0.667817
0.661289
0.666112
0.667332
0.662906
0.659593
0.664968
0.662158
0.666088
0.674891
0.671715
0.665486
0.663353
0.658278
0.663554
0.671504
0.663576
0.660367
0.66571
0.676463
0.667246
0.663951
0.665606
0.660469
0.666628
0.663263
0.661215
0.661502
0.671444
0.666702
0.678465
0.663836
0.663237
0.665164
0.679084
0.666404
0.67245
0.661736
0.669507
0.667329
0.67138
0.662637
0.670254
0.669024
0.66956
0.660451
0.663943
0.668275
0.681402
0.660633
0.65728
0.668213
0.655812
0.658994
0.654399
0.661657
0.670967
0.657718
0.673315
0.664563
0.653201
0.657408
0.657173
0.655002
0.659436
0.65673
0.665603
0.671699
0.666036
0.667709
0.656915
0.655471
0.661806
0.663267
0.679544
0.683682
0.673433
0.656522
0.657267
0.673476
0.677399
0.662744
0.663212
0.656641
0.659262
0.654763
0.660814
0.658566
0.66451
0.674529
0.664005
0.665674
0.654071
0.666494
0.656454
0.658472
0.668261
0.652073
0.663225
0.662684
0.663625
0.659721
0.656693
0.658002
0.669372
0.664677
0.65658
0.659887
0.670214
0.654122
0.656934
0.659987
0.655806
0.658731
0.660831
0.660294
0.65556
0.662977
0.682699
0.673731
0.658653
0.659695
0.653869
0.668259
0.656202
0.666996
0.657406
0.665411
0.670768
0.670284
0.66326
0.661268
0.654448
0.653511
0.662115
0.65978
0.658759
0.660638
0.66035
0.669617
0.67584
0.676673
0.672535
0.670451
0.670145
0.657815
0.660173
0.655965
0.661076
0.660019
0.661798
0.668211
0.656379
0.657556
0.661826
0.650357
0.657092
0.657769
0.659899
0.662855
0.663582
0.662245
0.658917
0.650157
0.653702
0.655163
0.653706
0.652695
0.647019
0.658702
0.671392
0.669983
0.660014
0.654263
0.652817
0.653149
0.64934
0.654274
0.651197
0.652082
0.658653
0.653876
0.661455
0.654995
0.666779
0.673343
0.655752
0.652679
0.652005
0.656826
0.666905
0.651551
0.650126
0.656104
0.669861
0.652017
0.656129
0.655786
0.661333
0.654132
0.657331
0.655961
0.657858
0.658747
0.652189
0.650019
0.645167
0.652176
0.65049
0.647565
0.649534
0.643814
0.652585
0.647209
0.645079
0.646035
0.646026
0.652126
0.652064
0.646275
0.646753
0.644287
0.649808
0.641122
0.663144
0.666541
0.654376
0.642719
0.647965
0.64486
0.646283
0.650903
0.663866
0.649302
0.653625
0.64978
0.656171
0.654091
0.645958
0.648586
0.646191
0.648901
0.646608
0.651364
0.650444
0.644612
0.656462
0.652602
0.658974
0.657767
0.65782
0.667169
0.658487
0.659037
0.65178
0.645566
0.653947
0.649321
0.654513
0.64596
0.64664
0.650397
0.654665
0.648294
0.653413
0.656119
0.652936
0.655616
0.645109
0.647729
0.64514
0.651049
0.649441
0.645942
0.644092
0.645498
0.650685
0.665732
0.653435
0.639241
0.640727
0.644917
0.662254
0.647534
0.642432
0.642889
0.644257
0.639209
0.643685
0.648127
0.640674
0.641323
0.645691
0.637108
0.650658
0.637794
0.642453
0.640048
0.645804
0.653251
0.653105
0.648627
0.642498
0.651004
0.640756
0.645076
0.644146
0.644377
0.643796
0.647941
0.645843
0.649122
0.639527
0.639724
0.642974
0.64645
0.650162
0.664819
0.652855
0.640096
0.645944
0.645623
0.641274
0.642898
0.643905
0.660059
0.650054
0.641504
0.643729
0.645402
0.646831
0.63952
0.642572
0.643966
0.639853
0.646205
0.642655
0.64501
0.646872
0.638321
0.644173
0.649045
0.645869
0.655486
0.66192
0.646415
0.651355
0.643324
0.644189
0.636684
0.651295
0.640876
0.633091
0.639925
0.643627
0.638683
0.636902
0.635734
0.639054
0.643703
0.637666
0.644642
0.651956
0.639931
0.638532
0.648173
0.633416
0.635008
0.637772
0.634633
0.648986
0.638512
0.640464
0.63441
0.640751
0.640948
0.641149
0.650071
0.635973
0.643881
0.632003
0.637876
0.647454
0.631211
0.634972
0.648133
0.633794
0.647398
0.636831
0.641798
0.638407
0.645024
0.625915
0.627328
0.645058
0.636346
0.631776
0.636669
0.637231
0.638911
0.635798
0.637819
0.632822
0.632028
0.633292
0.630131
0.636884
0.639493
0.629339
0.632679
0.631857
0.629933
0.632551
0.641385
0.629464
0.63035
0.630663
0.629237
0.624718
0.637908
0.637841
0.631675
0.632131
0.630265
0.630575
0.629036
0.630759
0.631673
0.63293
0.647985
0.642242
0.648293
0.632292
0.638702
0.639408
0.637323
0.635702
0.629532
0.630756
0.636269
0.635784
0.63791
0.629809
0.628844
0.634179
0.638275
0.635546
0.625938
0.632415
0.632731
0.647887
0.648095
0.643261
0.638948
0.627936
0.634408
0.623477
0.631811
0.632532
0.626515
0.631241
0.631491
0.631736
0.632193
0.627398
0.621507
0.62657
0.628385
0.625481
0.625232
0.62899
0.638549
0.628109
0.631417
0.637956
0.628685
0.629964
0.629553
0.627865
0.623811
0.625725
0.623962
0.62677
0.622492
0.635675
0.625332
0.638965
0.627094
0.638859
0.638367
0.633748
0.628235
0.629732
0.623725
0.626851
0.629484
0.631749
0.625892
0.630475
0.636143
0.62234
0.631162
0.632452
0.624119
0.624609
0.638634
0.624045
0.628204
0.624045
0.624345
0.624239
0.626609
0.63343
0.624994
0.645428
0.632544
0.626296
0.63697
0.625732
0.632331
0.623811
0.621513
0.623799
0.629549
0.625255
0.628006
0.629096
0.633975
0.624301
0.629236
0.631001
0.62481
0.632425
0.633856
0.627981
0.622873
0.626859
0.639847
0.623973
0.629533
0.621631
0.627553
0.630256
0.638945
0.629109
0.633388
0.63248
0.635627
0.626167
0.633446
0.633243
0.625245
0.62741
0.618497
0.621193
0.629913
0.63135
0.625219
0.625614
0.617579
0.630159
0.627486
0.622234
0.62264
0.631855
0.623622
0.623244
0.64488
0.626834
0.626437
0.624247
0.629001
0.618883
0.628954
0.624892
0.617914
0.633523
0.635088
0.639415
0.626611
0.625061
0.618806
0.619617
0.617935
0.622215
0.625819
0.626837
0.625687
0.628594
0.617868
0.621892
0.627378
0.62213
0.621702
0.632168
0.62173
0.617619
0.620975
0.621492
0.620676
0.618711
0.614308
0.613316
0.618246
0.618335
0.615366
0.61327
0.622912
0.613777
0.620358
0.618752
0.62527
0.62713
0.612787
0.615407
0.613171
0.626761
0.62129
0.62011
0.612296
0.617335
0.620327
0.614075
0.612204
0.616298
0.626452
0.626245
0.629176
0.622194
0.614661
0.625239
0.615329
0.615616
0.616727
0.617512
0.615186
0.617718
0.621065
0.618815
0.615533
0.616288
0.615057
0.616641
0.616715
0.614516
0.621472
0.611936
0.617301
0.62463
0.615552
0.621553
0.630925
0.636575
0.638389
0.627026
0.612576
0.625349
0.621343
0.617195
0.637854
0.633408
0.624309
0.617634
0.616558
0.614669
0.617237
0.620232
0.612412
0.622429
0.61388
0.617754
0.626718
0.617956
0.625803
0.611498
0.619897
0.615744
0.627181
0.612931
0.614678
0.617577
0.623257
0.618215
0.610796
0.619737
0.615146
0.628693
0.61426
0.611363
0.620714
0.61827
0.618402
0.623411
0.62091
0.621362
0.622716
0.617559
0.624524
0.612408
0.617159
0.622953
0.610048
0.629548
0.62021
0.613271
0.622712
0.615723
0.615895
0.614063
0.621119
0.614883
0.616451
0.611355
0.614574
0.615115
0.618102
0.623844
0.612503
0.60769
0.60963
0.618923
0.608841
0.613139
0.636322
0.628184
0.609895
0.611036
0.613655
0.609371
0.608159
0.610663
0.621082
0.613277
0.614543
0.616409
0.611964
0.620108
0.614852
0.616812
0.608123
0.614748
0.603776
0.603692
0.608602
0.610789
0.607946
0.630514
0.615677
0.619322
0.615463
0.612958
0.616232
0.617011
0.61659
0.615407
0.615635
0.608278
0.614452
0.606926
0.618472
0.612604
0.615392
0.611107
0.62365
0.619466
0.61408
0.617409
0.613977
0.606087
0.621885
0.607391
0.606055
0.613771
0.608663
0.608917
0.608986
0.615422
0.609035
0.615008
0.604988
0.606463
0.606807
0.60975
0.604995
0.60949
0.609733
0.606466
0.602667
0.610098
0.611691
0.603375
0.607798
0.608736
0.604032
0.611845
0.611732
0.61329
0.603795
0.614407
0.611634
0.608896
0.616786
0.617681
0.608723
0.605
0.607221
0.609626
0.62213
0.609414
0.602017
0.622153
0.607192
0.609222
0.600628
0.607293
0.60772
0.604792
0.607026
0.605992
0.60084
0.607788
0.600027
0.610404
0.610332
0.6064
0.608941
0.610044
0.610436
0.608229
0.615733
0.606941
0.609086
0.60095
0.614525
0.60903
0.604743
0.614034
0.596556
0.592656
0.608587
0.596584
0.606825
0.597778
0.622474
0.617873
0.604664
0.598918
0.59997
0.598113
0.596272
0.596983
0.600611
0.607853
0.600839
0.605339
0.597924
0.613018
0.602247
0.60186
0.604523
0.598936
0.598958
0.607582
0.603873
0.608326
0.604596
0.6039
0.61061
0.605291
0.612104
0.6045
0.600427
0.604617
0.599177
0.597784
0.598728
0.609477
0.602873
0.604191
0.600957
0.602159
0.597307
0.595329
0.602873
0.600126
0.607954
0.605178
0.603038
0.607629
0.599494
0.605887
0.602261
0.606621
0.600326
0.599798
0.606733
0.592478
0.617011
0.61386
0.611537
0.598553
0.605757
0.60437
0.602517
0.598583
0.598477
0.595413
0.593474
0.598893
0.59416
0.601311
0.587724
0.597064
0.603137
0.593241
0.590751
0.594718
0.589631
0.592665
0.593939
0.608207
0.605023
0.595169
0.599017
0.589932
0.59086
0.595746
0.600507
0.605096
0.598676
0.597391
0.597122
0.597593
0.598762
0.595447
0.590153
0.592918
0.599397
0.61364
0.61043
0.602353
0.599568
0.600516
0.600991
0.596595
0.605197
0.599189
0.594124
0.593055
0.597363
0.612457
0.596664
0.603347
0.596703
0.596078
0.598526
0.603908
0.598791
0.600802
0.598528
0.596496
0.595897
0.597905
0.603287
0.595934
0.597988
0.593135
0.605025
0.605883
0.604388
0.596189
0.598938
0.586954
0.591327
0.595013
0.595016
0.596129
0.586464
0.589846
0.596691
0.591137
0.585677
0.589691
0.59064
0.595461
0.589235
0.588652
0.597472
0.585564
0.59708
0.59413
0.584536
0.588794
0.588243
0.591981
0.592889
0.586207
0.598031
0.589296
0.604946
0.597511
0.588074
0.599239
0.589864
0.586151
0.586945
0.59186
0.586356
0.585185
0.589497
0.584856
0.586463
0.585643
0.592097
0.58845
0.588508
0.5883
0.59783
0.58363
0.590301
0.590398
0.590157
0.59292
0.588231
0.589415
0.584906
0.579856
0.586917
0.588974
0.590773
0.589168
0.581669
0.585653
0.583607
0.588134
0.59462
0.595794
0.584274
0.578953
0.5848
0.588054
0.583214
0.580684
0.593502
0.585082
0.587679
0.581332
0.583477
0.580308
0.581488
0.589664
0.587845
0.590856
0.583287
0.588018
0.590365
0.58452
0.584176
0.590299
0.582479
0.578915
0.596981
0.592813
0.586141
0.581357
0.58996
0.58206
0.590605
0.581749
0.597458
0.602805
0.597699
0.582508
0.58779
0.585738
0.582067
0.583665
0.591915
0.579693
0.594922
0.591977
0.582047
0.587464
0.580198
0.584174
0.586857
0.580741
0.585449
0.586595
0.58849
0.580917
0.580437
0.580367
0.586399
0.587588
0.585625
0.582738
0.586625
0.59506
0.583268
0.591345
0.588583
0.5838
0.591788
0.591123
0.583752
0.584554
0.58838
0.590251
0.579288
0.581152
0.584361
0.579567
0.595374
0.590863
0.586311
0.584397
0.590092
0.586449
0.58929
0.588153
0.602625
0.601134
0.577112
0.590259
0.585917
0.577061
0.57835
0.591333
0.583205
0.585414
0.587171
0.588169
0.583082
0.604089
0.59437
0.601272
0.591197
0.586611
0.585842
0.587549
0.583583
0.580562
0.575822
0.587456
0.58783
0.579994
0.582163
0.586579
0.570862
0.575675
0.583657
0.582521
0.580551
0.584361
0.578337
0.584387
0.579536
0.575913
0.581072
0.586915
0.577193
0.584689
0.574195
0.595515
0.587628
0.580675
0.584001
0.586369
0.575714
0.576655
0.580277
0.585002
0.577717
0.58069
0.575351
0.583751
0.575869
0.579152
0.582255
0.583628
0.579576
0.587458
