4.55181
2.90962
2.42402
2.08968
1.71637
1.36372
1.0651
0.823447
0.634601
0.489506
0.378528
0.295268
-0.242101
-0.238982
-0.236051
-0.233289
-0.230678
-0.228203
-0.225851
-0.223612
-0.221475
-0.219431
-0.217473
-0.215595
-0.213789
-0.212052
-0.210378
-0.208762
-0.207202
-0.205693
-0.204232
-0.202817
-0.201445
-0.200114
-0.198822
-0.197566
-0.196345
-0.195157
-0.194001
-0.192875
-0.191778
-0.190709
-0.189666
-0.188649
-0.187657
-0.186688
-0.185765
-0.18489
-0.184031
-0.183188
-0.182361
-0.18155
-0.180754
-0.179973
-0.179207
-0.178455
-0.177718
-0.176994
-0.176284
-0.175586
-0.174902
-0.17423
-0.17357
-0.172921
-0.172284
-0.171659
-0.171044
-0.170439
-0.169844
-0.16926
-0.168684
-0.168118
-0.167561
-0.167013
-0.166474
-0.165943
-0.16542
-0.164904
-0.164396
-0.163894
-0.163399
-0.16291
-0.162427
-0.16195
-0.161479
-0.161013
-0.160553
-0.160097
-0.159646
-0.159201
-0.158759
-0.158322
-0.157889
-0.157459
-0.157033
-0.15661
-0.15619
-0.155773
-0.155358
-0.154947
-0.154537
-0.15413
-0.153725
-0.153321
-0.15292
-0.15252
-0.152121
-0.151724
-0.151327
-0.150932
-0.150538
-0.150144
-0.14975
-0.149357
-0.148965
-0.148572
-0.148179
-0.147786
-0.147394
-0.147021
-0.146667
-0.146332
-0.146016
-0.14572
-0.145441
-0.14518
-0.144935
-0.144705
-0.144489
-0.144287
-0.1441
-0.143926
-0.143764
-0.143611
-0.143469
-0.143325
-0.143175
-0.14302
-0.142859
-0.142692
-0.14252
-0.142343
-0.142159
-0.141971
-0.141776
-0.141576
-0.14137
-0.141159
-0.140942
-0.140719
-0.14049
-0.140256
-0.140016
-0.13977
-0.139519
-0.139263
-0.139
-0.138731
-0.138457
-0.138176
-0.13789
-0.137598
-0.137299
-0.136995
-0.136684
-0.136368
-0.136045
-0.135716
-0.135381
-0.13504
-0.134693
-0.134339
-0.13398
-0.133614
-0.133241
-0.132863
-0.132478
-0.132086
-0.131689
-0.131285
-0.130875
-0.130458
-0.130035
-0.129605
-0.12917
-0.128727
-0.128279
-0.127824
-0.127362
-0.126895
-0.126421
-0.12594
-0.125454
-0.124961
-0.124461
-0.123956
-0.123444
-0.122926
-0.122401
-0.121871
-0.121334
-0.120792
-0.120243
-0.119688
-0.119127
-0.118561
-0.117988
-0.11741
-0.116826
-0.116236
-0.115641
-0.11504
-0.114433
-0.113821
-0.113204
-0.112581
-0.111953
-0.11132
-0.110682
-0.110039
-0.109391
-0.108738
-0.108081
-0.107419
-0.106752
-0.106081
-0.105406
-0.104727
-0.104045
-0.103359
-0.102669
-0.101975
-0.101277
-0.100576
-0.0998717
-0.099164
-0.098453
-0.0977391
-0.0970221
-0.0963024
-0.0955799
-0.0948549
-0.0941275
-0.0933977
-0.0926657
-0.0919317
-0.0911958
-0.090458
-0.0897546
-0.089231
-0.0887028
-0.0881709
-0.0876363
-0.0870979
-0.0865553
-0.0860092
-0.0854605
-0.0849084
-0.0843521
-0.0837929
-0.0832312
-0.0826663
-0.0820977
-0.0815265
-0.0809526
-0.0803761
-0.0797966
-0.0792146
-0.0786316
-0.0780448
-0.0774536
-0.0768623
-0.0762691
-0.0756729
-0.0750756
-0.0744773
-0.0738758
-0.0732734
-0.0726692
-0.0720642
-0.0714577
-0.0708491
-0.0702404
-0.0696308
-0.06902
-0.0684088
-0.0677971
-0.0671841
-0.0665713
-0.0659585
-0.0653453
-0.0647319
-0.0641192
-0.0635069
-0.0628937
-0.0622818
-0.0616703
-0.0610596
-0.0604497
-0.0598407
-0.0592331
-0.0586257
-0.05802
-0.057416
-0.0568132
-0.0562121
-0.0556125
-0.0550147
-0.0544191
-0.0538255
-0.0532333
-0.0526439
-0.0520566
-0.0514717
-0.0508893
-0.0503094
-0.0497321
-0.0491575
-0.0485867
-0.0480173
-0.0474516
-0.0468889
-0.0463294
-0.045773
-0.0452203
-0.044672
-0.0441274
-0.043586
-0.0430424
-0.0425116
-0.0419798
-0.0414525
-0.040929
-0.0404086
-0.0398922
-0.0393805
-0.0388725
-0.0383677
-0.0378672
-0.0373722
-0.0368808
-0.0363885
-0.0359069
-0.0354286
-0.0349524
-0.034481
-0.0340147
-0.0335518
-0.0330933
-0.0326399
-0.03219
-0.0317445
-0.0313042
-0.0308674
-0.0304351
-0.030008
-0.0295857
-0.0291662
-0.0287486
-0.0283399
-0.0279356
-0.0275338
-0.0271366
-0.0267447
-0.0263556
-0.0259725
-0.0255929
-0.0252177
-0.0248468
-0.0244803
-0.0241188
-0.02376
-0.0234072
-0.023057
-0.0227126
-0.0223716
-0.0220341
-0.0217024
-0.0213739
-0.0210509
-0.0207296
-0.0204135
-0.0200987
-0.0197927
-0.0194885
-0.0191884
-0.0188929
-0.0185999
-0.0183116
-0.0180272
-0.0177464
-0.0174695
-0.0171956
-0.016927
-0.0166604
-0.0163984
-0.01614
-0.0158851
-0.015633
-0.0153853
-0.015141
-0.0149002
-0.0146627
-0.0144279
-0.0141973
-0.0139692
-0.0137459
-0.0135242
-0.0133066
-0.0130914
-0.0128802
-0.0126719
-0.012466
-0.012264
-0.0120648
-0.011868
-0.0116748
-0.0114838
-0.0112971
-0.0111116
-0.0109298
-0.01075
-0.0105736
-0.0103999
-0.0102275
-0.0100592
-0.00989203
-0.00972899
-0.00956829
-0.00940937
-0.00925372
-0.00910037
-0.00894871
-0.00880022
-0.00865325
-0.00850937
-0.00836697
-0.0082269
-0.00808975
-0.00795397
-0.00782114
-0.00768964
-0.00756101
-0.00743365
-0.0073084
-0.00718586
-0.0070645
-0.00694519
-0.00682849
-0.00671288
-0.00659923
-0.00648812
-0.00637802
-0.0062698
-0.00616403
-0.0060592
-0.00595687
-0.00585473
-0.00575581
-0.00565833
-0.00556107
-0.00546698
-0.00537355
-0.00528174
-0.00519216
-0.00510327
-0.00501594
-0.00493074
-0.00484548
-0.00476318
-0.00468138
-0.00460208
-0.00452265
-0.00444426
-0.00437137
-0.0042933
-0.00421951
-0.00414765
-0.00407603
-0.0040058
-0.00393839
-0.00386876
-0.0038031
-0.00373703
-0.00367248
-0.00360903
-0.00354833
-0.00348591
-0.00342492
-0.0033701
-0.00330794
-0.00325073
-0.00319626
-0.00313892
-0.00308597
-0.00303166
-0.00297905
-0.00292984
-0.00287643
-0.00282855
-0.00277733
-0.00273069
-0.00268224
-0.00263559
-0.00258975
-0.00254724
-0.00250028
-0.00245897
-0.00241483
-0.00237185
-0.00233213
-0.00229051
-0.00225056
-0.00221131
-0.00217272
-0.00213735
-0.00209744
-0.00206311
-0.00202579
-0.00199025
-0.00195536
-0.00192118
-0.00188757
-0.00185454
-0.00182209
-0.00179019
-0.00175885
-0.00172805
-0.00169779
-0.00166805
-0.00163882
-0.00161011
-0.00158389
-0.00155493
-0.00152758
-0.00150082
-0.00147451
-0.00144865
-0.00142322
-0.00139824
-0.00137369
-0.00134957
-0.00132587
-0.00130259
-0.00127971
-0.00125722
-0.00123513
-0.00121342
-0.0011921
-0.00117114
-0.00115055
-0.00113032
-0.00111044
-0.00109091
-0.00107173
-0.00105287
-0.00103435
-0.00101615
-0.000998264
-0.000982203
-0.000963999
-0.000947069
-0.000930436
-0.000914067
-0.000897972
-0.000882152
-0.000866608
-0.000851335
-0.000836329
-0.000821586
-0.000807102
-0.000792872
-0.000778891
-0.000765155
-0.000751659
-0.000738401
-0.000725375
-0.000712577
-0.000700005
-0.000687653
-0.000675518
-0.000663596
-0.000651883
-0.000640377
-0.000629072
-0.000617966
-0.000607055
-0.000596336
-0.000585805
-0.00057546
-0.000565296
-0.00055531
-0.0005455
-0.000535863
-0.000526395
-0.000517093
-0.000507955
-0.000498978
-0.000490158
-0.000481493
-0.000472986
-0.000464647
-0.000456455
-0.000448407
-0.0004405
-0.000434074
-0.000425447
-0.000417943
-0.000410584
-0.000403336
-0.000396205
-0.000389197
-0.00038231
-0.000375544
-0.000368897
-0.000362366
-0.000355951
-0.000349649
-0.000343458
-0.000337376
-0.000331401
-0.000325532
-0.000319766
-0.000314102
-0.000308538
-0.000303076
-0.000297722
-0.000292462
-0.000287296
-0.00028222
-0.000277235
-0.000272337
-0.000267526
-0.0002628
-0.000258157
-0.000253596
-0.000249115
-0.000244714
-0.00024039
-0.000236143
-0.000231971
-0.000227872
-0.000223846
-0.000219891
-0.000216005
-0.000212188
-0.000208439
-0.000204756
-0.000201137
-0.000197583
-0.000194091
-0.000190661
-0.000187292
-0.000183982
-0.00018073
-0.000177536
-0.000174399
-0.000171316
-0.000168289
-0.000165314
-0.000162393
-0.000159522
-0.000156703
-0.000153933
-0.000151213
-0.00014854
-0.000145914
-0.000143335
-0.000140802
-0.000138313
-0.000135868
-0.000133467
-0.000131107
-0.00012879
-0.000126514
-0.000124278
-0.000122081
-0.000119923
-0.000117803
-0.000115721
-0.000113675
-0.000111666
-0.000109692
-0.000107753
-0.000105848
-0.000103978
-0.000102115
-0.000102526
-9.85619e-05
-9.93463e-05
-9.51106e-05
-9.59195e-05
-9.17774e-05
-9.19426e-05
-8.87953e-05
-8.69584e-05
-8.54241e-05
-8.39104e-05
-8.24264e-05
-8.09678e-05
-7.95347e-05
-7.81265e-05
-7.67431e-05
-7.53842e-05
-7.40494e-05
-7.27382e-05
-7.14502e-05
-7.01849e-05
-6.89422e-05
-6.77214e-05
-6.65222e-05
-6.53445e-05
-6.41876e-05
-6.30512e-05
-6.19348e-05
-6.0838e-05
-5.97608e-05
-5.87027e-05
-5.76633e-05
-5.66424e-05
-5.56395e-05
-5.46544e-05
-5.36873e-05
-5.27367e-05
-5.18029e-05
-5.08858e-05
-4.99849e-05
-4.91001e-05
-4.8231e-05
-4.73773e-05
-4.65387e-05
-4.5715e-05
-4.49058e-05
-4.4111e-05
-4.33302e-05
-4.25632e-05
-4.18099e-05
-4.10698e-05
-4.03429e-05
-3.96289e-05
-3.89275e-05
-3.82386e-05
-3.75619e-05
-3.68972e-05
-3.62442e-05
-3.56029e-05
-3.49729e-05
-3.43541e-05
-3.37462e-05
-3.31492e-05
-3.25627e-05
-3.19868e-05
-3.1421e-05
-3.08649e-05
-3.03186e-05
-2.97822e-05
-2.92555e-05
-2.87381e-05
-2.82299e-05
-2.77306e-05
-2.72402e-05
-2.67584e-05
-2.62842e-05
-2.58194e-05
-2.5363e-05
-2.49148e-05
-2.44745e-05
-2.4042e-05
-2.36172e-05
-2.31998e-05
-2.27897e-05
-2.23869e-05
-2.19912e-05
-2.16025e-05
-2.12206e-05
-2.08456e-05
-2.04772e-05
-2.01153e-05
-1.97598e-05
-1.94107e-05
-1.90677e-05
-1.87308e-05
-1.83999e-05
-1.80748e-05
-1.77556e-05
-1.74421e-05
-1.7134e-05
-1.68314e-05
-1.6534e-05
-1.62419e-05
-1.5955e-05
-1.56732e-05
-1.53964e-05
-1.51245e-05
-1.48575e-05
-1.45952e-05
-1.43375e-05
-1.40844e-05
-1.38357e-05
-1.35915e-05
-1.33516e-05
-1.31159e-05
-1.28845e-05
-1.26571e-05
-1.24338e-05
-1.22144e-05
-1.19989e-05
-1.17873e-05
-1.15798e-05
-1.1376e-05
-1.11756e-05
-1.09787e-05
-1.07852e-05
-1.05948e-05
-1.04077e-05
-1.02239e-05
-1.00434e-05
-9.8662e-06
