2.50227
1.7958
1.44191
1.12394
0.816631
-0.686229
-0.649157
-0.617571
-0.590509
-0.567123
-0.546719
-0.532392
-0.52491
-0.517091
-0.50886
-0.500262
-0.491685
-0.483247
-0.475018
-0.467037
-0.459335
-0.451909
-0.44476
-0.437882
-0.431259
-0.424878
-0.418725
-0.412787
-0.407048
-0.401498
-0.396125
-0.390921
-0.385874
-0.380977
-0.376222
-0.3716
-0.367105
-0.36273
-0.358467
-0.354308
-0.350249
-0.346282
-0.3424
-0.338601
-0.334902
-0.331274
-0.327712
-0.324211
-0.320786
-0.317587
-0.314431
-0.311317
-0.308275
-0.305284
-0.302338
-0.299436
-0.296575
-0.293754
-0.290971
-0.288225
-0.285514
-0.282837
-0.280212
-0.277622
-0.275054
-0.272507
-0.269982
-0.267503
-0.26506
-0.262649
-0.260272
-0.257927
-0.255616
-0.253338
-0.251094
-0.248885
-0.246709
-0.244588
-0.24249
-0.240416
-0.238392
-0.236407
-0.234463
-0.232559
-0.230699
-0.228884
-0.227117
-0.225399
-0.223835
-0.223246
-0.22265
-0.222046
-0.221435
-0.220815
-0.220188
-0.219553
-0.218909
-0.218257
-0.217597
-0.216929
-0.216251
-0.215565
-0.21487
-0.214165
-0.213452
-0.212729
-0.211997
-0.211255
-0.210533
-0.20984
-0.209175
-0.208538
-0.20793
-0.207346
-0.206784
-0.206246
-0.205732
-0.205238
-0.204767
-0.204312
-0.203869
-0.203414
-0.202944
-0.202457
-0.201955
-0.201437
-0.200903
-0.200353
-0.199788
-0.199207
-0.19861
-0.197997
-0.197369
-0.196724
-0.196063
-0.195387
-0.194695
-0.193986
-0.193262
-0.192522
-0.191766
-0.190994
-0.190206
-0.189402
-0.188582
-0.187746
-0.186894
-0.186026
-0.185143
-0.184244
-0.183329
-0.182398
-0.181452
-0.18049
-0.179513
-0.17852
-0.177512
-0.176489
-0.175451
-0.174398
-0.173331
-0.172248
-0.171152
-0.17004
-0.168915
-0.167775
-0.166622
-0.165455
-0.164274
-0.16308
-0.161873
-0.160654
-0.159421
-0.158177
-0.15692
-0.155652
-0.154372
-0.15308
-0.151778
-0.150465
-0.149142
-0.147809
-0.146466
-0.145113
-0.143752
-0.142382
-0.141004
-0.139618
-0.138224
-0.136823
-0.135415
-0.134001
-0.132581
-0.131156
-0.129725
-0.12829
-0.12685
-0.125407
-0.12396
-0.12251
-0.121058
-0.119603
-0.118147
-0.11669
-0.115232
-0.113773
-0.112315
-0.110857
-0.109401
-0.107945
-0.106492
-0.105041
-0.103593
-0.102149
-0.100707
-0.0992702
-0.0978375
-0.0964097
-0.0949872
-0.0935704
-0.0921597
-0.0907556
-0.0893583
-0.0879683
-0.0865859
-0.0852116
-0.0838456
-0.0824882
-0.08114
-0.079801
-0.0784716
-0.0771522
-0.0758429
-0.074544
-0.0732559
-0.0719787
-0.0707127
-0.0694581
-0.0682152
-0.066984
-0.065765
-0.0645581
-0.0633637
-0.0621819
-0.0610128
-0.0598566
-0.0587134
-0.0575834
-0.0564667
-0.0553634
-0.0542736
-0.0531974
-0.0521348
-0.051086
-0.050051
-0.0490299
-0.0480225
-0.0470291
-0.0460496
-0.045084
-0.0441324
-0.0431947
-0.0422711
-0.0413615
-0.0404659
-0.0395847
-0.0387181
-0.0378664
-0.037031
-0.0362119
-0.0354114
-0.0346269
-0.0338542
-0.0331083
-0.0323852
-0.0316721
-0.030962
-0.030255
-0.0295542
-0.0288625
-0.0281817
-0.0275126
-0.0268556
-0.0262108
-0.025578
-0.0249573
-0.0243484
-0.0237513
-0.0231658
-0.0225918
-0.0220292
-0.021497
-0.0209879
-0.0204887
-0.0199993
-0.0195196
-0.0190494
-0.0185905
-0.0181464
-0.0177111
-0.0172846
-0.0168667
-0.0164573
-0.0160562
-0.0156635
-0.0152788
-0.0149022
-0.0145348
-0.0141786
-0.0138299
-0.0134884
-0.0131541
-0.0128269
-0.0125067
-0.0121933
-0.0118866
-0.0115897
-0.0112995
-0.0110156
-0.0107378
-0.010466
-0.0102003
-0.00994031
-0.0096861
-0.00943752
-0.00919518
-0.00895988
-0.00873131
-0.0085084
-0.00829051
-0.00807752
-0.00786928
-0.00771095
-0.00756199
-0.00741591
-0.00727272
-0.00713229
-0.00699448
-0.0068594
-0.00672682
-0.00659679
-0.00646917
-0.006344
-0.00622111
-0.00610061
-0.00598226
-0.00586624
-0.00575231
-0.00564048
-0.00553082
-0.00542313
-0.00531742
-0.00521377
-0.00511199
-0.00501205
-0.00491407
-0.0048179
-0.00472347
-0.00463076
-0.00453988
-0.00445068
-0.00436311
-0.00427715
-0.0041928
-0.00411011
-0.00402893
-0.00394926
-0.00387106
-0.00379431
-0.00371908
-0.00364527
-0.00357283
-0.00350175
-0.003432
-0.00336355
-0.00329639
-0.00323059
-0.00316603
-0.00310268
-0.00304054
-0.00297957
-0.00291976
-0.00286109
-0.00280352
-0.0027471
-0.0026918
-0.00263754
-0.00258434
-0.00253215
-0.00248097
-0.00243077
-0.00238155
-0.00233327
-0.00228593
-0.00223951
-0.00219399
-0.00214939
-0.00210568
-0.00206282
-0.00202079
-0.00197959
-0.00193919
-0.00189959
-0.00186077
-0.0018227
-0.00178539
-0.00174881
-0.00171296
-0.00167782
-0.00164337
-0.00160961
-0.00157651
-0.0015441
-0.00151234
-0.00148122
-0.00145072
-0.00142082
-0.00139153
-0.00136281
-0.00133469
-0.00130711
-0.0012801
-0.00125362
-0.00122768
-0.00120228
-0.00117737
-0.00115298
-0.00112906
-0.00110563
-0.00108269
-0.0010602
-0.00103818
-0.00101661
-0.000995464
-0.000974762
-0.00095447
-0.000934605
-0.000915144
-0.000896067
-0.000877396
-0.000859103
-0.000841206
-0.000823666
-0.000806496
-0.00078968
-0.000773193
-0.000757059
-0.00074126
-0.00072577
-0.000710612
-0.000695772
-0.00068122
-0.000666981
0.000658145
0.000652045
0.000645925
0.000639839
0.000633741
0.00062763
0.000621543
0.000615466
0.000609382
0.000603311
0.000597271
0.000591232
0.000585195
0.000579209
0.000573231
0.000567261
0.000561345
0.000555448
0.000549585
0.000543771
0.000538002
0.000532282
0.000526635
0.00052103
0.000515481
0.000509964
0.000504497
0.00049905
0.000493634
0.000488263
0.000482912
0.000477582
0.000472276
0.000467019
0.000461784
0.000456573
0.000451386
0.000446225
0.000441108
0.000436022
0.000430964
0.000425933
0.000420932
0.00041596
0.000411036
0.000406145
0.000401285
0.000396456
0.000391661
0.000386898
0.000382184
0.000377506
0.000372862
0.000368252
0.000363678
0.00035914
0.000354652
0.000350201
0.000345785
0.000341406
0.000337064
0.000332761
0.000328508
0.00032429
0.000320111
0.000315969
0.000311865
0.0003078
0.000303783
0.000299805
0.000295863
0.00029196
0.000288095
0.000284267
0.000280486
0.000276745
0.000273042
0.000269376
0.000265747
0.000262159
0.000258607
0.0002551
0.000251631
0.000248199
0.000244803
0.000241445
0.000238122
0.000234836
0.000231589
0.000228383
0.000225214
0.000222079
0.000218981
0.000215917
0.000212889
0.000209896
0.000206937
0.000204013
0.000201128
0.000198279
0.000195464
0.000192682
0.000189934
0.000187218
0.000184536
0.000181886
0.000179278
0.000176699
0.000174152
0.000171636
0.000169151
0.000166697
0.000164274
0.000161881
0.000159518
0.000157186
0.000154882
0.000152609
0.000150364
0.000148148
0.000145961
0.000143803
0.000141672
0.00013957
0.000137495
0.000135448
0.000133427
0.000131434
0.000129468
0.000127527
0.000125613
0.000123724
0.000121861
0.000120023
0.000118211
0.000116423
0.000114659
0.00011292
0.000111205
0.000109511
0.000107844
0.000106199
0.000104577
0.000102978
0.000101401
9.98456e-05
9.83123e-05
9.68006e-05
9.53103e-05
9.38412e-05
9.23929e-05
9.09652e-05
8.95749e-05
8.8189e-05
8.6822e-05
8.54745e-05
8.41462e-05
8.2837e-05
8.15466e-05
8.02749e-05
7.90213e-05
7.7786e-05
7.65687e-05
7.53692e-05
7.41873e-05
7.30227e-05
7.18751e-05
7.07443e-05
6.96302e-05
6.85325e-05
6.7451e-05
6.63854e-05
6.53356e-05
6.43015e-05
6.32829e-05
6.22794e-05
6.12909e-05
6.03172e-05
5.9358e-05
5.84128e-05
5.74819e-05
5.65653e-05
5.56626e-05
5.47736e-05
5.3898e-05
5.30357e-05
5.21865e-05
5.13502e-05
5.05267e-05
4.97157e-05
4.8917e-05
4.81306e-05
4.73561e-05
4.65936e-05
4.58427e-05
4.51034e-05
4.43754e-05
4.36586e-05
4.29531e-05
4.22582e-05
4.15742e-05
4.09008e-05
4.02378e-05
3.95849e-05
3.89422e-05
3.83096e-05
3.76868e-05
3.70736e-05
3.64701e-05
3.58759e-05
3.52911e-05
3.47154e-05
3.41487e-05
3.35909e-05
3.30425e-05
3.25013e-05
3.19707e-05
3.14466e-05
3.09308e-05
3.04231e-05
2.99252e-05
2.94338e-05
2.89519e-05
2.84763e-05
2.8008e-05
2.75477e-05
2.7094e-05
2.66479e-05
2.6209e-05
2.5777e-05
2.5352e-05
2.49336e-05
2.45218e-05
2.40232e-05
2.37534e-05
2.32509e-05
2.2981e-05
2.24918e-05
2.22287e-05
2.17544e-05
2.14195e-05
2.1075e-05
2.07305e-05
2.03894e-05
2.00526e-05
1.9721e-05
1.93942e-05
1.90727e-05
1.87565e-05
1.84451e-05
1.81384e-05
1.78368e-05
1.754e-05
1.72482e-05
1.69607e-05
1.66784e-05
1.64007e-05
1.61269e-05
1.58579e-05
1.5593e-05
1.53324e-05
1.50758e-05
1.48235e-05
1.45752e-05
1.4331e-05
1.40907e-05
1.38544e-05
1.3622e-05
1.33934e-05
1.31685e-05
1.29473e-05
1.27297e-05
1.25156e-05
1.23049e-05
1.20977e-05
1.1894e-05
1.16937e-05
1.14967e-05
1.1303e-05
1.11126e-05
1.09253e-05
1.0741e-05
1.05598e-05
1.03816e-05
1.02063e-05
1.0034e-05
9.86442e-06
9.69768e-06
9.53368e-06
9.37242e-06
9.21381e-06
9.05783e-06
8.90444e-06
8.7536e-06
8.60525e-06
8.45937e-06
8.31592e-06
8.17328e-06
8.0353e-06
7.8994e-06
7.76555e-06
7.63378e-06
7.50409e-06
7.37651e-06
7.25104e-06
7.12765e-06
7.00633e-06
6.88704e-06
6.76976e-06
6.65446e-06
6.54037e-06
6.42882e-06
6.31945e-06
6.21199e-06
6.1063e-06
6.00231e-06
5.90001e-06
5.79939e-06
5.70041e-06
5.60309e-06
5.50738e-06
5.41329e-06
5.32077e-06
5.22981e-06
5.14039e-06
5.05248e-06
4.96605e-06
4.88109e-06
4.79693e-06
4.71472e-06
4.63396e-06
4.5546e-06
4.47661e-06
4.39997e-06
4.32463e-06
4.25056e-06
4.17772e-06
4.10608e-06
4.03567e-06
3.96647e-06
3.89845e-06
3.83159e-06
3.76585e-06
3.70122e-06
3.63768e-06
3.57521e-06
3.51379e-06
3.45341e-06
3.39406e-06
3.33571e-06
3.27835e-06
3.22196e-06
3.16653e-06
3.11205e-06
3.05849e-06
3.00701e-06
2.95473e-06
2.90332e-06
2.85307e-06
2.80392e-06
2.75572e-06
2.70837e-06
2.66183e-06
2.61604e-06
2.57099e-06
