343.454
99.7975
72.9555
49.3648
16.9578
6.01372
45.1291
10.2156
11.2587
11.6195
11.1809
9.6601
48.4312
5.05745
12.2442
8.11999
9.50624
9.55366
9.5678
9.5457
9.65773
9.6821
9.80494
9.91835
9.95432
10.0825
10.2112
10.3876
10.4562
10.6033
10.7387
10.942
11.0429
11.2094
11.3531
11.5442
11.6369
11.8142
11.9818
12.1134
12.2919
12.4624
12.554
12.7319
12.9176
13.0608
13.2391
13.3712
13.4914
13.693
13.8572
13.9655
14.1627
14.2639
14.4178
14.5536
14.7603
14.8323
15.0043
15.1458
15.2495
15.4101
15.5329
15.6542
15.8539
15.9396
16.0835
26.4444
14.9213
16.3849
16.5527
16.6585
28.4455
15.5034
16.913
17.1089
17.1845
28.9529
16.5836
17.9598
18.0871
18.2008
18.3044
18.38
18.5284
18.6287
18.6741
18.7944
18.8724
18.965
19.0661
19.1818
19.229
19.2749
19.413
19.4888
19.5064
19.6479
19.6867
19.7244
19.785
19.9164
19.8985
20.5286
20.815
20.9009
21.0237
21.0302
21.0951
21.181
21.183
21.228
21.2746
21.2739
21.3082
21.4161
21.4544
21.4736
21.4781
21.5624
21.5616
21.5935
21.6832
21.6402
21.6969
21.7257
21.6897
21.9183
22.6768
22.8025
22.8011
22.7864
22.8041
22.7645
22.8366
22.8677
22.8661
22.8255
22.8454
22.8415
22.8597
22.7953
22.7745
22.7749
22.8043
22.7869
22.7353
22.7638
22.7327
22.6638
22.6671
22.6695
22.6187
22.6261
22.5579
23.8477
23.5454
23.4846
23.4168
23.4197
23.3726
23.3146
23.2732
23.2104
23.1332
23.0838
22.9968
22.9623
22.8884
22.8396
22.7875
22.7314
22.6828
22.5672
22.4939
22.4481
22.3899
22.3003
22.2042
22.154
22.1034
21.9871
21.9215
21.8765
21.7284
21.6719
21.5918
21.5103
21.4071
21.3361
21.2329
22.5405
22.2558
21.7922
21.8637
21.5157
21.7337
21.3228
21.5628
21.1498
21.4008
21.0361
21.2488
20.9203
20.9788
20.8148
20.5336
20.7298
20.3759
20.5215
20.3015
20.3099
20.1829
19.848
20.071
19.7818
19.8705
19.6746
19.3764
19.553
19.3227
19.2749
19.2043
18.9257
19.0388
18.8619
18.5686
18.7377
18.5258
18.2285
18.4016
18.2377
17.9267
18.1126
17.8913
17.6496
17.7639
17.5901
17.3082
17.484
17.2358
17.078
17.0988
16.9782
16.7994
16.5453
16.7102
16.5068
16.2558
16.3368
16.1838
16.0331
15.8069
15.9038
15.7302
15.6097
15.345
15.4985
15.267
15.1421
14.9192
15.0572
14.8311
14.7592
14.5148
14.5409
14.3969
14.2871
14.1861
14.9188
14.3455
14.231
14.1135
14.0014
13.4103
13.7746
13.4136
13.4201
13.2447
13.0853
13.2887
12.9433
12.8592
12.7854
12.6802
12.4885
12.6811
12.3851
12.2498
12.1443
12.0803
11.9095
11.6783
11.9681
11.6385
11.5616
11.4439
11.3556
11.2717
11.0394
11.2213
10.9994
10.8178
10.7595
10.6464
10.5735
10.4521
10.2949
10.2335
10.2909
10.0545
10.0005
9.88831
9.77829
9.71586
9.58555
9.49466
9.20086
9.54419
9.20039
9.13569
9.02612
8.96017
8.8482
8.73254
8.6588
8.54731
8.38664
8.20811
8.48757
8.207
8.15549
8.03906
7.92381
7.86136
7.81023
7.68353
7.55639
7.5042
7.45618
7.28557
7.10498
7.3448
7.16803
6.98746
6.92449
6.87627
6.76711
6.70602
6.64737
6.53337
6.47418
6.40986
6.29668
6.23976
6.17638
6.05094
5.89031
5.82629
6.01112
5.88477
5.7287
5.6689
5.59694
5.48851
5.47714
5.3707
5.30823
5.24272
5.18698
5.13024
5.01983
5.02084
4.89815
4.90569
4.78392
4.72361
4.72597
4.61522
4.55495
4.37547
4.38097
4.31998
4.49367
4.3155
4.26179
4.20435
4.09132
4.09956
4.03492
3.96227
3.91723
3.8621
3.86102
3.74284
3.73721
3.69179
3.63479
3.5609
3.56848
3.50964
3.45738
3.39791
3.34571
3.34159
3.28627
3.29177
3.16076
3.17157
3.10075
3.10386
3.05465
2.98309
2.99687
2.93257
2.86308
2.86822
2.82146
2.81574
2.68973
2.70191
2.63579
2.63087
2.57374
2.51478
2.57414
2.50985
2.57616
2.505
2.45538
2.45382
2.39722
2.33273
2.3393
2.27601
2.26993
2.22521
2.21779
2.21779
2.16034
2.15962
2.10537
2.10515
2.04229
2.04674
2.04529
1.98637
1.97774
1.98752
1.93227
1.93072
1.94037
1.88546
1.86951
1.86064
1.80693
1.80596
1.7546
1.80541
1.75174
1.69033
1.74308
1.68325
1.69274
1.68967
1.63407
1.63775
1.63566
1.58382
1.63367
1.59652
1.5821
1.51872
1.52258
1.58228
1.45966
1.5197
1.5147
1.45816
1.45253
1.46441
1.3987
1.46416
1.39858
1.39344
1.39619
1.40314
1.33984
1.34146
1.40201
1.28798
1.33657
1.34156
1.28665
1.33792
1.27782
1.28636
1.28037
1.23985
1.28227
1.22368
1.27765
1.22808
1.23459
1.22148
1.23029
1.16447
1.21406
1.158
1.16823
1.22076
1.1565
1.15792
1.16077
1.15816
1.15786
1.0925
1.1682
1.10688
1.10038
1.10691
1.11146
1.11981
1.10483
1.09527
1.09767
1.09531
1.09846
1.09373
1.10334
1.09388
1.10034
1.09046
1.0341
1.04487
1.03258
1.0411
1.0294
1.02687
1.03874
1.0444
1.03393
1.03562
1.03332
1.04772
1.03414
1.03712
1.04551
1.0351
1.03949
1.03542
1.03239
1.0339
1.02704
1.03571
1.02622
1.02323
1.0298
1.02397
1.03252
0.976163
0.981386
0.971863
0.977076
0.962574
0.966297
0.973117
0.968347
0.973869
0.962851
0.968094
0.967477
0.968207
0.973877
0.969087
0.96578
0.96781
0.966778
0.965692
0.964158
0.964185
0.964937
0.966578
0.956911
0.95897
0.958219
0.964211
0.965135
0.963071
0.962437
0.959198
0.966076
0.959067
0.962545
0.953765
0.961662
0.9482
0.960921
0.955184
0.951472
0.950309
0.959497
0.959402
0.951816
0.951246
0.963526
0.892928
0.896944
0.89777
0.899531
0.90409
0.893901
0.900097
0.894537
0.891947
0.893619
0.890178
0.90292
0.885622
0.897064
0.886706
0.889178
0.895363
0.897011
0.897775
0.888833
0.900397
0.890693
0.899378
0.890784
0.901578
0.887202
0.887703
0.895547
0.888137
0.883413
0.898827
0.883396
0.883641
0.886499
0.886385
0.890242
0.882396
0.91345
0.903169
0.888378
0.895266
0.885679
0.891366
0.885006
0.887826
0.872865
0.880361
0.880931
0.877485
0.883327
0.875273
0.889207
0.883754
0.890129
0.879554
0.889484
0.87581
0.879852
0.879547
0.879331
0.88379
0.886015
0.875984
0.883334
0.873632
0.88216
0.874034
0.872091
0.875969
0.876769
0.875399
0.878923
0.875832
0.874164
0.874855
0.874119
0.868314
0.879129
0.871031
0.868776
0.868116
0.812563
0.868516
0.806673
0.864201
0.800955
0.86955
0.812505
0.811686
0.810014
0.80771
0.810679
0.806734
0.805629
0.802532
0.811484
0.808416
0.805747
0.810443
0.807346
0.810956
0.807686
0.806566
0.800221
0.805152
0.802332
0.801381
0.805602
0.802033
0.805733
0.801001
0.800676
0.795053
0.804453
0.802046
0.801641
0.804573
0.796348
0.800298
0.796409
0.79606
0.78948
0.80086
0.802347
0.795123
0.799552
0.796987
0.799998
0.79644
0.794576
0.79395
0.799321
0.797958
0.79672
0.799379
0.796852
0.800121
0.79564
0.798117
0.791875
0.800923
0.796786
0.795221
0.798974
0.797093
0.794233
0.791201
0.790732
0.786712
0.794184
0.793624
0.791085
0.794867
0.791577
0.795103
0.790591
0.78978
0.779071
0.790463
0.785814
0.784154
0.789639
0.785957
0.78966
0.785531
0.784874
0.779032
0.788824
0.786324
0.788212
0.788622
0.785932
0.789424
0.785259
0.784283
0.778662
0.785165
0.781201
0.779011
0.783532
0.781124
0.78419
0.779447
0.779567
0.776599
0.785634
0.781576
0.780208
0.783908
0.780722
0.784552
0.779468
0.780041
0.774326
0.784248
0.780526
0.778972
0.782774
0.780895
0.78543
0.780571
0.779464
0.774018
0.7733
0.770985
0.769183
0.773894
0.770188
0.773392
0.769273
0.768498
0.762816
0.772917
