0.775835
0.764994
0.759947
0.752294
0.739217
0.735761
0.733722
0.724078
0.720951
0.734434
0.72429
0.721258
0.730061
0.730429
0.730839
0.728412
0.727057
0.727105
0.737702
0.722201
0.721642
0.729039
0.742275
0.735339
0.72287
0.721074
0.721881
0.724636
0.73198
0.721251
0.720917
0.727296
0.732465
0.721652
0.739875
0.743829
0.7365
0.737269
0.734053
0.733854
0.733149
0.729892
0.72724
0.729009
0.725846
0.741456
0.750496
0.729858
0.72881
0.737098
0.739683
0.734505
0.733931
0.730656
0.727476
0.731236
0.739711
0.734118
0.727208
0.729607
0.73565
0.729481
0.736905
0.726353
0.737988
0.729877
0.73485
0.733125
0.738686
0.726042
0.737395
0.728328
0.743561
0.730741
0.728406
0.725165
0.722899
0.737025
0.724207
0.733892
0.730654
0.726964
0.728418
0.731957
0.729329
0.733431
0.733847
0.726802
0.730941
0.722619
0.730589
0.726675
0.731284
0.731952
0.735198
0.744805
0.731842
0.729022
0.730369
0.726842
0.726649
0.727104
0.723815
0.725479
0.730857
0.728022
0.732955
0.724421
0.726419
0.73498
0.729417
0.71774
0.729329
0.720782
0.728543
0.735219
0.724811
0.729421
0.724837
0.725342
0.733161
0.72865
0.731337
0.72337
0.723942
0.733922
0.725644
0.72958
0.722263
0.732678
0.723615
0.728355
0.719441
0.721546
0.724921
0.733325
0.718854
0.72582
0.723338
0.720694
0.726555
0.73882
0.724371
0.728375
0.723182
0.713363
0.725174
0.726502
0.714191
0.717813
0.715682
0.723678
0.723776
0.721658
0.727812
0.725212
0.715312
0.720725
0.73027
0.721803
0.719995
0.730863
0.716326
0.728616
0.725803
0.712443
0.714483
0.723791
0.717049
0.72102
0.720888
0.729531
0.713867
0.730635
0.725035
0.727277
0.732929
0.723291
0.712852
0.722474
0.721348
0.725047
0.71754
0.733315
0.717509
0.71863
0.723321
0.716271
0.723947
0.718741
0.732385
0.725398
0.729803
0.724073
0.733615
0.720476
0.718925
0.720787
0.728755
0.722945
0.725666
0.732438
0.73466
0.727587
0.724552
0.731454
0.738186
0.7282
0.72964
0.735196
0.739052
0.743133
0.733063
0.74118
0.734262
0.745646
0.741239
0.741447
0.736935
0.742485
0.732609
0.738861
0.732356
0.737226
0.733081
0.7387
0.737109
0.736335
0.739821
0.739857
0.743803
0.736516
0.737268
0.741192
0.739182
0.737519
0.745863
0.739219
0.73718
0.743527
0.735911
0.744301
0.736516
0.752261
0.751369
0.735226
0.740768
0.734692
0.750584
0.743981
0.727991
0.743207
0.738763
0.732077
0.729871
0.728866
0.731824
0.726483
0.734134
0.724963
0.727256
0.74362
0.738415
0.747852
0.738015
0.7406
0.743497
0.738484
0.743459
0.731751
0.740748
0.731358
0.728357
0.735894
0.729603
0.745067
0.734937
0.740645
0.739076
0.738551
0.731976
0.73234
0.736967
0.732186
0.738507
0.733172
0.743452
0.738698
0.726281
0.736217
0.738865
0.728956
0.73154
0.740851
0.73916
0.738743
0.731928
0.739085
0.734734
0.732694
0.736296
0.746565
0.736118
0.73998
0.736617
0.730542
0.726043
0.735313
0.736843
0.738628
0.734024
0.735681
0.734267
0.742532
0.734027
0.728685
0.747777
0.743652
0.742346
0.734085
0.743581
0.743431
0.739754
0.735348
0.743472
0.729297
0.736319
0.73522
0.735444
0.731399
0.735583
0.734662
0.741496
0.738588
0.733973
0.73157
0.734936
0.729591
0.727864
0.733459
0.737027
0.730695
0.741057
0.730143
0.735957
0.728716
0.737872
0.734666
0.740314
0.739622
0.738958
0.736459
0.731988
0.734516
0.731229
0.728905
0.720145
0.732331
0.725335
0.733797
0.725417
0.74001
0.731799
0.723617
0.733534
0.729478
0.732254
0.727957
0.719618
0.726955
0.727697
0.730026
0.728733
0.7248
0.730169
0.727872
0.723005
0.723406
0.725797
0.726767
0.717022
0.717957
0.721114
0.723226
0.716849
0.719114
0.718751
0.72
0.730389
0.723412
0.713185
0.724794
0.723775
0.721527
0.722288
0.718823
0.729019
0.729301
0.714603
0.719881
0.717453
0.723814
0.71916
0.726712
0.725198
0.727647
0.729735
0.71645
0.727988
0.717048
0.718197
0.726576
0.714936
0.726991
0.721979
0.710433
0.712881
0.726776
0.71619
0.709756
0.721604
0.713672
0.709486
0.70333
0.707679
0.710277
0.703558
0.712269
0.69969
0.705947
0.705023
0.70448
0.700308
0.701433
0.699892
0.693972
0.707707
0.699539
0.700238
0.699848
0.697786
0.702702
0.701844
0.698072
0.70108
0.700527
0.698497
0.690971
0.700266
0.702965
0.701163
0.711112
0.711255
0.698271
0.689282
0.692419
0.691842
0.699561
0.690654
0.696491
0.69266
0.687403
0.685238
0.69227
0.690587
0.692389
0.697088
0.694634
0.699926
0.692392
0.71431
0.699475
0.692947
0.698455
0.698298
0.692359
0.696068
0.688925
0.690893
0.685755
0.696864
0.690165
0.69668
0.689131
0.684174
0.686883
0.689529
0.688794
0.690057
0.691296
0.69421
0.684407
0.689483
0.692914
0.685812
0.684105
0.692889
0.686867
0.703022
0.6883
0.687507
0.684455
0.692153
0.698616
0.685468
0.693502
0.686304
0.678286
0.679774
0.689785
0.683044
0.67619
0.67948
0.680652
0.679871
0.679966
0.67228
0.689861
0.68698
0.678386
0.68582
0.690992
0.699681
0.683402
0.673475
0.676014
0.674687
0.6783
0.672709
0.683684
0.673827
0.679512
0.67
0.671615
0.681524
0.67041
0.678842
0.667215
0.663032
0.675818
0.681758
0.671413
0.671821
0.670049
0.684991
0.671305
0.674425
0.68338
0.672603
0.676847
0.673129
0.668647
0.671575
0.664295
0.672097
0.663232
0.660268
0.666904
0.661848
0.669232
0.671511
0.676261
0.666693
0.672268
0.658181
0.6598
0.66806
0.663492
0.668839
0.657998
0.663567
0.66173
0.661838
0.668907
0.664121
0.660871
0.663113
0.661503
0.660616
0.658664
0.659289
0.660394
0.660332
0.652136
0.654146
0.653514
0.659768
0.659705
0.657846
0.657969
0.654393
0.661372
0.654794
0.658074
0.649432
0.656928
0.643084
0.655311
0.649547
0.646104
0.645391
0.654519
0.654595
0.645588
0.645878
0.658166
0.645996
0.65081
0.650655
0.652622
0.655672
0.646564
0.651989
0.647203
0.644988
0.64699
0.643028
0.654823
0.638974
0.649114
0.639944
0.642427
0.648561
0.650191
0.651214
0.641905
0.65214
0.644063
0.652437
0.643973
0.655007
0.639836
0.640597
0.647973
0.641091
0.63627
0.650922
0.634792
0.636855
0.639744
0.639697
0.643601
0.635182
0.665035
0.654017
0.64121
0.647099
0.638619
0.643363
0.637773
0.640868
0.626057
0.633118
0.633548
0.629225
0.63656
0.628468
0.642255
0.6361
0.642957
0.632586
0.642443
0.628927
0.631895
0.632976
0.632713
0.636285
0.637775
0.629267
0.634914
0.626928
0.632896
0.627308
0.625474
0.628851
0.627953
0.628231
0.632129
0.628586
0.62705
0.627814
0.626366
0.621485
0.631839
0.622492
0.621571
0.621326
0.623467
0.621539
0.617309
0.61626
0.61194
0.622333
0.621922
0.622384
0.621123
0.618487
0.62146
0.617475
0.615724
0.613174
0.622119
0.617668
0.6166
0.621372
0.618077
0.621708
0.618438
0.616631
0.610961
0.615929
0.611734
0.611967
0.616702
0.612807
0.616329
0.611881
0.610658
0.606062
0.614956
0.611158
0.612458
0.615773
0.607038
0.611149
0.606844
0.606159
0.600578
0.61145
0.611666
0.605911
0.610513
0.60786
0.610569
0.607009
0.604701
0.60498
0.610038
0.607312
0.607491
0.610397
0.607722
0.610778
0.606297
0.608105
0.602187
0.611528
0.60612
0.605987
0.610037
0.607745
0.605021
0.601887
0.600902
0.597546
0.604946
0.602875
0.601885
0.605949
0.602267
0.605651
0.60121
0.599821
0.590003
0.600988
0.595212
0.594889
0.60068
0.596519
0.600396
0.596193
0.594784
0.590107
0.599479
0.595665
0.598853
0.599759
0.596566
0.600091
0.595944
0.594503
0.589826
0.595785
0.590474
0.589859
0.594451
0.591856
0.594916
0.590193
0.589707
0.586798
0.596169
0.59093
0.590937
0.594909
0.591496
0.594977
0.590263
0.590051
0.58538
0.59474
0.589883
0.589775
0.593664
0.591519
0.596185
0.590536
0.58948
0.585048
0.5841
0.580148
0.579966
0.584817
0.580952
0.584149
0.580036
0.578513
0.573909
0.583655
