1.53026
1.22328
0.936237
-0.844128
-0.82428
-0.805939
-0.788951
-0.773175
-0.75849
-0.744787
-0.731968
-0.71995
-0.708655
-0.698016
-0.687974
-0.678475
-0.669478
-0.660945
-0.652843
-0.645139
-0.637801
-0.630796
-0.624095
-0.617669
-0.611493
-0.605546
-0.599808
-0.594264
-0.588901
-0.583706
-0.57867
-0.573785
-0.569042
-0.564435
-0.559958
-0.555605
-0.551371
-0.547251
-0.54324
-0.539334
-0.535529
-0.531822
-0.528208
-0.524684
-0.521419
-0.518238
-0.515104
-0.512044
-0.508998
-0.506082
-0.503152
-0.500289
-0.497461
-0.494706
-0.491985
-0.489323
-0.486713
-0.484188
-0.481671
-0.479199
-0.476778
-0.474405
-0.472078
-0.469796
-0.467556
-0.465359
-0.463246
-0.461132
-0.459077
-0.457087
-0.455136
-0.453225
-0.451351
-0.449514
-0.447713
-0.445946
-0.444211
-0.442507
-0.440833
-0.439189
-0.437575
-0.435989
-0.434431
-0.4329
-0.431396
-0.429918
-0.428465
-0.427038
-0.425635
-0.424256
-0.4229
-0.421567
-0.420257
-0.418969
-0.417702
-0.416456
-0.415231
-0.414026
-0.412841
-0.411675
-0.410528
-0.4094
-0.40829
-0.407198
-0.406123
-0.405065
-0.404025
-0.403
-0.401992
-0.401
-0.400023
-0.399061
-0.398115
-0.397183
-0.396265
-0.395362
-0.394472
-0.393596
-0.392733
-0.391884
-0.391047
-0.390222
-0.389411
-0.388611
-0.387823
-0.387047
-0.386282
-0.385529
-0.384786
-0.384055
-0.383334
-0.382624
-0.381924
-0.381234
-0.380554
-0.379884
-0.379224
-0.378573
-0.377931
-0.377298
-0.376675
-0.37606
-0.375454
-0.374856
-0.374267
-0.373686
-0.373113
-0.372548
-0.371991
-0.371442
-0.3709
-0.370366
-0.369839
-0.36932
-0.368807
-0.368302
-0.367803
-0.367311
-0.366826
-0.366347
-0.365875
-0.365409
-0.364949
-0.364496
-0.364048
-0.363607
-0.363171
-0.362742
-0.362317
-0.361899
-0.361486
-0.361078
-0.360676
-0.360279
-0.359888
-0.359501
-0.35912
-0.358743
-0.358371
-0.358005
-0.357642
-0.357285
-0.356932
-0.356584
-0.35624
-0.355901
-0.355566
-0.355235
-0.354908
-0.354586
-0.354268
-0.353953
-0.353643
-0.353337
-0.353034
-0.352736
-0.352441
-0.352149
-0.351862
-0.351578
-0.351298
-0.351021
-0.350747
-0.350477
-0.35021
-0.349947
-0.349687
-0.34943
-0.349176
-0.348926
-0.348678
-0.348434
-0.348193
-0.347954
-0.347719
-0.347486
-0.347256
-0.347029
-0.346805
-0.346584
-0.346365
-0.346149
-0.345935
-0.345724
-0.345516
-0.34531
-0.345107
-0.344906
-0.344707
-0.344511
-0.344318
-0.344126
-0.343937
-0.34375
-0.343566
-0.343383
-0.343203
-0.343025
-0.342849
-0.342675
-0.342504
-0.342334
-0.342166
-0.342
-0.341837
-0.341675
-0.341515
-0.341357
-0.341201
-0.341047
-0.340894
-0.340744
-0.340595
-0.340447
-0.340302
-0.340158
-0.340016
-0.339876
-0.339737
-0.3396
-0.339465
-0.339331
-0.339199
-0.339068
-0.338939
-0.338811
-0.338685
-0.33856
-0.338436
-0.338314
-0.338194
-0.338075
-0.337957
-0.337841
-0.337726
-0.337612
-0.3375
-0.337388
-0.337279
-0.33717
-0.337063
-0.336957
-0.336852
-0.336749
-0.336646
-0.336545
-0.336445
-0.336346
-0.336248
-0.336152
-0.336056
-0.335962
-0.335868
-0.335776
-0.335684
-0.335594
-0.335505
-0.335417
-0.33533
-0.335244
-0.335158
-0.335074
-0.334991
-0.334909
-0.334827
-0.334747
-0.334667
-0.334589
-0.334511
-0.334434
-0.334358
-0.334283
-0.334209
-0.334135
-0.334063
-0.333991
-0.33392
-0.33385
-0.33378
-0.333712
-0.333644
-0.333577
-0.333511
-0.333445
-0.33338
-0.333316
-0.333253
-0.33319
-0.333128
-0.333067
-0.333006
-0.332946
-0.332887
-0.332829
-0.332771
-0.332714
-0.332657
-0.332601
-0.332546
-0.332491
-0.332437
-0.332383
-0.332331
-0.332278
-0.332227
-0.332175
-0.332125
-0.332075
-0.332025
-0.331977
-0.331928
-0.33188
-0.331833
-0.331786
-0.33174
-0.331694
-0.331649
-0.331605
-0.33156
-0.331517
-0.331473
-0.331431
-0.331388
-0.331347
-0.331305
-0.331264
-0.331224
-0.331184
-0.331145
-0.331106
-0.331067
-0.331029
-0.330991
-0.330954
-0.330917
-0.33088
-0.330844
-0.330808
-0.330773
-0.330738
-0.330703
-0.330669
-0.330635
-0.330602
-0.330569
-0.330536
-0.330504
-0.330472
-0.33044
-0.330409
-0.330378
-0.330347
-0.330317
-0.330287
-0.330258
-0.330228
-0.330199
-0.330171
-0.330143
-0.330115
-0.330087
-0.33006
-0.330032
-0.330006
-0.329979
-0.329953
-0.329927
-0.329902
-0.329876
-0.329851
-0.329826
-0.329802
-0.329778
-0.329754
-0.32973
-0.329707
-0.329683
-0.329661
-0.329638
-0.329615
-0.329593
-0.329571
-0.32955
-0.329528
-0.329507
-0.329486
-0.329465
-0.329445
-0.329424
-0.329404
-0.329385
-0.329365
-0.329345
-0.329326
-0.329307
-0.329288
-0.32927
-0.329252
-0.329233
-0.329215
-0.329198
-0.32918
-0.329163
-0.329145
-0.329128
-0.329112
-0.329095
-0.329078
-0.329062
-0.329046
-0.32903
-0.329014
-0.328999
-0.328983
-0.328968
-0.328953
-0.328938
-0.328924
-0.328909
-0.328895
-0.32888
-0.328866
-0.328852
-0.328838
-0.328825
-0.328811
-0.328798
-0.328785
-0.328772
-0.328759
-0.328746
-0.328733
-0.328721
-0.328708
-0.328696
-0.328684
-0.328672
-0.32866
-0.328649
-0.328637
-0.328626
-0.328614
-0.328603
-0.328592
-0.328581
-0.32857
-0.32856
-0.328549
-0.328539
-0.328528
-0.328518
-0.328508
-0.328498
-0.328488
-0.328478
-0.328468
-0.328459
-0.328449
-0.32844
-0.328431
-0.328421
-0.328412
-0.328403
-0.328394
-0.328386
-0.328377
-0.328368
-0.32836
-0.328351
-0.328343
-0.328335
-0.328327
-0.328319
-0.328311
-0.328303
-0.328295
-0.328287
-0.32828
-0.328272
-0.328265
-0.328257
-0.32825
-0.328243
-0.328236
-0.328229
-0.328222
-0.328215
-0.328208
-0.328201
-0.328194
-0.328188
-0.328181
-0.328175
-0.328168
-0.328162
-0.328156
-0.32815
-0.328143
-0.328137
-0.328131
-0.328126
-0.32812
-0.328114
-0.328108
-0.328102
-0.328097
-0.328091
-0.328086
-0.32808
-0.328075
-0.32807
-0.328064
-0.328059
-0.328054
-0.328049
-0.328044
-0.328039
-0.328034
-0.328029
-0.328024
-0.32802
-0.328015
-0.32801
-0.328006
-0.328001
-0.327997
-0.327992
-0.327988
-0.327983
-0.327979
-0.327975
-0.327971
-0.327966
-0.327962
-0.327958
-0.327954
-0.32795
-0.327946
-0.327942
-0.327939
-0.327935
-0.327931
-0.327927
-0.327923
-0.32792
-0.327916
-0.327913
-0.327909
-0.327906
-0.327902
-0.327899
-0.327895
-0.327892
-0.327889
-0.327885
-0.327882
-0.327879
-0.327876
-0.327873
-0.327869
-0.327866
-0.327863
-0.32786
-0.327857
-0.327854
-0.327852
-0.327849
-0.327846
-0.327843
-0.32784
-0.327837
-0.327835
-0.327832
-0.327829
-0.327827
-0.327824
-0.327822
-0.327819
-0.327816
-0.327814
-0.327812
-0.327809
-0.327807
-0.327804
-0.327802
-0.3278
-0.327797
-0.327795
-0.327793
-0.32779
-0.327788
-0.327786
-0.327784
-0.327782
-0.32778
-0.327778
-0.327775
-0.327773
-0.327771
-0.327769
-0.327767
-0.327765
-0.327764
-0.327762
-0.32776
-0.327758
-0.327756
-0.327754
-0.327752
-0.327751
-0.327749
-0.327747
-0.327745
-0.327744
-0.327742
-0.32774
-0.327738
-0.327737
-0.327735
-0.327734
-0.327732
-0.32773
-0.327729
-0.327727
-0.327726
-0.327724
-0.327723
-0.327721
-0.32772
-0.327718
-0.327717
-0.327716
-0.327714
-0.327713
-0.327711
-0.32771
-0.327709
-0.327707
-0.327706
-0.327705
-0.327704
-0.327702
-0.327701
-0.3277
-0.327699
-0.327697
-0.327696
-0.327695
-0.327694
-0.327693
-0.327691
-0.32769
-0.327689
-0.327688
-0.327687
-0.327686
-0.327685
-0.327684
-0.327683
-0.327682
-0.327681
-0.32768
-0.327679
-0.327678
-0.327677
-0.327676
-0.327675
-0.327674
-0.327673
-0.327672
-0.327671
-0.32767
-0.327669
-0.327668
-0.327667
-0.327666
-0.327666
-0.327665
-0.327664
-0.327663
-0.327662
-0.327661
-0.327661
-0.32766
-0.327659
-0.327658
-0.327657
-0.327657
-0.327656
-0.327655
-0.327654
-0.327654
-0.327653
-0.327652
-0.327652
-0.327651
-0.32765
-0.327649
-0.327649
-0.327648
-0.327647
-0.327647
-0.327646
-0.327645
-0.327645
-0.327644
-0.327644
-0.327643
-0.327642
-0.327642
-0.327641
-0.327641
-0.32764
-0.327639
-0.327639
-0.327638
-0.327638
-0.327637
-0.327637
-0.327636
-0.327636
-0.327635
-0.327635
-0.327634
-0.327633
-0.327633
-0.327632
-0.327632
-0.327631
-0.327631
-0.327631
-0.32763
-0.32763
-0.327629
-0.327629
-0.327628
-0.327628
-0.327627
-0.327627
-0.327626
-0.327626
-0.327626
-0.327625
-0.327625
-0.327624
-0.327624
-0.327624
-0.327623
-0.327623
-0.327622
-0.327622
-0.327622
-0.327621
-0.327621
-0.32762
-0.32762
-0.32762
-0.327619
-0.327619
-0.327619
-0.327618
-0.327618
-0.327618
-0.327617
-0.327617
-0.327617
-0.327616
-0.327616
-0.327616
-0.327615
-0.327615
-0.327615
-0.327614
-0.327614
-0.327614
-0.327614
-0.327613
-0.327613
-0.327613
-0.327612
-0.327612
-0.327612
-0.327612
-0.327611
-0.327611
-0.327611
-0.327611
-0.32761
-0.32761
-0.32761
-0.32761
-0.327609
-0.327609
-0.327609
-0.327609
-0.327608
-0.327608
-0.327608
-0.327608
-0.327607
-0.327607
-0.327607
-0.327607
-0.327607
-0.327606
-0.327606
-0.327606
-0.327606
-0.327605
-0.327605
-0.327605
-0.327605
-0.327605
-0.327605
-0.327604
-0.327604
-0.327604
-0.327604
-0.327604
-0.327603
-0.327603
-0.327603
-0.327603
-0.327603
-0.327603
-0.327602
-0.327602
-0.327602
-0.327602
-0.327602
-0.327602
-0.327601
-0.327601
-0.327601
-0.327601
-0.327601
-0.327601
-0.3276
-0.3276
-0.3276
-0.3276
-0.3276
-0.3276
-0.3276
-0.327599
-0.327599
-0.327599
-0.327599
-0.327599
-0.327599
-0.327599
-0.327599
-0.327598
-0.327598
-0.327598
-0.327598
-0.327598
-0.327598
-0.327598
-0.327598
-0.327597
-0.327597
-0.327597
-0.327597
-0.327597
-0.327597
-0.327597
-0.327597
-0.327597
-0.327596
-0.327596
-0.327596
-0.327596
-0.327596
-0.327596
-0.327596
-0.327596
-0.327596
-0.327596
-0.327595
-0.327595
-0.327595
-0.327595
-0.327595
-0.327595
-0.327595
-0.327595
-0.327595
-0.327595
-0.327595
-0.327594
-0.327594
-0.327594
-0.327594
-0.327594
-0.327594
-0.327594
-0.327594
-0.327594
-0.327594
-0.327594
-0.327594
-0.327594
-0.327593
-0.327593
-0.327593
-0.327593
-0.327593
-0.327593
-0.327593
-0.327593
-0.327593
-0.327593
-0.327593
-0.327593
-0.327593
-0.327593
-0.327593
-0.327592
-0.327592
-0.327592
-0.327592
-0.327592
-0.327592
-0.327592
-0.327592
-0.327592
-0.327592
-0.327592
-0.327592
-0.327592
-0.327592
-0.327592
-0.327592
-0.327592
-0.327592
-0.327591
-0.327591
-0.327591
-0.327591
-0.327591
-0.327591
-0.327591
-0.327591
-0.327591
-0.327591
-0.327591
-0.327591
-0.327591
-0.327591
-0.327591
-0.327591
-0.327591
-0.327591
-0.327591
-0.327591
-0.327591
-0.327591
-0.32759
-0.32759
-0.32759
-0.32759
-0.32759
-0.32759
-0.32759
-0.32759
-0.32759
-0.32759
-0.32759
-0.32759
-0.32759
-0.32759
-0.32759
-0.32759
-0.32759
-0.32759
-0.32759
-0.32759
-0.32759
-0.32759
-0.32759
-0.32759
-0.32759
-0.32759
-0.32759
-0.32759
-0.32759
-0.32759
-0.327589
-0.327589
-0.327589
-0.327589
-0.327589
-0.327589
-0.327589
-0.327589
-0.327589
-0.327589
-0.327589
-0.327589
-0.327589
-0.327589
-0.327589
-0.327589
-0.327589
-0.327589
-0.327589
-0.327589
-0.327589
-0.327589
-0.327589
-0.327589
-0.327589
-0.327589
-0.327589
-0.327589
-0.327589
-0.327589
-0.327589
-0.327589
-0.327589
-0.327589
-0.327589
-0.327589
-0.327589
-0.327589
-0.327589
-0.327589
-0.327589
-0.327589
-0.327589
-0.327589
-0.327588
-0.327588
-0.327588
-0.327588
-0.327588
-0.327588
-0.327588
-0.327588
-0.327588
-0.327588
-0.327588
-0.327588
-0.327588
-0.327588
-0.327588
-0.327588
-0.327588
-0.327588
-0.327588
-0.327588
-0.327588
-0.327588
-0.327588
-0.327588
-0.327588
-0.327588
-0.327588
-0.327588
-0.327588
-0.327588
-0.327588
-0.327588
-0.327588
-0.327588
-0.327588
-0.327588
-0.327588
-0.327588
-0.327588
-0.327588
-0.327588
-0.327588
-0.327588
-0.327588
-0.327588
-0.327588
-0.327588
-0.327588
-0.327588
-0.327588
-0.327588
-0.327588
-0.327588
-0.327588
-0.327588
-0.327588
-0.327588
-0.327588
-0.327588
-0.327588
-0.327588
-0.327588
-0.327588
-0.327588
-0.327588
-0.327588
-0.327588
-0.327588
-0.327588
-0.327588
-0.327588
-0.327588
-0.327588
-0.327588
-0.327588
-0.327588
-0.327588
-0.327588
-0.327588
-0.327588
-0.327588
-0.327588
-0.327588
-0.327588
-0.327588
-0.327588
-0.327588
-0.327588
-0.327587
-0.327587
-0.327587
-0.327587
-0.327587
-0.327587
-0.327587
-0.327587
-0.327587
-0.327587
-0.327587
-0.327587
-0.327587
-0.327587
-0.327587
-0.327587
-0.327587
-0.327587
-0.327587
-0.327587
-0.327587
-0.327587
-0.327587
-0.327587
-0.327587
-0.327587
-0.327587
-0.327587
-0.327587
-0.327587
-0.327587
-0.327587
-0.327587
-0.327587
-0.327587
-0.327587
-0.327587
-0.327587
-0.327587
-0.327587
-0.327587
-0.327587
-0.327587
-0.327587
-0.327587
-0.327587
-0.327587
-0.327587
-0.327587
-0.327587
-0.327587
-0.327587
-0.327587
-0.327587
-0.327587
-0.327587
-0.327587
-0.327587
-0.327587
-0.327587
-0.327587
-0.327587
-0.327587
-0.327587
-0.327587
-0.327587
-0.327587
-0.327587
-0.327587
-0.327587
-0.327587
-0.327587
-0.327587
-0.327587
-0.327587
-0.327587
-0.327587
-0.327587
-0.327587
-0.327587
-0.327587
-0.327587
-0.327587
-0.327587
-0.327587
-0.327587
-0.327587
-0.327587
-0.327587
-0.327587
-0.327587
-0.327587
-0.327587
-0.327587
-0.327587
-0.327587
-0.327587
-0.327587
-0.327587
-0.327587
-0.327587
-0.327587
-0.327587
-0.327587
-0.327587
-0.327587
-0.327587
-0.327587
-0.327587
-0.327587
-0.327587
-0.327587
-0.327587
-0.327587
-0.327587
-0.327587
-0.327587
-0.327587
-0.327587
-0.327587
-0.327587
-0.327587
-0.327587
-0.327587
-0.327587
-0.327587
-0.327587
-0.327587
-0.327587
-0.327587
-0.327587
-0.327587
-0.327587
-0.327587
-0.327587
-0.327587
-0.327587
-0.327587
-0.327587
-0.327587
-0.327587
-0.327587
-0.327587
-0.327587
-0.327587
-0.327587
-0.327587
-0.327587
-0.327587
-0.327587
-0.327587
-0.327587
-0.327587
-0.327587
-0.327587
-0.327587
-0.327587
-0.327587
-0.327587
-0.327587
-0.327587
-0.327587
-0.327587
-0.327587
-0.327587
-0.327587
-0.327587
-0.327587
-0.327587
-0.327587
-0.327587
-0.327587
-0.327587
-0.327587
-0.327587
-0.327587
-0.327587
-0.327587
-0.327587
-0.327587
-0.327587
-0.327587
-0.327587
-0.327587
-0.327587
-0.327587
-0.327587
-0.327587
-0.327587
-0.327587
-0.327587
-0.327587
-0.327587
-0.327587
-0.327587
-0.327587
-0.327587
-0.327587
-0.327587
-0.327587
-0.327587
-0.327587
-0.327587
-0.327587
-0.327587
-0.327587
-0.327587
-0.327587
-0.327587
-0.327587
-0.327587
-0.327587
-0.327587
-0.327587
-0.327587
-0.327587
-0.327587
-0.327587
-0.327587
-0.327587
-0.327587
-0.327587
-0.327587
-0.327587
-0.327587
-0.327587
-0.327587
-0.327587
-0.327587
-0.327587
-0.327587
-0.327587
-0.327587
-0.327587
-0.327587
-0.327587
-0.327587
-0.327587
-0.327587
-0.327587
-0.327587
-0.327587
-0.327587
-0.327587
-0.327587
-0.327587
-0.327587
-0.327587
-0.327587
-0.327587
-0.327587
-0.327587
-0.327587
-0.327587
-0.327587
-0.327587
-0.327587
-0.327587
-0.327587
-0.327587
-0.327587
-0.327587
-0.327587
-0.327587
-0.327587
-0.327587
-0.327587
-0.327587
-0.327587
-0.327587
-0.327587
-0.327587
-0.327587
-0.327587
-0.327587
-0.327587
-0.327587
-0.327587
-0.327587
-0.327587
-0.327587
-0.327587
-0.327587
-0.327587
-0.327587
-0.327587
-0.327587
-0.327587
-0.327587
-0.327587
-0.327587
-0.327587
-0.327587
-0.327587
-0.327587
-0.327587
-0.327587
-0.327587
-0.327587
-0.327587
-0.327587
-0.327587
-0.327587
-0.327587
-0.327587
-0.327587
-0.327587
-0.327587
-0.327587
-0.327587
-0.327587
-0.327587
-0.327587
-0.327587
-0.327587
-0.327587
-0.327587
-0.327587
-0.327587
-0.327587
-0.327587
-0.327587
-0.327587
-0.327587
-0.327587
-0.327587
-0.327587
-0.327587
-0.327587
-0.327587
-0.327587
-0.327587
-0.327587
-0.327587
-0.327587
-0.327587
-0.327587
-0.327587
-0.327587
-0.327587
-0.327587
-0.327587
-0.327587
-0.327587
-0.327587
-0.327587
-0.327587
-0.327587
-0.327587
-0.327587
-0.327587
-0.327587
-0.327587
-0.327587
-0.327587
-0.327587
-0.327587
-0.327587
-0.327587
-0.327587
-0.327587
-0.327587
-0.327587
-0.327587
-0.327587
-0.327587
-0.327587
-0.327587
-0.327587
-0.327587
-0.327587
-0.327587
-0.327587
-0.327587
-0.327587
-0.327587
-0.327587
-0.327587
-0.327587
-0.327587
-0.327587
-0.327587
-0.327587
-0.327587
-0.327587
-0.327587
-0.327587
-0.327587
-0.327587
-0.327587
-0.327587
-0.327587
-0.327587
-0.327587
-0.327587
-0.327587
-0.327587
-0.327587
-0.327587
-0.327587
-0.327587
-0.327587
-0.327587
-0.327587
-0.327587
-0.327587
-0.327587
-0.327587
-0.327587
-0.327587
-0.327587
-0.327587
-0.327587
-0.327587
-0.327587
-0.327587
-0.327587
-0.327587
-0.327587
-0.327587
-0.327587
-0.327587
-0.327587
-0.327587
-0.327587
-0.327587
-0.327587
-0.327587
-0.327587
-0.327587
-0.327587
-0.327587
-0.327587
-0.327587
-0.327587
-0.327587
-0.327587
-0.327587
-0.327587
-0.327587
-0.327587
-0.327587
-0.327587
-0.327587
-0.327587
-0.327587
-0.327587
-0.327587
-0.327587
-0.327587
-0.327587
-0.327587
-0.327587
-0.327587
-0.327587
-0.327587
-0.327587
-0.327587
-0.327587
-0.327587
-0.327587
-0.327587
-0.327587
-0.327587
-0.327587
-0.327587
-0.327587
-0.327587
-0.327587
-0.327587
-0.327587
-0.327587
-0.327587
-0.327587
-0.327587
-0.327587
-0.327587
-0.327587
-0.327587
-0.327587
-0.327587
-0.327587
-0.327587
-0.327587
-0.327587
-0.327587
-0.327587
-0.327587
-0.327587
-0.327587
-0.327587
-0.327587
-0.327587
-0.327587
-0.327587
-0.327587
-0.327587
-0.327587
-0.327587
-0.327587
-0.327587
-0.327587
-0.327587
-0.327587
-0.327587
-0.327587
-0.327587
-0.327587
-0.327587
-0.327587
-0.327587
-0.327587
-0.327587
-0.327587
-0.327587
-0.327587
-0.327587
-0.327587
-0.327587
-0.327587
-0.327587
-0.327587
-0.327587
-0.327587
-0.327587
-0.327587
-0.327587
-0.327587
-0.327587
-0.327587
-0.327587
-0.327587
-0.327587
-0.327587
-0.327587
-0.327587
-0.327587
-0.327587
-0.327587
-0.327587
-0.327587
-0.327587
-0.327587
-0.327587
-0.327587
-0.327587
-0.327587
-0.327587
-0.327587
-0.327587
-0.327587
-0.327587
-0.327587
-0.327587
-0.327587
-0.327587
-0.327587
-0.327587
-0.327587
-0.327587
-0.327587
-0.327587
-0.327587
-0.327587
-0.327587
-0.327587
-0.327587
-0.327587
-0.327587
-0.327587
-0.327587
-0.327587
-0.327587
-0.327587
-0.327587
-0.327587
-0.327587
-0.327587
-0.327587
-0.327587
-0.327587
-0.327587
-0.327587
-0.327587
-0.327587
-0.327587
-0.327587
-0.327587
-0.327587
-0.327587
-0.327587
-0.327587
-0.327587
-0.327587
-0.327587
-0.327587
-0.327587
-0.327587
-0.327587
-0.327587
-0.327587
-0.327587
-0.327587
-0.327587
-0.327587
-0.327587
-0.327587
-0.327587
-0.327587
-0.327587
-0.327587
-0.327587
-0.327587
-0.327587
-0.327587
-0.327587
-0.327587
-0.327587
-0.327587
-0.327587
-0.327587
-0.327587
-0.327587
-0.327587
-0.327587
-0.327587
-0.327587
-0.327587
-0.327587
-0.327587
-0.327587
-0.327587
-0.327587
-0.327587
-0.327587
-0.327587
-0.327587
-0.327587
-0.327587
-0.327587
-0.327587
-0.327587
-0.327587
-0.327587
-0.327587
-0.327587
-0.327587
-0.327587
-0.327587
-0.327587
-0.327587
-0.327587
-0.327587
-0.327587
-0.327587
-0.327587
-0.327587
-0.327587
-0.327587
-0.327587
-0.327587
-0.327587
-0.327587
-0.327587
-0.327587
-0.327587
-0.327587
-0.327587
-0.327587
-0.327587
-0.327587
-0.327587
-0.327587
-0.327587
-0.327587
-0.327587
-0.327587
-0.327587
-0.327587
-0.327587
-0.327587
-0.327587
-0.327587
-0.327587
-0.327587
-0.327587
-0.327587
-0.327587
-0.327587
-0.327587
-0.327587
-0.327587
-0.327587
-0.327587
-0.327587
-0.327587
-0.327587
-0.327587
-0.327587
-0.327587
-0.327587
-0.327587
-0.327587
-0.327587
-0.327587
-0.327587
-0.327587
-0.327587
-0.327587
-0.327587
-0.327587
-0.327587
-0.327587
-0.327587
-0.327587
-0.327587
-0.327587
-0.327587
-0.327587
-0.327587
-0.327587
-0.327587
-0.327587
-0.327587
-0.327587
-0.327587
-0.327587
-0.327587
-0.327587
-0.327587
-0.327587
-0.327587
-0.327587
-0.327587
-0.327587
-0.327587
-0.327587
-0.327587
-0.327587
-0.327587
-0.327587
-0.327587
-0.327587
-0.327587
-0.327587
-0.327587
-0.327587
-0.327587
-0.327587
-0.327587
-0.327587
-0.327587
-0.327587
-0.327587
-0.327587
-0.327587
-0.327587
-0.327587
-0.327587
-0.327587
-0.327587
-0.327587
-0.327587
-0.327587
-0.327587
-0.327587
-0.327587
-0.327587
-0.327587
-0.327587
-0.327587
-0.327587
-0.327587
-0.327587
-0.327587
-0.327587
-0.327587
-0.327587
-0.327587
-0.327587
-0.327587
-0.327587
-0.327587
-0.327587
-0.327587
-0.327587
-0.327587
-0.327587
-0.327587
-0.327587
-0.327587
-0.327587
-0.327587
-0.327587
-0.327587
-0.327587
-0.327587
-0.327587
-0.327587
-0.327587
-0.327587
-0.327587
-0.327587
-0.327587
-0.327587
-0.327587
-0.327587
-0.327587
-0.327587
-0.327587
-0.327587
-0.327587
-0.327587
-0.327587
-0.327587
-0.327587
-0.327587
-0.327587
-0.327587
-0.327587
-0.327587
-0.327587
-0.327587
-0.327587
-0.327587
-0.327587
-0.327587
-0.327587
-0.327587
-0.327587
-0.327587
-0.327587
-0.327587
-0.327587
-0.327587
-0.327587
-0.327587
-0.327587
-0.327587
-0.327587
-0.327587
-0.327587
-0.327587
-0.327587
-0.327587
-0.327587
-0.327587
-0.327587
-0.327587
-0.327587
-0.327587
-0.327587
-0.327587
-0.327587
-0.327587
-0.327587
-0.327587
-0.327587
-0.327587
-0.327587
-0.327587
-0.327587
-0.327587
-0.327587
-0.327587
-0.327587
-0.327587
-0.327587
-0.327587
-0.327587
-0.327587
-0.327587
-0.327587
-0.327587
-0.327587
-0.327587
-0.327587
-0.327587
-0.327587
-0.327587
-0.327587
-0.327587
-0.327587
-0.327587
-0.327587
-0.327587
-0.327587
-0.327587
-0.327587
-0.327587
-0.327587
-0.327587
-0.327587
-0.327587
-0.327587
-0.327587
-0.327587
-0.327587
-0.327587
-0.327587
-0.327587
-0.327587
-0.327587
-0.327587
-0.327587
-0.327587
-0.327587
-0.327587
-0.327587
-0.327587
-0.327587
-0.327587
-0.327587
-0.327587
-0.327587
-0.327587
-0.327587
-0.327587
-0.327587
-0.327587
-0.327587
-0.327587
-0.327587
-0.327587
-0.327587
-0.327587
-0.327587
-0.327587
-0.327587
-0.327587
-0.327587
-0.327587
-0.327587
-0.327587
-0.327587
-0.327587
-0.327587
-0.327587
-0.327587
-0.327587
-0.327587
-0.327587
-0.327587
-0.327587
-0.327587
-0.327587
-0.327587
-0.327587
-0.327587
-0.327587
-0.327587
-0.327587
-0.327587
-0.327587
-0.327587
-0.327587
-0.327587
-0.327587
-0.327587
-0.327587
-0.327587
-0.327587
-0.327587
-0.327587
-0.327587
-0.327587
-0.327587
-0.327587
-0.327587
-0.327587
-0.327587
-0.327587
-0.327587
-0.327587
-0.327587
-0.327587
-0.327587
-0.327587
-0.327587
-0.327587
-0.327587
-0.327587
-0.327587
-0.327587
-0.327587
-0.327587
-0.327587
-0.327587
-0.327587
-0.327587
-0.327587
-0.327587
-0.327587
-0.327587
-0.327587
-0.327587
-0.327587
-0.327587
-0.327587
-0.327587
-0.327587
-0.327587
-0.327587
-0.327587
-0.327587
-0.327587
-0.327587
-0.327587
-0.327587
-0.327587
-0.327587
-0.327587
-0.327587
-0.327587
-0.327587
-0.327587
-0.327587
-0.327587
-0.327587
-0.327587
-0.327587
-0.327587
-0.327587
-0.327587
-0.327587
-0.327587
-0.327587
-0.327587
-0.327587
-0.327587
-0.327587
-0.327587
-0.327587
-0.327587
-0.327587
-0.327587
-0.327587
-0.327587
-0.327587
-0.327587
-0.327587
-0.327587
-0.327587
-0.327587
-0.327587
-0.327587
-0.327587
-0.327587
-0.327587
-0.327587
-0.327587
-0.327587
-0.327587
-0.327587
-0.327587
-0.327587
-0.327587
-0.327587
-0.327587
-0.327587
-0.327587
-0.327587
-0.327587
-0.327587
-0.327587
-0.327587
-0.327587
-0.327587
-0.327587
-0.327587
-0.327587
-0.327587
-0.327587
-0.327587
-0.327587
-0.327587
-0.327587
-0.327587
-0.327587
-0.327587
-0.327587
-0.327587
-0.327587
-0.327587
-0.327587
-0.327587
-0.327587
-0.327587
-0.327587
-0.327587
-0.327587
-0.327587
-0.327587
-0.327587
-0.327587
-0.327587
-0.327587
-0.327587
-0.327587
-0.327587
-0.327587
-0.327587
-0.327587
-0.327587
-0.327587
-0.327587
-0.327587
-0.327587
-0.327587
-0.327587
-0.327587
-0.327587
-0.327587
-0.327587
-0.327587
-0.327587
-0.327587
-0.327587
-0.327587
-0.327587
-0.327587
-0.327587
-0.327587
-0.327587
-0.327587
-0.327587
-0.327587
-0.327587
-0.327587
-0.327587
-0.327587
-0.327587
-0.327587
-0.327587
-0.327587
-0.327587
-0.327587
-0.327587
-0.327587
-0.327587
-0.327587
-0.327587
-0.327587
-0.327587
-0.327587
-0.327587
-0.327587
-0.327587
-0.327587
-0.327587
-0.327587
-0.327587
-0.327587
-0.327587
-0.327587
-0.327587
-0.327587
-0.327587
-0.327587
-0.327587
-0.327587
-0.327587
-0.327587
-0.327587
-0.327587
-0.327587
-0.327587
-0.327587
-0.327587
-0.327587
-0.327587
-0.327587
-0.327587
-0.327587
-0.327587
-0.327587
-0.327587
-0.327587
-0.327587
-0.327587
-0.327587
-0.327587
-0.327587
-0.327587
-0.327587
-0.327587
-0.327587
-0.327587
-0.327587
-0.327587
-0.327587
-0.327587
-0.327587
-0.327587
-0.327587
-0.327587
-0.327587
-0.327587
-0.327587
-0.327587
-0.327587
-0.327587
-0.327587
-0.327587
-0.327587
-0.327587
-0.327587
-0.327587
-0.327587
-0.327587
-0.327587
-0.327587
-0.327587
-0.327587
-0.327587
-0.327587
-0.327587
-0.327587
-0.327587
-0.327587
-0.327587
-0.327587
-0.327587
-0.327587
-0.327587
-0.327587
-0.327587
-0.327587
-0.327587
-0.327587
-0.327587
-0.327587
-0.327587
-0.327587
-0.327587
-0.327587
-0.327587
-0.327587
-0.327587
-0.327587
-0.327587
-0.327587
-0.327587
-0.327587
-0.327587
-0.327587
-0.327587
-0.327587
-0.327587
-0.327587
-0.327587
-0.327587
-0.327587
-0.327587
-0.327587
-0.327587
-0.327587
-0.327587
-0.327587
-0.327587
-0.327587
-0.327587
-0.327587
-0.327587
-0.327587
-0.327587
-0.327587
-0.327587
-0.327587
-0.327587
-0.327587
-0.327587
-0.327587
-0.327587
-0.327587
-0.327587
-0.327587
-0.327587
-0.327587
-0.327587
-0.327587
-0.327587
-0.327587
-0.327587
-0.327587
-0.327587
-0.327587
-0.327587
-0.327587
-0.327587
-0.327587
-0.327587
-0.327587
-0.327587
-0.327587
-0.327587
-0.327587
-0.327587
-0.327587
-0.327587
-0.327587
-0.327587
-0.327587
-0.327587
-0.327587
-0.327587
-0.327587
-0.327587
-0.327587
-0.327587
-0.327587
-0.327587
-0.327587
-0.327587
-0.327587
-0.327587
-0.327587
-0.327587
-0.327587
-0.327587
-0.327587
-0.327587
-0.327587
-0.327587
-0.327587
-0.327587
-0.327587
-0.327587
-0.327587
-0.327587
-0.327587
-0.327587
-0.327587
-0.327587
-0.327587
-0.327587
-0.327587
-0.327587
-0.327587
-0.327587
-0.327587
-0.327587
-0.327587
-0.327587
-0.327587
-0.327587
-0.327587
-0.327587
-0.327587
-0.327587
-0.327587
-0.327587
-0.327587
-0.327587
-0.327587
-0.327587
-0.327587
-0.327587
-0.327587
-0.327587
-0.327587
-0.327587
-0.327587
-0.327587
-0.327587
-0.327587
-0.327587
-0.327587
-0.327587
-0.327587
-0.327587
-0.327587
-0.327587
-0.327587
-0.327587
-0.327587
-0.327587
-0.327587
-0.327587
-0.327587
-0.327587
-0.327587
-0.327587
-0.327587
-0.327587
-0.327587
-0.327587
-0.327587
-0.327587
-0.327587
-0.327587
-0.327587
-0.327587
-0.327587
-0.327587
-0.327587
-0.327587
-0.327587
-0.327587
-0.327587
-0.327587
-0.327587
-0.327587
-0.327587
-0.327587
-0.327587
-0.327587
-0.327587
-0.327587
-0.327587
-0.327587
-0.327587
-0.327587
-0.327587
-0.327587
-0.327587
-0.327587
-0.327587
-0.327587
-0.327587
-0.327587
-0.327587
-0.327587
-0.327587
-0.327587
-0.327587
-0.327587
-0.327587
-0.327587
-0.327587
-0.327587
-0.327587
-0.327587
-0.327587
-0.327587
-0.327587
-0.327587
-0.327587
-0.327587
-0.327587
-0.327587
-0.327587
-0.327587
-0.327587
-0.327587
-0.327587
-0.327587
-0.327587
-0.327587
-0.327587
-0.327587
-0.327587
-0.327587
-0.327587
-0.327587
-0.327587
-0.327587
-0.327587
-0.327587
-0.327587
-0.327587
-0.327587
-0.327587
-0.327587
-0.327587
-0.327587
-0.327587
-0.327587
-0.327587
-0.327587
-0.327587
-0.327587
-0.327587
-0.327587
-0.327587
-0.327587
-0.327587
-0.327587
-0.327587
-0.327587
-0.327587
-0.327587
-0.327587
-0.327587
-0.327587
-0.327587
-0.327587
-0.327587
-0.327587
-0.327587
-0.327587
-0.327587
-0.327587
-0.327587
-0.327587
-0.327587
-0.327587
-0.327587
-0.327587
-0.327587
-0.327587
-0.327587
-0.327587
-0.327587
-0.327587
-0.327587
-0.327587
-0.327587
-0.327587
-0.327587
-0.327587
-0.327587
-0.327587
-0.327587
-0.327587
-0.327587
-0.327587
-0.327587
-0.327587
-0.327587
-0.327587
-0.327587
-0.327587
-0.327587
-0.327587
-0.327587
-0.327587
-0.327587
-0.327587
-0.327587
-0.327587
-0.327587
-0.327587
-0.327587
-0.327587
-0.327587
-0.327587
-0.327587
-0.327587
-0.327587
-0.327587
-0.327587
-0.327587
-0.327587
-0.327587
-0.327587
-0.327587
-0.327587
-0.327587
-0.327587
-0.327587
-0.327587
-0.327587
-0.327587
-0.327587
-0.327587
-0.327587
-0.327587
-0.327587
-0.327587
-0.327587
-0.327587
-0.327587
-0.327587
-0.327587
-0.327587
-0.327587
-0.327587
-0.327587
-0.327587
-0.327587
-0.327587
-0.327587
-0.327587
-0.327587
-0.327587
-0.327587
-0.327587
-0.327587
-0.327587
-0.327587
-0.327587
-0.327587
-0.327587
-0.327587
-0.327587
-0.327587
-0.327587
-0.327587
-0.327587
-0.327587
-0.327587
-0.327587
-0.327587
-0.327587
-0.327587
-0.327587
-0.327587
-0.327587
-0.327587
-0.327587
-0.327587
-0.327587
-0.327587
-0.327587
-0.327587
-0.327587
-0.327587
-0.327587
-0.327587
-0.327587
-0.327587
-0.327587
-0.327587
-0.327587
-0.327587
-0.327587
-0.327587
-0.327587
-0.327587
-0.327587
-0.327587
-0.327587
-0.327587
-0.327587
-0.327587
-0.327587
-0.327587
-0.327587
-0.327587
-0.327587
-0.327587
-0.327587
-0.327587
-0.327587
-0.327587
-0.327587
-0.327587
-0.327587
-0.327587
-0.327587
-0.327587
-0.327587
-0.327587
-0.327587
-0.327587
-0.327587
-0.327587
-0.327587
-0.327587
-0.327587
-0.327587
-0.327587
-0.327587
-0.327587
-0.327587
-0.327587
-0.327587
-0.327587
-0.327587
-0.327587
-0.327587
-0.327587
-0.327587
-0.327587
-0.327587
-0.327587
-0.327587
-0.327587
-0.327587
-0.327587
-0.327587
-0.327587
-0.327587
-0.327587
-0.327587
-0.327587
-0.327587
-0.327587
-0.327587
-0.327587
-0.327587
-0.327587
-0.327587
-0.327587
-0.327587
-0.327587
-0.327587
-0.327587
-0.327587
-0.327587
-0.327587
-0.327587
-0.327587
-0.327587
-0.327587
-0.327587
-0.327587
-0.327587
-0.327587
-0.327587
-0.327587
-0.327587
-0.327587
-0.327587
-0.327587
-0.327587
-0.327587
-0.327587
-0.327587
-0.327587
-0.327587
-0.327587
-0.327587
-0.327587
-0.327587
-0.327587
-0.327587
-0.327587
-0.327587
-0.327587
-0.327587
-0.327587
-0.327587
-0.327587
-0.327587
-0.327587
-0.327587
-0.327587
-0.327587
-0.327587
-0.327587
-0.327587
-0.327587
-0.327587
-0.327587
-0.327587
-0.327587
-0.327587
-0.327587
-0.327587
-0.327587
-0.327587
-0.327587
-0.327587
-0.327587
-0.327587
-0.327587
-0.327587
-0.327587
-0.327587
-0.327587
-0.327587
-0.327587
-0.327587
-0.327587
-0.327587
-0.327587
-0.327587
-0.327587
-0.327587
-0.327587
-0.327587
-0.327587
-0.327587
-0.327587
-0.327587
-0.327587
-0.327587
-0.327587
-0.327587
-0.327587
-0.327587
-0.327587
-0.327587
-0.327587
-0.327587
-0.327587
-0.327587
-0.327587
-0.327587
-0.327587
-0.327587
-0.327587
-0.327587
-0.327587
-0.327587
-0.327587
-0.327587
-0.327587
-0.327587
-0.327587
-0.327587
-0.327587
-0.327587
-0.327587
-0.327587
-0.327587
-0.327587
-0.327587
-0.327587
-0.327587
-0.327587
-0.327587
-0.327587
-0.327587
-0.327587
-0.327587
-0.327587
-0.327587
-0.327587
-0.327587
-0.327587
-0.327587
-0.327587
-0.327587
-0.327587
-0.327587
-0.327587
-0.327587
-0.327587
-0.327587
-0.327587
-0.327587
-0.327587
-0.327587
-0.327587
-0.327587
-0.327587
-0.327587
-0.327587
-0.327587
-0.327587
-0.327587
-0.327587
-0.327587
-0.327587
-0.327587
-0.327587
-0.327587
-0.327587
-0.327587
-0.327587
-0.327587
-0.327587
-0.327587
-0.327587
-0.327587
-0.327587
-0.327587
-0.327587
-0.327587
-0.327587
-0.327587
-0.327587
-0.327587
-0.327587
-0.327587
-0.327587
-0.327587
-0.327587
-0.327587
-0.327587
-0.327587
-0.327587
-0.327587
-0.327587
-0.327587
-0.327587
-0.327587
-0.327587
-0.327587
-0.327587
-0.327587
-0.327587
-0.327587
-0.327587
-0.327587
-0.327587
-0.327587
-0.327587
-0.327587
-0.327587
-0.327587
-0.327587
-0.327587
-0.327587
-0.327587
-0.327587
-0.327587
-0.327587
-0.327587
-0.327587
-0.327587
-0.327587
-0.327587
-0.327587
-0.327587
-0.327587
-0.327587
-0.327587
-0.327587
-0.327587
-0.327587
-0.327587
-0.327587
-0.327587
-0.327587
-0.327587
-0.327587
-0.327587
-0.327587
-0.327587
-0.327587
-0.327587
-0.327587
-0.327587
-0.327587
-0.327587
-0.327587
-0.327587
-0.327587
-0.327587
-0.327587
-0.327587
-0.327587
-0.327587
-0.327587
-0.327587
-0.327587
-0.327587
-0.327587
-0.327587
-0.327587
-0.327587
-0.327587
-0.327587
-0.327587
-0.327587
-0.327587
-0.327587
-0.327587
-0.327587
-0.327587
-0.327587
-0.327587
-0.327587
-0.327587
-0.327587
-0.327587
-0.327587
-0.327587
-0.327587
-0.327587
-0.327587
-0.327587
-0.327587
-0.327587
-0.327587
-0.327587
-0.327587
-0.327587
-0.327587
-0.327587
-0.327587
-0.327587
-0.327587
-0.327587
-0.327587
-0.327587
-0.327587
-0.327587
-0.327587
-0.327587
-0.327587
-0.327587
-0.327587
-0.327587
-0.327587
-0.327587
-0.327587
-0.327587
-0.327587
-0.327587
-0.327587
-0.327587
-0.327587
-0.327587
-0.327587
-0.327587
-0.327587
-0.327587
-0.327587
-0.327587
-0.327587
-0.327587
-0.327587
-0.327587
-0.327587
-0.327587
-0.327587
-0.327587
-0.327587
-0.327587
-0.327587
-0.327587
-0.327587
-0.327587
-0.327587
-0.327587
-0.327587
-0.327587
-0.327587
-0.327587
-0.327587
-0.327587
-0.327587
-0.327587
-0.327587
-0.327587
-0.327587
-0.327587
-0.327587
-0.327587
-0.327587
-0.327587
-0.327587
-0.327587
-0.327587
-0.327587
-0.327587
-0.327587
-0.327587
-0.327587
-0.327587
-0.327587
-0.327587
-0.327587
-0.327587
-0.327587
-0.327587
-0.327587
-0.327587
-0.327587
-0.327587
-0.327587
-0.327587
-0.327587
-0.327587
-0.327587
-0.327587
-0.327587
-0.327587
-0.327587
-0.327587
-0.327587
-0.327587
-0.327587
-0.327587
-0.327587
-0.327587
-0.327587
-0.327587
-0.327587
-0.327587
-0.327587
-0.327587
-0.327587
-0.327587
-0.327587
-0.327587
-0.327587
-0.327587
-0.327587
-0.327587
-0.327587
-0.327587
-0.327587
-0.327587
-0.327587
-0.327587
-0.327587
-0.327587
-0.327587
-0.327587
-0.327587
-0.327587
-0.327587
-0.327587
-0.327587
-0.327587
-0.327587
-0.327587
-0.327587
-0.327587
-0.327587
-0.327587
-0.327587
-0.327587
-0.327587
-0.327587
-0.327587
-0.327587
-0.327587
-0.327587
-0.327587
-0.327587
-0.327587
-0.327587
-0.327587
-0.327587
-0.327587
-0.327587
-0.327587
-0.327587
-0.327587
-0.327587
-0.327587
-0.327587
-0.327587
-0.327587
-0.327587
-0.327587
-0.327587
-0.327587
-0.327587
-0.327587
-0.327587
-0.327587
-0.327587
-0.327587
-0.327587
-0.327587
-0.327587
-0.327587
-0.327587
-0.327587
-0.327587
-0.327587
-0.327587
-0.327587
-0.327587
-0.327587
-0.327587
-0.327587
-0.327587
-0.327587
-0.327587
-0.327587
-0.327587
-0.327587
-0.327587
-0.327587
-0.327587
-0.327587
-0.327587
-0.327587
-0.327587
-0.327587
-0.327587
-0.327587
-0.327587
-0.327587
-0.327587
-0.327587
-0.327587
-0.327587
-0.327587
-0.327587
-0.327587
-0.327587
-0.327587
-0.327587
-0.327587
-0.327587
-0.327587
-0.327587
-0.327587
-0.327587
-0.327587
-0.327587
-0.327587
-0.327587
-0.327587
-0.327587
-0.327587
-0.327587
-0.327587
-0.327587
-0.327587
-0.327587
-0.327587
-0.327587
-0.327587
-0.327587
-0.327587
-0.327587
-0.327587
-0.327587
-0.327587
-0.327587
-0.327587
-0.327587
-0.327587
-0.327587
-0.327587
-0.327587
-0.327587
-0.327587
-0.327587
-0.327587
-0.327587
-0.327587
-0.327587
-0.327587
-0.327587
-0.327587
-0.327587
-0.327587
-0.327587
-0.327587
-0.327587
-0.327587
-0.327587
-0.327587
-0.327587
-0.327587
-0.327587
-0.327587
-0.327587
-0.327587
-0.327587
-0.327587
-0.327587
-0.327587
-0.327587
-0.327587
-0.327587
-0.327587
-0.327587
-0.327587
-0.327587
-0.327587
-0.327587
-0.327587
-0.327587
-0.327587
-0.327587
-0.327587
-0.327587
-0.327587
-0.327587
-0.327587
-0.327587
-0.327587
-0.327587
-0.327587
-0.327587
-0.327587
-0.327587
-0.327587
-0.327587
-0.327587
-0.327587
-0.327587
-0.327587
-0.327587
-0.327587
-0.327587
-0.327587
-0.327587
-0.327587
-0.327587
-0.327587
-0.327587
-0.327587
-0.327587
-0.327587
-0.327587
-0.327587
-0.327587
-0.327587
-0.327587
-0.327587
-0.327587
-0.327587
-0.327587
-0.327587
-0.327587
-0.327587
-0.327587
-0.327587
-0.327587
-0.327587
-0.327587
-0.327587
-0.327587
-0.327587
-0.327587
-0.327587
-0.327587
-0.327587
-0.327587
-0.327587
-0.327587
-0.327587
-0.327587
-0.327587
-0.327587
-0.327587
-0.327587
-0.327587
-0.327587
-0.327587
-0.327587
-0.327587
-0.327587
-0.327587
-0.327587
-0.327587
-0.327587
-0.327587
-0.327587
-0.327587
-0.327587
-0.327587
-0.327587
-0.327587
-0.327587
-0.327587
-0.327587
-0.327587
-0.327587
-0.327587
-0.327587
-0.327587
-0.327587
-0.327587
-0.327587
-0.327587
-0.327587
-0.327587
-0.327587
-0.327587
-0.327587
-0.327587
-0.327587
-0.327587
-0.327587
-0.327587
-0.327587
-0.327587
-0.327587
-0.327587
-0.327587
-0.327587
-0.327587
-0.327587
-0.327587
-0.327587
-0.327587
-0.327587
-0.327587
-0.327587
-0.327587
-0.327587
-0.327587
-0.327587
-0.327587
-0.327587
-0.327587
-0.327587
-0.327587
-0.327587
-0.327587
-0.327587
-0.327587
-0.327587
-0.327587
-0.327587
-0.327587
-0.327587
-0.327587
-0.327587
-0.327587
-0.327587
-0.327587
-0.327587
-0.327587
-0.327587
-0.327587
-0.327587
-0.327587
-0.327587
-0.327587
-0.327587
-0.327587
-0.327587
-0.327587
-0.327587
-0.327587
-0.327587
-0.327587
-0.327587
-0.327587
-0.327587
-0.327587
-0.327587
-0.327587
-0.327587
-0.327587
-0.327587
-0.327587
-0.327587
-0.327587
-0.327587
-0.327587
-0.327587
-0.327587
-0.327587
-0.327587
-0.327587
-0.327587
-0.327587
-0.327587
-0.327587
-0.327587
-0.327587
-0.327587
-0.327587
-0.327587
-0.327587
-0.327587
-0.327587
-0.327587
-0.327587
-0.327587
-0.327587
-0.327587
-0.327587
-0.327587
-0.327587
-0.327587
-0.327587
-0.327587
-0.327587
-0.327587
-0.327587
-0.327587
-0.327587
-0.327587
-0.327587
-0.327587
-0.327587
-0.327587
-0.327587
-0.327587
-0.327587
-0.327587
-0.327587
-0.327587
-0.327587
-0.327587
-0.327587
-0.327587
-0.327587
-0.327587
-0.327587
-0.327587
-0.327587
-0.327587
-0.327587
-0.327587
-0.327587
-0.327587
-0.327587
-0.327587
-0.327587
-0.327587
-0.327587
-0.327587
-0.327587
-0.327587
-0.327587
-0.327587
-0.327587
-0.327587
-0.327587
-0.327587
-0.327587
-0.327587
-0.327587
-0.327587
-0.327587
-0.327587
-0.327587
-0.327587
-0.327587
-0.327587
-0.327587
-0.327587
-0.327587
-0.327587
-0.327587
-0.327587
-0.327587
-0.327587
-0.327587
-0.327587
-0.327587
-0.327587
-0.327587
-0.327587
-0.327587
-0.327587
-0.327587
-0.327587
-0.327587
-0.327587
-0.327587
-0.327587
-0.327587
-0.327587
-0.327587
-0.327587
-0.327587
-0.327587
-0.327587
-0.327587
-0.327587
-0.327587
-0.327587
-0.327587
-0.327587
-0.327587
-0.327587
-0.327587
-0.327587
-0.327587
-0.327587
-0.327587
-0.327587
-0.327587
-0.327587
-0.327587
-0.327587
-0.327587
-0.327587
-0.327587
-0.327587
-0.327587
-0.327587
-0.327587
-0.327587
-0.327587
-0.327587
-0.327587
-0.327587
-0.327587
-0.327587
-0.327587
-0.327587
-0.327587
-0.327587
-0.327587
-0.327587
-0.327587
-0.327587
-0.327587
-0.327587
-0.327587
-0.327587
-0.327587
-0.327587
-0.327587
-0.327587
-0.327587
-0.327587
-0.327587
-0.327587
-0.327587
-0.327587
-0.327587
-0.327587
-0.327587
-0.327587
-0.327587
-0.327587
-0.327587
-0.327587
-0.327587
-0.327587
-0.327587
-0.327587
-0.327587
-0.327587
-0.327587
-0.327587
-0.327587
-0.327587
-0.327587
-0.327587
-0.327587
-0.327587
-0.327587
-0.327587
-0.327587
-0.327587
-0.327587
-0.327587
-0.327587
-0.327587
-0.327587
-0.327587
-0.327587
-0.327587
-0.327587
-0.327587
-0.327587
-0.327587
-0.327587
-0.327587
-0.327587
-0.327587
-0.327587
-0.327587
-0.327587
-0.327587
-0.327587
-0.327587
-0.327587
-0.327587
-0.327587
-0.327587
-0.327587
-0.327587
-0.327587
-0.327587
-0.327587
-0.327587
-0.327587
-0.327587
-0.327587
-0.327587
-0.327587
-0.327587
-0.327587
-0.327587
-0.327587
-0.327587
-0.327587
-0.327587
-0.327587
-0.327587
-0.327587
-0.327587
-0.327587
-0.327587
-0.327587
-0.327587
-0.327587
-0.327587
-0.327587
-0.327587
-0.327587
-0.327587
-0.327587
-0.327587
-0.327587
-0.327587
-0.327587
-0.327587
-0.327587
-0.327587
-0.327587
-0.327587
-0.327587
-0.327587
-0.327587
-0.327587
-0.327587
-0.327587
-0.327587
-0.327587
-0.327587
-0.327587
-0.327587
-0.327587
-0.327587
-0.327587
-0.327587
-0.327587
-0.327587
-0.327587
-0.327587
-0.327587
-0.327587
-0.327587
-0.327587
-0.327587
-0.327587
-0.327587
-0.327587
-0.327587
-0.327587
-0.327587
-0.327587
-0.327587
-0.327587
-0.327587
-0.327587
-0.327587
-0.327587
-0.327587
-0.327587
-0.327587
-0.327587
-0.327587
-0.327587
-0.327587
-0.327587
-0.327587
-0.327587
-0.327587
-0.327587
-0.327587
-0.327587
-0.327587
-0.327587
-0.327587
-0.327587
-0.327587
-0.327587
-0.327587
-0.327587
-0.327587
-0.327587
-0.327587
-0.327587
-0.327587
-0.327587
-0.327587
-0.327587
-0.327587
-0.327587
-0.327587
-0.327587
-0.327587
-0.327587
-0.327587
-0.327587
-0.327587
-0.327587
-0.327587
-0.327587
-0.327587
-0.327587
-0.327587
-0.327587
-0.327587
-0.327587
-0.327587
-0.327587
-0.327587
-0.327587
-0.327587
-0.327587
-0.327587
-0.327587
-0.327587
-0.327587
-0.327587
-0.327587
-0.327587
-0.327587
-0.327587
-0.327587
-0.327587
-0.327587
-0.327587
-0.327587
-0.327587
-0.327587
-0.327587
-0.327587
-0.327587
-0.327587
-0.327587
-0.327587
-0.327587
-0.327587
-0.327587
-0.327587
-0.327587
-0.327587
-0.327587
-0.327587
-0.327587
-0.327587
-0.327587
-0.327587
-0.327587
-0.327587
-0.327587
-0.327587
-0.327587
-0.327587
-0.327587
-0.327587
-0.327587
-0.327587
-0.327587
-0.327587
-0.327587
-0.327587
-0.327587
-0.327587
-0.327587
-0.327587
-0.327587
-0.327587
-0.327587
-0.327587
-0.327587
-0.327587
-0.327587
-0.327587
-0.327587
-0.327587
-0.327587
-0.327587
-0.327587
-0.327587
-0.327587
-0.327587
-0.327587
-0.327587
-0.327587
