-2.0559
-1.9515
-1.85747
-1.77308
-1.69727
-1.62893
-1.56705
-1.51077
-1.45939
-1.41235
-1.3692
-1.32955
-1.29309
-1.25953
-1.22863
-1.20016
-1.1739
-1.14966
-1.13265
-1.12018
-1.10733
-1.09428
-1.08118
-1.06817
-1.05587
-1.0428
-1.03117
-1.01905
-1.00813
-0.99669
-0.986537
-0.976282
-0.966376
-0.957155
-0.948246
-0.939651
-0.931406
-0.923382
-0.915859
-0.908588
-0.901688
-0.895112
-0.888813
-0.882789
-0.876959
-0.871386
-0.866047
-0.860894
-0.85595
-0.851196
-0.846622
-0.842226
-0.837983
-0.83391
-0.829968
-0.826164
-0.822495
-0.818963
-0.815561
-0.812279
-0.809111
-0.806051
-0.803093
-0.800233
-0.797465
-0.794789
-0.792198
-0.789691
-0.787263
-0.784912
-0.782634
-0.780427
-0.778288
-0.776214
-0.774203
-0.772226
-0.770323
-0.768481
-0.766701
-0.764975
-0.763301
-0.761674
-0.760094
-0.758559
-0.757067
-0.755617
-0.754207
-0.752837
-0.751504
-0.750208
-0.748948
-0.747722
-0.746529
-0.745369
-0.74424
-0.743142
-0.742074
-0.741034
-0.740021
-0.739036
-0.738076
-0.737142
-0.736233
-0.735451
-0.734725
-0.734017
-0.733325
-0.732648
-0.731987
-0.731341
-0.73071
-0.730093
-0.729489
-0.7289
-0.728324
-0.72776
-0.727209
-0.726671
-0.726145
-0.725631
-0.725128
-0.724636
-0.724155
-0.723685
-0.723226
-0.722776
-0.722337
-0.721908
-0.721488
-0.721077
-0.720675
-0.720283
-0.719899
-0.719523
-0.719156
-0.718797
-0.718445
-0.718102
-0.717766
-0.717438
-0.717116
-0.716802
-0.716495
-0.716194
-0.7159
-0.715612
-0.715331
-0.715056
-0.714787
-0.714524
-0.714266
-0.714014
-0.713768
-0.713527
-0.713291
-0.713061
-0.712835
-0.712614
-0.712398
-0.712187
-0.71198
-0.711778
-0.711581
-0.711387
-0.711198
-0.711013
-0.710831
-0.710654
-0.710481
-0.710311
-0.710145
-0.709983
-0.709824
-0.709668
-0.709516
-0.709367
-0.709222
-0.709079
-0.70894
-0.708803
-0.70867
-0.708539
-0.708411
-0.708286
-0.708164
-0.708044
-0.707927
-0.707812
-0.7077
-0.70759
-0.707483
-0.707378
-0.707275
-0.707174
-0.707076
-0.706979
-0.706885
-0.706793
-0.706702
-0.706614
-0.706527
-0.706442
-0.70636
-0.706278
-0.706199
-0.706121
-0.706045
-0.705971
-0.705898
-0.705827
-0.705757
-0.705689
-0.705622
-0.705556
-0.705492
-0.70543
-0.705368
-0.705308
-0.705249
-0.705192
-0.705136
-0.705081
-0.705027
-0.704974
-0.704922
-0.704872
-0.704822
-0.704774
-0.704726
-0.70468
-0.704634
-0.70459
-0.704546
-0.704503
-0.704462
-0.704421
-0.704381
-0.704342
-0.704303
-0.704266
-0.704229
-0.704193
-0.704158
-0.704123
-0.70409
-0.704056
-0.704024
-0.703992
-0.703961
-0.703931
-0.703901
-0.703872
-0.703844
-0.703816
-0.703788
-0.703762
-0.703736
-0.70371
-0.703685
-0.70366
-0.703636
-0.703613
-0.703589
-0.703567
-0.703545
-0.703523
-0.703502
-0.703481
-0.703461
-0.703441
-0.703421
-0.703403
-0.703384
-0.703365
-0.703347
-0.70333
-0.703312
-0.703296
-0.703279
-0.703263
-0.703247
-0.703231
-0.703217
-0.703202
-0.703187
-0.703172
-0.703159
-0.703145
-0.703131
-0.703118
-0.703106
-0.703093
-0.70308
-0.703068
-0.703057
-0.703045
-0.703033
-0.703022
-0.703012
-0.703001
-0.70299
-0.70298
-0.702969
-0.70296
-0.70295
-0.70294
-0.702931
-0.702922
-0.702913
-0.702904
-0.702898
-0.702892
-0.702887
-0.702883
-0.702877
-0.702872
-0.702867
-0.702862
-0.702858
-0.702853
-0.702848
-0.702843
-0.702839
-0.702834
-0.702829
-0.702825
-0.70282
-0.702816
-0.702812
-0.702808
-0.702803
-0.702799
-0.702795
-0.702792
-0.702788
-0.702784
-0.70278
-0.702777
-0.702773
-0.702769
-0.702765
-0.702762
-0.702758
-0.702755
-0.702751
-0.702748
-0.702744
-0.702741
-0.702737
-0.702734
-0.70273
-0.702727
-0.702724
-0.702721
-0.702718
-0.702715
-0.702712
-0.702709
-0.702706
-0.702703
-0.7027
-0.702697
-0.702694
-0.702692
-0.702689
-0.702686
-0.702683
-0.702681
-0.702678
-0.702676
-0.702673
-0.70267
-0.702668
-0.702665
-0.702663
-0.702661
-0.702658
-0.702656
-0.702654
-0.702651
-0.702649
-0.702647
-0.702644
-0.702642
-0.70264
-0.702638
-0.702636
-0.702634
-0.702632
-0.70263
-0.702628
-0.702626
-0.702624
-0.702622
-0.70262
-0.702618
-0.702616
-0.702614
-0.702612
-0.70261
-0.702608
-0.702607
-0.702605
-0.702603
-0.702601
-0.7026
-0.702598
-0.702596
-0.702595
-0.702593
-0.702591
-0.70259
-0.702588
-0.702587
-0.702585
-0.702583
-0.702582
-0.70258
-0.702579
-0.702577
-0.702576
-0.702575
-0.702573
-0.702572
-0.70257
-0.702569
-0.702568
-0.702566
-0.702565
-0.702564
-0.702562
-0.702561
-0.70256
-0.702559
-0.702557
-0.702556
-0.702555
-0.702554
-0.702552
-0.702551
-0.70255
-0.702549
-0.702548
-0.702547
-0.702546
-0.702544
-0.702543
-0.702542
-0.702541
-0.70254
-0.702539
-0.702538
-0.702537
-0.702536
-0.702535
-0.702534
-0.702533
-0.702532
-0.702531
-0.70253
-0.702529
-0.702528
-0.702527
-0.702526
-0.702526
-0.702525
-0.702524
-0.702523
-0.702522
-0.702521
-0.70252
-0.70252
-0.702519
-0.702518
-0.702517
-0.702516
-0.702516
-0.702515
-0.702514
-0.702513
-0.702512
-0.702512
-0.702511
-0.70251
-0.70251
-0.702509
-0.702508
-0.702507
-0.702507
-0.702506
-0.702505
-0.702505
-0.702504
-0.702503
-0.702503
-0.702502
-0.702501
-0.702501
-0.7025
-0.7025
-0.702499
-0.702498
-0.702498
-0.702497
-0.702497
-0.702496
-0.702496
-0.702495
-0.702494
-0.702494
-0.702493
-0.702493
-0.702492
-0.702492
-0.702491
-0.702491
-0.70249
-0.70249
-0.702489
-0.702489
-0.702488
-0.702488
-0.702487
-0.702487
-0.702486
-0.702486
-0.702485
-0.702485
-0.702484
-0.702484
-0.702484
-0.702483
-0.702483
-0.702482
-0.702482
-0.702481
-0.702481
-0.702481
-0.70248
-0.70248
-0.702479
-0.702479
-0.702479
-0.702478
-0.702478
-0.702478
-0.702477
-0.702477
-0.702476
-0.702476
-0.702476
-0.702475
-0.702475
-0.702475
-0.702474
-0.702474
-0.702474
-0.702473
-0.702473
-0.702473
-0.702472
-0.702472
-0.702472
-0.702472
-0.702471
-0.702471
-0.702471
-0.70247
-0.70247
-0.70247
-0.702469
-0.702469
-0.702469
-0.702469
-0.702468
-0.702468
-0.702468
-0.702468
-0.702467
-0.702467
-0.702467
-0.702467
-0.702466
-0.702466
-0.702466
-0.702466
-0.702465
-0.702465
-0.702465
-0.702465
-0.702464
-0.702464
-0.702464
-0.702464
-0.702464
-0.702463
-0.702463
-0.702463
-0.702463
-0.702462
-0.702462
-0.702462
-0.702462
-0.702462
-0.702461
-0.702461
-0.702461
-0.702461
-0.702461
-0.70246
-0.70246
-0.70246
-0.70246
-0.70246
-0.70246
-0.702459
-0.702459
-0.702459
-0.702459
-0.702459
-0.702459
-0.702458
-0.702458
-0.702458
-0.702458
-0.702458
-0.702458
-0.702457
-0.702457
-0.702457
-0.702457
-0.702457
-0.702457
-0.702457
-0.702456
-0.702456
-0.702456
-0.702456
-0.702456
-0.702456
-0.702456
-0.702455
-0.702455
-0.702455
-0.702455
-0.702455
-0.702455
-0.702455
-0.702455
-0.702454
-0.702454
-0.702454
-0.702454
-0.702454
-0.702454
-0.702454
-0.702454
-0.702454
-0.702453
-0.702453
-0.702453
-0.702453
-0.702453
-0.702453
-0.702453
-0.702453
-0.702453
-0.702453
-0.702452
-0.702452
-0.702452
-0.702452
-0.702452
-0.702452
-0.702452
-0.702452
-0.702452
-0.702452
-0.702452
-0.702451
-0.702451
-0.702451
-0.702451
-0.702451
-0.702451
-0.702451
-0.702451
-0.702451
-0.702451
-0.702451
-0.702451
-0.70245
-0.70245
-0.70245
-0.70245
-0.70245
-0.70245
-0.70245
-0.70245
-0.70245
-0.70245
-0.70245
-0.70245
-0.70245
-0.70245
-0.702449
-0.702449
-0.702449
-0.702449
-0.702449
-0.702449
-0.702449
-0.702449
-0.702449
-0.702449
-0.702449
-0.702449
-0.702449
-0.702449
-0.702449
-0.702449
-0.702449
-0.702448
-0.702448
-0.702448
-0.702448
-0.702448
-0.702448
-0.702448
-0.702448
-0.702448
-0.702448
-0.702448
-0.702448
-0.702448
-0.702448
-0.702448
-0.702448
-0.702448
-0.702448
-0.702448
-0.702448
-0.702447
-0.702447
-0.702447
-0.702447
-0.702447
-0.702447
-0.702447
-0.702447
-0.702447
-0.702447
-0.702447
-0.702447
-0.702447
-0.702447
-0.702447
-0.702447
-0.702447
-0.702447
-0.702447
-0.702447
-0.702447
-0.702447
-0.702447
-0.702447
-0.702447
-0.702447
-0.702446
-0.702446
-0.702446
-0.702446
-0.702446
-0.702446
-0.702446
-0.702446
-0.702446
-0.702446
-0.702446
-0.702446
-0.702446
-0.702446
-0.702446
-0.702446
-0.702446
-0.702446
-0.702446
-0.702446
-0.702446
-0.702446
-0.702446
-0.702446
-0.702446
-0.702446
-0.702446
-0.702446
-0.702446
-0.702446
-0.702446
-0.702446
-0.702446
-0.702446
-0.702446
-0.702446
-0.702445
-0.702445
-0.702445
-0.702445
-0.702445
-0.702445
-0.702445
-0.702445
-0.702445
-0.702445
-0.702445
-0.702445
-0.702445
-0.702445
-0.702445
-0.702445
-0.702445
-0.702445
-0.702445
-0.702445
-0.702445
-0.702445
-0.702445
-0.702445
-0.702445
-0.702445
-0.702445
-0.702445
-0.702445
-0.702445
-0.702445
-0.702445
-0.702445
-0.702445
-0.702445
-0.702445
-0.702445
-0.702445
-0.702445
-0.702445
-0.702445
-0.702445
-0.702445
-0.702445
-0.702445
-0.702445
-0.702445
-0.702445
-0.702445
-0.702445
-0.702445
-0.702445
-0.702445
-0.702445
-0.702445
-0.702445
-0.702445
-0.702445
-0.702445
-0.702445
-0.702445
-0.702444
-0.702444
-0.702444
-0.702444
-0.702444
-0.702444
-0.702444
-0.702444
-0.702444
-0.702444
-0.702444
-0.702444
-0.702444
-0.702444
-0.702444
-0.702444
-0.702444
-0.702444
-0.702444
-0.702444
-0.702444
-0.702444
-0.702444
-0.702444
-0.702444
-0.702444
-0.702444
-0.702444
-0.702444
-0.702444
-0.702444
-0.702444
-0.702444
-0.702444
-0.702444
-0.702444
-0.702444
-0.702444
-0.702444
-0.702444
-0.702444
-0.702444
-0.702444
-0.702444
-0.702444
-0.702444
-0.702444
-0.702444
-0.702444
-0.702444
-0.702444
-0.702444
-0.702444
-0.702444
-0.702444
-0.702444
-0.702444
-0.702444
-0.702444
-0.702444
-0.702444
-0.702444
-0.702444
-0.702444
-0.702444
-0.702444
-0.702444
-0.702444
-0.702444
-0.702444
-0.702444
-0.702444
-0.702444
-0.702444
-0.702444
-0.702444
-0.702444
-0.702444
-0.702444
-0.702444
-0.702444
-0.702444
-0.702444
-0.702444
-0.702444
-0.702444
-0.702444
-0.702444
-0.702444
-0.702444
-0.702444
-0.702444
-0.702444
-0.702444
-0.702444
-0.702444
-0.702444
-0.702444
-0.702444
-0.702444
-0.702444
-0.702444
-0.702444
-0.702444
-0.702444
-0.702444
-0.702444
-0.702444
-0.702444
-0.702444
-0.702444
-0.702444
-0.702444
-0.702444
-0.702444
-0.702444
-0.702444
-0.702444
-0.702444
-0.702444
-0.702444
-0.702444
-0.702444
-0.702444
-0.702444
-0.702444
-0.702444
-0.702444
-0.702444
-0.702444
-0.702444
-0.702444
-0.702444
-0.702444
-0.702444
-0.702444
-0.702444
-0.702444
-0.702444
-0.702444
-0.702444
-0.702444
-0.702444
-0.702444
-0.702444
-0.702444
-0.702444
-0.702444
-0.702444
-0.702444
-0.702444
-0.702444
-0.702444
-0.702444
-0.702444
-0.702444
-0.702444
-0.702444
-0.702444
-0.702444
-0.702444
-0.702444
-0.702444
-0.702444
-0.702444
-0.702444
-0.702444
-0.702444
-0.702444
-0.702444
-0.702444
-0.702444
-0.702444
-0.702444
-0.702444
-0.702444
-0.702444
-0.702444
-0.702444
-0.702444
-0.702444
-0.702444
-0.702444
-0.702444
-0.702444
-0.702444
-0.702444
-0.702444
-0.702444
-0.702444
-0.702444
-0.702444
-0.702444
-0.702444
-0.702444
-0.702444
-0.702444
-0.702444
-0.702444
-0.702444
-0.702444
-0.702444
-0.702444
-0.702444
-0.702444
-0.702444
-0.702444
-0.702444
-0.702444
-0.702444
-0.702444
-0.702444
-0.702444
-0.702444
-0.702444
-0.702444
-0.702444
-0.702444
-0.702444
-0.702444
-0.702444
-0.702444
-0.702444
-0.702444
-0.702444
-0.702444
-0.702444
-0.702444
-0.702444
-0.702444
-0.702444
-0.702444
-0.702444
-0.702444
-0.702444
-0.702444
-0.702444
-0.702444
-0.702444
-0.702444
-0.702444
-0.702444
-0.702444
-0.702444
-0.702444
-0.702444
-0.702444
-0.702444
-0.702444
-0.702444
-0.702444
-0.702444
-0.702444
-0.702444
-0.702444
-0.702444
-0.702444
-0.702444
-0.702444
-0.702444
-0.702444
-0.702444
-0.702444
-0.702444
-0.702444
-0.702444
-0.702444
-0.702444
-0.702444
-0.702444
-0.702443
-0.702443
-0.702443
-0.702443
-0.702443
-0.702443
-0.702443
-0.702443
-0.702443
-0.702443
-0.702443
-0.702443
-0.702443
-0.702443
-0.702443
-0.702443
-0.702443
-0.702443
-0.702443
-0.702443
-0.702443
-0.702443
-0.702443
-0.702443
-0.702443
-0.702443
-0.702443
-0.702443
-0.702443
-0.702443
-0.702443
-0.702443
-0.702443
-0.702443
-0.702443
-0.702443
-0.702443
-0.702443
-0.702443
-0.702443
-0.702443
-0.702443
-0.702443
-0.702443
-0.702443
-0.702443
-0.702443
-0.702443
-0.702443
-0.702443
-0.702443
-0.702443
-0.702443
-0.702443
-0.702443
-0.702443
-0.702443
-0.702443
-0.702443
-0.702443
-0.702443
-0.702443
-0.702443
-0.702443
-0.702443
-0.702443
-0.702443
-0.702443
-0.702443
-0.702443
-0.702443
-0.702443
-0.702443
-0.702443
-0.702443
-0.702443
-0.702443
-0.702443
-0.702443
-0.702443
-0.702443
-0.702443
-0.702443
-0.702443
-0.702443
-0.702443
-0.702443
-0.702443
-0.702443
-0.702443
-0.702443
-0.702443
-0.702443
-0.702443
-0.702443
-0.702443
-0.702443
-0.702443
-0.702443
-0.702443
-0.702443
-0.702443
-0.702443
-0.702443
-0.702443
-0.702443
-0.702443
-0.702443
-0.702443
-0.702443
-0.702443
-0.702443
-0.702443
-0.702443
-0.702443
-0.702443
-0.702443
-0.702443
-0.702443
-0.702443
-0.702443
-0.702443
-0.702443
-0.702443
-0.702443
-0.702443
-0.702443
-0.702443
-0.702443
-0.702443
-0.702443
-0.702443
-0.702443
-0.702443
-0.702443
-0.702443
-0.702443
-0.702443
-0.702443
-0.702443
-0.702443
-0.702443
-0.702443
-0.702443
-0.702443
-0.702443
-0.702443
-0.702443
-0.702443
-0.702443
-0.702443
-0.702443
-0.702443
-0.702443
-0.702443
-0.702443
-0.702443
-0.702443
-0.702443
-0.702443
-0.702443
-0.702443
-0.702443
-0.702443
-0.702443
-0.702443
-0.702443
-0.702443
-0.702443
-0.702443
-0.702443
-0.702443
-0.702443
-0.702443
-0.702443
-0.702443
-0.702443
-0.702443
-0.702443
-0.702443
-0.702443
-0.702443
-0.702443
-0.702443
-0.702443
-0.702443
-0.702443
-0.702443
-0.702443
-0.702443
-0.702443
-0.702443
-0.702443
-0.702443
-0.702443
-0.702443
-0.702443
-0.702443
-0.702443
-0.702443
-0.702443
-0.702443
-0.702443
-0.702443
-0.702443
-0.702443
-0.702443
-0.702443
-0.702443
-0.702443
-0.702443
-0.702443
-0.702443
-0.702443
-0.702443
-0.702443
-0.702443
-0.702443
-0.702443
-0.702443
-0.702443
-0.702443
-0.702443
-0.702443
-0.702443
-0.702443
-0.702443
-0.702443
-0.702443
-0.702443
-0.702443
-0.702443
-0.702443
-0.702443
-0.702443
-0.702443
-0.702443
-0.702443
-0.702443
-0.702443
-0.702443
-0.702443
-0.702443
-0.702443
-0.702443
-0.702443
-0.702443
-0.702443
-0.702443
-0.702443
-0.702443
-0.702443
-0.702443
-0.702443
-0.702443
-0.702443
-0.702443
-0.702443
-0.702443
-0.702443
-0.702443
-0.702443
-0.702443
-0.702443
-0.702443
-0.702443
-0.702443
-0.702443
-0.702443
-0.702443
-0.702443
-0.702443
-0.702443
-0.702443
-0.702443
-0.702443
-0.702443
-0.702443
-0.702443
-0.702443
-0.702443
-0.702443
-0.702443
-0.702443
-0.702443
-0.702443
-0.702443
-0.702443
-0.702443
-0.702443
-0.702443
-0.702443
-0.702443
-0.702443
-0.702443
-0.702443
-0.702443
-0.702443
-0.702443
-0.702443
-0.702443
-0.702443
-0.702443
-0.702443
-0.702443
-0.702443
-0.702443
-0.702443
-0.702443
-0.702443
-0.702443
-0.702443
-0.702443
-0.702443
-0.702443
-0.702443
-0.702443
-0.702443
-0.702443
-0.702443
-0.702443
-0.702443
-0.702443
-0.702443
-0.702443
-0.702443
-0.702443
-0.702443
-0.702443
-0.702443
-0.702443
-0.702443
-0.702443
-0.702443
-0.702443
-0.702443
-0.702443
-0.702443
-0.702443
-0.702443
-0.702443
-0.702443
-0.702443
-0.702443
-0.702443
-0.702443
-0.702443
-0.702443
-0.702443
-0.702443
-0.702443
-0.702443
-0.702443
-0.702443
-0.702443
-0.702443
-0.702443
-0.702443
-0.702443
-0.702443
-0.702443
-0.702443
-0.702443
-0.702443
-0.702443
-0.702443
-0.702443
-0.702443
-0.702443
-0.702443
-0.702443
-0.702443
-0.702443
-0.702443
-0.702443
-0.702443
-0.702443
-0.702443
-0.702443
-0.702443
-0.702443
-0.702443
-0.702443
-0.702443
-0.702443
-0.702443
-0.702443
-0.702443
-0.702443
-0.702443
-0.702443
-0.702443
-0.702443
-0.702443
-0.702443
-0.702443
-0.702443
-0.702443
-0.702443
-0.702443
-0.702443
-0.702443
-0.702443
-0.702443
-0.702443
-0.702443
-0.702443
-0.702443
-0.702443
-0.702443
-0.702443
-0.702443
-0.702443
-0.702443
-0.702443
-0.702443
-0.702443
-0.702443
-0.702443
-0.702443
-0.702443
-0.702443
-0.702443
-0.702443
-0.702443
-0.702443
-0.702443
-0.702443
-0.702443
-0.702443
-0.702443
-0.702443
-0.702443
-0.702443
-0.702443
-0.702443
-0.702443
-0.702443
-0.702443
-0.702443
-0.702443
-0.702443
-0.702443
-0.702443
-0.702443
-0.702443
-0.702443
-0.702443
-0.702443
-0.702443
-0.702443
-0.702443
-0.702443
-0.702443
-0.702443
-0.702443
-0.702443
-0.702443
-0.702443
-0.702443
-0.702443
-0.702443
-0.702443
-0.702443
-0.702443
-0.702443
-0.702443
-0.702443
-0.702443
-0.702443
-0.702443
-0.702443
-0.702443
-0.702443
-0.702443
-0.702443
-0.702443
-0.702443
-0.702443
-0.702443
-0.702443
-0.702443
-0.702443
-0.702443
-0.702443
-0.702443
-0.702443
-0.702443
-0.702443
-0.702443
-0.702443
-0.702443
-0.702443
-0.702443
-0.702443
-0.702443
-0.702443
-0.702443
-0.702443
-0.702443
-0.702443
-0.702443
-0.702443
-0.702443
-0.702443
-0.702443
-0.702443
-0.702443
-0.702443
-0.702443
-0.702443
-0.702443
-0.702443
-0.702443
-0.702443
-0.702443
-0.702443
-0.702443
-0.702443
-0.702443
-0.702443
-0.702443
-0.702443
-0.702443
-0.702443
-0.702443
-0.702443
-0.702443
-0.702443
-0.702443
-0.702443
-0.702443
-0.702443
-0.702443
-0.702443
-0.702443
-0.702443
-0.702443
-0.702443
-0.702443
-0.702443
-0.702443
-0.702443
-0.702443
-0.702443
-0.702443
-0.702443
-0.702443
-0.702443
-0.702443
-0.702443
-0.702443
-0.702443
-0.702443
-0.702443
-0.702443
-0.702443
-0.702443
-0.702443
-0.702443
-0.702443
-0.702443
-0.702443
-0.702443
-0.702443
-0.702443
-0.702443
-0.702443
-0.702443
-0.702443
-0.702443
-0.702443
-0.702443
-0.702443
-0.702443
-0.702443
-0.702443
-0.702443
-0.702443
-0.702443
-0.702443
-0.702443
-0.702443
-0.702443
-0.702443
-0.702443
-0.702443
-0.702443
-0.702443
-0.702443
-0.702443
-0.702443
-0.702443
-0.702443
-0.702443
-0.702443
-0.702443
-0.702443
-0.702443
-0.702443
-0.702443
-0.702443
-0.702443
-0.702443
-0.702443
-0.702443
-0.702443
-0.702443
-0.702443
-0.702443
-0.702443
-0.702443
-0.702443
-0.702443
-0.702443
-0.702443
-0.702443
-0.702443
-0.702443
-0.702443
-0.702443
-0.702443
-0.702443
-0.702443
-0.702443
-0.702443
-0.702443
-0.702443
-0.702443
-0.702443
-0.702443
-0.702443
-0.702443
-0.702443
-0.702443
-0.702443
-0.702443
-0.702443
-0.702443
-0.702443
-0.702443
-0.702443
-0.702443
-0.702443
-0.702443
-0.702443
-0.702443
-0.702443
-0.702443
-0.702443
-0.702443
-0.702443
-0.702443
-0.702443
-0.702443
-0.702443
-0.702443
-0.702443
-0.702443
-0.702443
-0.702443
-0.702443
-0.702443
-0.702443
-0.702443
-0.702443
-0.702443
-0.702443
-0.702443
-0.702443
-0.702443
-0.702443
-0.702443
-0.702443
-0.702443
-0.702443
-0.702443
-0.702443
-0.702443
-0.702443
-0.702443
-0.702443
-0.702443
-0.702443
-0.702443
-0.702443
-0.702443
-0.702443
-0.702443
-0.702443
-0.702443
-0.702443
-0.702443
-0.702443
-0.702443
-0.702443
-0.702443
-0.702443
-0.702443
-0.702443
-0.702443
-0.702443
-0.702443
-0.702443
-0.702443
-0.702443
-0.702443
-0.702443
-0.702443
-0.702443
-0.702443
-0.702443
-0.702443
-0.702443
-0.702443
-0.702443
-0.702443
-0.702443
-0.702443
-0.702443
-0.702443
-0.702443
-0.702443
-0.702443
-0.702443
-0.702443
-0.702443
-0.702443
-0.702443
-0.702443
-0.702443
-0.702443
-0.702443
-0.702443
-0.702443
-0.702443
-0.702443
-0.702443
-0.702443
-0.702443
-0.702443
-0.702443
-0.702443
-0.702443
-0.702443
-0.702443
-0.702443
-0.702443
-0.702443
-0.702443
-0.702443
-0.702443
-0.702443
-0.702443
-0.702443
-0.702443
-0.702443
-0.702443
-0.702443
-0.702443
-0.702443
-0.702443
-0.702443
-0.702443
-0.702443
-0.702443
-0.702443
-0.702443
-0.702443
-0.702443
-0.702443
-0.702443
-0.702443
-0.702443
-0.702443
-0.702443
-0.702443
-0.702443
-0.702443
-0.702443
-0.702443
-0.702443
-0.702443
-0.702443
-0.702443
-0.702443
-0.702443
-0.702443
-0.702443
-0.702443
-0.702443
-0.702443
-0.702443
-0.702443
-0.702443
-0.702443
-0.702443
-0.702443
-0.702443
-0.702443
-0.702443
-0.702443
-0.702443
-0.702443
-0.702443
-0.702443
-0.702443
-0.702443
-0.702443
-0.702443
-0.702443
-0.702443
-0.702443
-0.702443
-0.702443
-0.702443
-0.702443
-0.702443
-0.702443
-0.702443
-0.702443
-0.702443
-0.702443
-0.702443
-0.702443
-0.702443
-0.702443
-0.702443
-0.702443
-0.702443
-0.702443
-0.702443
-0.702443
-0.702443
-0.702443
-0.702443
-0.702443
-0.702443
-0.702443
-0.702443
-0.702443
-0.702443
-0.702443
-0.702443
-0.702443
-0.702443
-0.702443
-0.702443
-0.702443
-0.702443
-0.702443
-0.702443
-0.702443
-0.702443
-0.702443
-0.702443
-0.702443
-0.702443
-0.702443
-0.702443
-0.702443
-0.702443
-0.702443
-0.702443
-0.702443
-0.702443
-0.702443
-0.702443
-0.702443
-0.702443
-0.702443
-0.702443
-0.702443
-0.702443
-0.702443
-0.702443
-0.702443
-0.702443
-0.702443
-0.702443
-0.702443
-0.702443
-0.702443
-0.702443
-0.702443
-0.702443
-0.702443
-0.702443
-0.702443
-0.702443
-0.702443
-0.702443
-0.702443
-0.702443
-0.702443
-0.702443
-0.702443
-0.702443
-0.702443
-0.702443
-0.702443
-0.702443
-0.702443
-0.702443
-0.702443
-0.702443
-0.702443
-0.702443
-0.702443
-0.702443
-0.702443
-0.702443
-0.702443
-0.702443
-0.702443
-0.702443
-0.702443
-0.702443
-0.702443
-0.702443
-0.702443
-0.702443
-0.702443
-0.702443
-0.702443
-0.702443
-0.702443
-0.702443
-0.702443
-0.702443
-0.702443
-0.702443
-0.702443
-0.702443
-0.702443
-0.702443
-0.702443
-0.702443
-0.702443
-0.702443
-0.702443
-0.702443
-0.702443
-0.702443
-0.702443
-0.702443
-0.702443
-0.702443
-0.702443
-0.702443
-0.702443
-0.702443
-0.702443
-0.702443
-0.702443
-0.702443
-0.702443
-0.702443
-0.702443
-0.702443
-0.702443
-0.702443
-0.702443
-0.702443
-0.702443
-0.702443
-0.702443
-0.702443
-0.702443
-0.702443
-0.702443
-0.702443
-0.702443
-0.702443
-0.702443
-0.702443
-0.702443
-0.702443
-0.702443
-0.702443
-0.702443
-0.702443
-0.702443
-0.702443
-0.702443
-0.702443
-0.702443
-0.702443
-0.702443
-0.702443
-0.702443
-0.702443
-0.702443
-0.702443
-0.702443
-0.702443
-0.702443
-0.702443
-0.702443
-0.702443
-0.702443
-0.702443
-0.702443
-0.702443
-0.702443
-0.702443
-0.702443
-0.702443
-0.702443
-0.702443
-0.702443
-0.702443
-0.702443
-0.702443
-0.702443
-0.702443
-0.702443
-0.702443
-0.702443
-0.702443
-0.702443
-0.702443
-0.702443
-0.702443
-0.702443
-0.702443
-0.702443
-0.702443
-0.702443
-0.702443
-0.702443
-0.702443
-0.702443
-0.702443
-0.702443
-0.702443
-0.702443
-0.702443
-0.702443
-0.702443
-0.702443
-0.702443
-0.702443
-0.702443
-0.702443
-0.702443
-0.702443
-0.702443
-0.702443
-0.702443
-0.702443
-0.702443
-0.702443
-0.702443
-0.702443
-0.702443
-0.702443
-0.702443
-0.702443
-0.702443
-0.702443
-0.702443
-0.702443
-0.702443
-0.702443
-0.702443
-0.702443
-0.702443
-0.702443
-0.702443
-0.702443
-0.702443
-0.702443
-0.702443
-0.702443
-0.702443
-0.702443
-0.702443
-0.702443
-0.702443
-0.702443
-0.702443
-0.702443
-0.702443
-0.702443
-0.702443
-0.702443
-0.702443
-0.702443
-0.702443
-0.702443
-0.702443
-0.702443
-0.702443
-0.702443
-0.702443
-0.702443
-0.702443
-0.702443
-0.702443
-0.702443
-0.702443
-0.702443
-0.702443
-0.702443
-0.702443
-0.702443
-0.702443
-0.702443
-0.702443
-0.702443
-0.702443
-0.702443
-0.702443
-0.702443
-0.702443
-0.702443
-0.702443
-0.702443
-0.702443
-0.702443
-0.702443
-0.702443
-0.702443
-0.702443
-0.702443
-0.702443
-0.702443
-0.702443
-0.702443
-0.702443
-0.702443
-0.702443
-0.702443
-0.702443
-0.702443
-0.702443
-0.702443
-0.702443
-0.702443
-0.702443
-0.702443
-0.702443
-0.702443
-0.702443
-0.702443
-0.702443
-0.702443
-0.702443
-0.702443
-0.702443
-0.702443
-0.702443
-0.702443
-0.702443
-0.702443
-0.702443
-0.702443
-0.702443
-0.702443
-0.702443
-0.702443
-0.702443
-0.702443
-0.702443
-0.702443
-0.702443
-0.702443
-0.702443
-0.702443
-0.702443
-0.702443
-0.702443
-0.702443
-0.702443
-0.702443
-0.702443
-0.702443
-0.702443
-0.702443
-0.702443
-0.702443
-0.702443
-0.702443
-0.702443
-0.702443
-0.702443
-0.702443
-0.702443
-0.702443
-0.702443
-0.702443
-0.702443
-0.702443
-0.702443
-0.702443
-0.702443
-0.702443
-0.702443
-0.702443
-0.702443
-0.702443
-0.702443
-0.702443
-0.702443
-0.702443
-0.702443
-0.702443
-0.702443
-0.702443
-0.702443
-0.702443
-0.702443
-0.702443
-0.702443
-0.702443
-0.702443
-0.702443
-0.702443
-0.702443
-0.702443
-0.702443
-0.702443
-0.702443
-0.702443
-0.702443
-0.702443
-0.702443
-0.702443
-0.702443
-0.702443
-0.702443
-0.702443
-0.702443
-0.702443
-0.702443
-0.702443
-0.702443
-0.702443
-0.702443
-0.702443
-0.702443
-0.702443
-0.702443
-0.702443
-0.702443
-0.702443
-0.702443
-0.702443
-0.702443
-0.702443
-0.702443
-0.702443
-0.702443
-0.702443
-0.702443
-0.702443
-0.702443
-0.702443
-0.702443
-0.702443
-0.702443
-0.702443
-0.702443
-0.702443
-0.702443
-0.702443
-0.702443
-0.702443
-0.702443
-0.702443
-0.702443
-0.702443
-0.702443
-0.702443
-0.702443
-0.702443
-0.702443
-0.702443
-0.702443
-0.702443
-0.702443
-0.702443
-0.702443
-0.702443
-0.702443
-0.702443
-0.702443
-0.702443
-0.702443
-0.702443
-0.702443
-0.702443
-0.702443
-0.702443
-0.702443
-0.702443
-0.702443
-0.702443
-0.702443
-0.702443
-0.702443
-0.702443
-0.702443
-0.702443
-0.702443
-0.702443
-0.702443
-0.702443
-0.702443
-0.702443
-0.702443
-0.702443
-0.702443
-0.702443
-0.702443
-0.702443
-0.702443
-0.702443
-0.702443
-0.702443
-0.702443
-0.702443
-0.702443
-0.702443
-0.702443
-0.702443
-0.702443
-0.702443
-0.702443
-0.702443
-0.702443
-0.702443
-0.702443
-0.702443
-0.702443
-0.702443
-0.702443
-0.702443
-0.702443
-0.702443
-0.702443
-0.702443
-0.702443
-0.702443
-0.702443
-0.702443
-0.702443
-0.702443
-0.702443
-0.702443
-0.702443
-0.702443
-0.702443
-0.702443
-0.702443
-0.702443
-0.702443
-0.702443
-0.702443
-0.702443
-0.702443
-0.702443
-0.702443
-0.702443
-0.702443
-0.702443
-0.702443
-0.702443
-0.702443
-0.702443
-0.702443
-0.702443
-0.702443
-0.702443
-0.702443
-0.702443
-0.702443
-0.702443
-0.702443
-0.702443
-0.702443
-0.702443
-0.702443
-0.702443
-0.702443
-0.702443
-0.702443
-0.702443
-0.702443
-0.702443
-0.702443
-0.702443
-0.702443
-0.702443
-0.702443
-0.702443
-0.702443
-0.702443
-0.702443
-0.702443
-0.702443
-0.702443
-0.702443
-0.702443
-0.702443
-0.702443
-0.702443
-0.702443
-0.702443
-0.702443
-0.702443
-0.702443
-0.702443
-0.702443
-0.702443
-0.702443
-0.702443
-0.702443
-0.702443
-0.702443
-0.702443
-0.702443
-0.702443
-0.702443
-0.702443
-0.702443
-0.702443
-0.702443
-0.702443
-0.702443
-0.702443
-0.702443
-0.702443
-0.702443
-0.702443
-0.702443
-0.702443
-0.702443
-0.702443
-0.702443
-0.702443
-0.702443
-0.702443
-0.702443
-0.702443
-0.702443
-0.702443
-0.702443
-0.702443
-0.702443
-0.702443
-0.702443
-0.702443
-0.702443
-0.702443
-0.702443
-0.702443
-0.702443
-0.702443
-0.702443
-0.702443
-0.702443
-0.702443
-0.702443
-0.702443
-0.702443
-0.702443
-0.702443
-0.702443
-0.702443
-0.702443
-0.702443
-0.702443
-0.702443
-0.702443
-0.702443
-0.702443
-0.702443
-0.702443
-0.702443
-0.702443
-0.702443
-0.702443
-0.702443
-0.702443
-0.702443
-0.702443
-0.702443
-0.702443
-0.702443
-0.702443
-0.702443
-0.702443
-0.702443
-0.702443
-0.702443
-0.702443
-0.702443
-0.702443
-0.702443
-0.702443
-0.702443
-0.702443
-0.702443
-0.702443
-0.702443
-0.702443
-0.702443
-0.702443
-0.702443
-0.702443
-0.702443
-0.702443
-0.702443
-0.702443
-0.702443
-0.702443
-0.702443
-0.702443
-0.702443
-0.702443
-0.702443
-0.702443
-0.702443
-0.702443
-0.702443
-0.702443
-0.702443
-0.702443
-0.702443
-0.702443
-0.702443
-0.702443
-0.702443
-0.702443
-0.702443
-0.702443
-0.702443
-0.702443
-0.702443
-0.702443
-0.702443
-0.702443
-0.702443
-0.702443
-0.702443
-0.702443
-0.702443
-0.702443
-0.702443
-0.702443
-0.702443
-0.702443
-0.702443
-0.702443
-0.702443
-0.702443
-0.702443
-0.702443
-0.702443
-0.702443
-0.702443
-0.702443
-0.702443
-0.702443
-0.702443
-0.702443
-0.702443
-0.702443
-0.702443
-0.702443
-0.702443
-0.702443
-0.702443
-0.702443
-0.702443
-0.702443
-0.702443
-0.702443
-0.702443
-0.702443
-0.702443
-0.702443
-0.702443
-0.702443
-0.702443
-0.702443
-0.702443
-0.702443
-0.702443
-0.702443
-0.702443
-0.702443
-0.702443
-0.702443
-0.702443
-0.702443
-0.702443
-0.702443
-0.702443
-0.702443
-0.702443
-0.702443
-0.702443
-0.702443
-0.702443
-0.702443
-0.702443
-0.702443
-0.702443
-0.702443
-0.702443
-0.702443
-0.702443
-0.702443
-0.702443
-0.702443
-0.702443
-0.702443
-0.702443
-0.702443
-0.702443
-0.702443
-0.702443
-0.702443
-0.702443
-0.702443
-0.702443
-0.702443
-0.702443
-0.702443
-0.702443
-0.702443
-0.702443
-0.702443
-0.702443
-0.702443
-0.702443
-0.702443
-0.702443
-0.702443
-0.702443
-0.702443
-0.702443
-0.702443
-0.702443
-0.702443
-0.702443
-0.702443
-0.702443
-0.702443
-0.702443
-0.702443
-0.702443
-0.702443
-0.702443
-0.702443
-0.702443
-0.702443
-0.702443
-0.702443
-0.702443
-0.702443
-0.702443
-0.702443
-0.702443
-0.702443
-0.702443
-0.702443
-0.702443
-0.702443
-0.702443
-0.702443
-0.702443
-0.702443
-0.702443
-0.702443
-0.702443
-0.702443
-0.702443
-0.702443
-0.702443
-0.702443
-0.702443
-0.702443
-0.702443
-0.702443
-0.702443
-0.702443
-0.702443
-0.702443
-0.702443
-0.702443
-0.702443
-0.702443
-0.702443
-0.702443
-0.702443
-0.702443
-0.702443
-0.702443
-0.702443
-0.702443
-0.702443
-0.702443
-0.702443
-0.702443
-0.702443
-0.702443
-0.702443
-0.702443
-0.702443
-0.702443
-0.702443
-0.702443
-0.702443
-0.702443
-0.702443
-0.702443
-0.702443
-0.702443
-0.702443
-0.702443
-0.702443
-0.702443
-0.702443
-0.702443
-0.702443
-0.702443
-0.702443
-0.702443
-0.702443
-0.702443
-0.702443
-0.702443
-0.702443
-0.702443
-0.702443
-0.702443
-0.702443
-0.702443
-0.702443
-0.702443
-0.702443
-0.702443
-0.702443
-0.702443
-0.702443
-0.702443
-0.702443
-0.702443
-0.702443
-0.702443
-0.702443
-0.702443
-0.702443
-0.702443
-0.702443
-0.702443
-0.702443
-0.702443
-0.702443
-0.702443
-0.702443
-0.702443
-0.702443
-0.702443
-0.702443
-0.702443
-0.702443
-0.702443
-0.702443
-0.702443
-0.702443
-0.702443
-0.702443
-0.702443
-0.702443
-0.702443
-0.702443
-0.702443
-0.702443
-0.702443
-0.702443
-0.702443
-0.702443
-0.702443
-0.702443
-0.702443
-0.702443
-0.702443
-0.702443
-0.702443
-0.702443
-0.702443
-0.702443
-0.702443
-0.702443
-0.702443
-0.702443
-0.702443
-0.702443
-0.702443
-0.702443
-0.702443
-0.702443
-0.702443
-0.702443
-0.702443
-0.702443
-0.702443
-0.702443
-0.702443
-0.702443
-0.702443
-0.702443
-0.702443
-0.702443
-0.702443
-0.702443
-0.702443
-0.702443
-0.702443
-0.702443
-0.702443
-0.702443
-0.702443
-0.702443
-0.702443
-0.702443
-0.702443
-0.702443
-0.702443
-0.702443
-0.702443
-0.702443
-0.702443
-0.702443
-0.702443
-0.702443
-0.702443
-0.702443
-0.702443
-0.702443
-0.702443
-0.702443
-0.702443
-0.702443
-0.702443
-0.702443
-0.702443
-0.702443
-0.702443
-0.702443
-0.702443
-0.702443
-0.702443
-0.702443
-0.702443
-0.702443
-0.702443
-0.702443
-0.702443
-0.702443
-0.702443
-0.702443
-0.702443
-0.702443
-0.702443
-0.702443
-0.702443
-0.702443
-0.702443
-0.702443
-0.702443
-0.702443
-0.702443
-0.702443
-0.702443
-0.702443
-0.702443
-0.702443
-0.702443
-0.702443
-0.702443
-0.702443
-0.702443
-0.702443
-0.702443
-0.702443
-0.702443
-0.702443
-0.702443
-0.702443
-0.702443
-0.702443
-0.702443
-0.702443
-0.702443
-0.702443
-0.702443
-0.702443
-0.702443
-0.702443
-0.702443
-0.702443
-0.702443
-0.702443
-0.702443
-0.702443
-0.702443
-0.702443
-0.702443
-0.702443
-0.702443
-0.702443
-0.702443
-0.702443
-0.702443
-0.702443
-0.702443
-0.702443
-0.702443
-0.702443
-0.702443
-0.702443
-0.702443
-0.702443
-0.702443
-0.702443
-0.702443
-0.702443
-0.702443
-0.702443
-0.702443
-0.702443
-0.702443
-0.702443
-0.702443
-0.702443
-0.702443
-0.702443
-0.702443
-0.702443
-0.702443
-0.702443
-0.702443
-0.702443
-0.702443
-0.702443
-0.702443
-0.702443
-0.702443
-0.702443
-0.702443
-0.702443
-0.702443
-0.702443
-0.702443
-0.702443
-0.702443
-0.702443
-0.702443
-0.702443
-0.702443
-0.702443
-0.702443
-0.702443
-0.702443
-0.702443
-0.702443
-0.702443
-0.702443
-0.702443
-0.702443
-0.702443
-0.702443
-0.702443
-0.702443
-0.702443
-0.702443
-0.702443
-0.702443
-0.702443
-0.702443
-0.702443
-0.702443
-0.702443
-0.702443
-0.702443
-0.702443
-0.702443
-0.702443
-0.702443
-0.702443
-0.702443
-0.702443
-0.702443
-0.702443
-0.702443
-0.702443
-0.702443
-0.702443
-0.702443
-0.702443
-0.702443
-0.702443
-0.702443
-0.702443
-0.702443
-0.702443
-0.702443
-0.702443
-0.702443
-0.702443
-0.702443
-0.702443
-0.702443
-0.702443
-0.702443
-0.702443
-0.702443
-0.702443
-0.702443
-0.702443
-0.702443
-0.702443
-0.702443
-0.702443
-0.702443
-0.702443
-0.702443
-0.702443
-0.702443
-0.702443
-0.702443
-0.702443
-0.702443
-0.702443
-0.702443
-0.702443
-0.702443
-0.702443
-0.702443
-0.702443
-0.702443
-0.702443
-0.702443
-0.702443
-0.702443
-0.702443
-0.702443
-0.702443
-0.702443
-0.702443
-0.702443
-0.702443
-0.702443
-0.702443
-0.702443
-0.702443
-0.702443
-0.702443
-0.702443
-0.702443
-0.702443
-0.702443
-0.702443
-0.702443
-0.702443
-0.702443
-0.702443
-0.702443
-0.702443
-0.702443
-0.702443
-0.702443
-0.702443
-0.702443
-0.702443
-0.702443
-0.702443
-0.702443
-0.702443
-0.702443
-0.702443
-0.702443
-0.702443
-0.702443
-0.702443
-0.702443
-0.702443
-0.702443
-0.702443
-0.702443
-0.702443
-0.702443
-0.702443
-0.702443
-0.702443
-0.702443
-0.702443
-0.702443
-0.702443
-0.702443
-0.702443
-0.702443
-0.702443
-0.702443
-0.702443
-0.702443
-0.702443
-0.702443
-0.702443
-0.702443
-0.702443
-0.702443
-0.702443
-0.702443
-0.702443
-0.702443
-0.702443
-0.702443
-0.702443
-0.702443
-0.702443
-0.702443
-0.702443
-0.702443
-0.702443
-0.702443
-0.702443
-0.702443
-0.702443
-0.702443
-0.702443
-0.702443
-0.702443
-0.702443
-0.702443
-0.702443
-0.702443
-0.702443
-0.702443
-0.702443
-0.702443
-0.702443
-0.702443
-0.702443
-0.702443
-0.702443
-0.702443
-0.702443
-0.702443
-0.702443
-0.702443
-0.702443
-0.702443
-0.702443
-0.702443
-0.702443
-0.702443
-0.702443
-0.702443
-0.702443
-0.702443
-0.702443
-0.702443
-0.702443
-0.702443
-0.702443
-0.702443
-0.702443
-0.702443
-0.702443
-0.702443
-0.702443
-0.702443
-0.702443
-0.702443
-0.702443
-0.702443
-0.702443
-0.702443
-0.702443
-0.702443
-0.702443
-0.702443
-0.702443
-0.702443
-0.702443
-0.702443
-0.702443
-0.702443
-0.702443
-0.702443
-0.702443
-0.702443
-0.702443
-0.702443
-0.702443
-0.702443
-0.702443
-0.702443
-0.702443
-0.702443
-0.702443
-0.702443
-0.702443
-0.702443
-0.702443
-0.702443
-0.702443
-0.702443
-0.702443
-0.702443
-0.702443
-0.702443
-0.702443
-0.702443
-0.702443
-0.702443
-0.702443
-0.702443
-0.702443
-0.702443
-0.702443
-0.702443
-0.702443
-0.702443
-0.702443
-0.702443
-0.702443
-0.702443
-0.702443
-0.702443
-0.702443
-0.702443
-0.702443
-0.702443
-0.702443
-0.702443
-0.702443
-0.702443
-0.702443
-0.702443
-0.702443
-0.702443
-0.702443
-0.702443
-0.702443
-0.702443
-0.702443
-0.702443
-0.702443
-0.702443
-0.702443
-0.702443
-0.702443
-0.702443
-0.702443
-0.702443
-0.702443
-0.702443
-0.702443
-0.702443
-0.702443
-0.702443
-0.702443
-0.702443
-0.702443
-0.702443
-0.702443
-0.702443
-0.702443
-0.702443
-0.702443
-0.702443
-0.702443
-0.702443
-0.702443
-0.702443
-0.702443
-0.702443
-0.702443
-0.702443
-0.702443
-0.702443
-0.702443
-0.702443
-0.702443
-0.702443
-0.702443
-0.702443
-0.702443
-0.702443
-0.702443
-0.702443
-0.702443
-0.702443
-0.702443
-0.702443
-0.702443
-0.702443
-0.702443
-0.702443
-0.702443
-0.702443
-0.702443
-0.702443
-0.702443
-0.702443
-0.702443
-0.702443
-0.702443
-0.702443
-0.702443
-0.702443
-0.702443
-0.702443
-0.702443
-0.702443
-0.702443
-0.702443
-0.702443
-0.702443
-0.702443
-0.702443
-0.702443
-0.702443
-0.702443
-0.702443
-0.702443
-0.702443
-0.702443
-0.702443
-0.702443
-0.702443
-0.702443
-0.702443
-0.702443
-0.702443
-0.702443
-0.702443
-0.702443
-0.702443
-0.702443
-0.702443
-0.702443
-0.702443
-0.702443
-0.702443
-0.702443
-0.702443
-0.702443
-0.702443
-0.702443
-0.702443
-0.702443
-0.702443
-0.702443
-0.702443
-0.702443
-0.702443
-0.702443
-0.702443
-0.702443
-0.702443
-0.702443
-0.702443
-0.702443
-0.702443
-0.702443
-0.702443
-0.702443
-0.702443
-0.702443
-0.702443
-0.702443
-0.702443
-0.702443
-0.702443
-0.702443
-0.702443
-0.702443
-0.702443
-0.702443
-0.702443
-0.702443
-0.702443
-0.702443
-0.702443
-0.702443
-0.702443
-0.702443
-0.702443
-0.702443
-0.702443
-0.702443
-0.702443
-0.702443
-0.702443
-0.702443
-0.702443
-0.702443
-0.702443
-0.702443
-0.702443
-0.702443
-0.702443
-0.702443
-0.702443
-0.702443
-0.702443
-0.702443
-0.702443
-0.702443
-0.702443
-0.702443
-0.702443
-0.702443
-0.702443
-0.702443
-0.702443
-0.702443
-0.702443
-0.702443
-0.702443
-0.702443
-0.702443
-0.702443
-0.702443
-0.702443
-0.702443
-0.702443
-0.702443
-0.702443
-0.702443
-0.702443
-0.702443
-0.702443
-0.702443
-0.702443
-0.702443
-0.702443
-0.702443
-0.702443
-0.702443
-0.702443
-0.702443
-0.702443
-0.702443
-0.702443
-0.702443
-0.702443
-0.702443
-0.702443
-0.702443
-0.702443
-0.702443
-0.702443
-0.702443
-0.702443
-0.702443
-0.702443
-0.702443
-0.702443
-0.702443
-0.702443
-0.702443
-0.702443
-0.702443
-0.702443
-0.702443
-0.702443
-0.702443
-0.702443
-0.702443
-0.702443
-0.702443
-0.702443
-0.702443
-0.702443
-0.702443
-0.702443
-0.702443
-0.702443
-0.702443
-0.702443
-0.702443
-0.702443
-0.702443
-0.702443
-0.702443
-0.702443
-0.702443
-0.702443
-0.702443
-0.702443
-0.702443
-0.702443
-0.702443
-0.702443
-0.702443
-0.702443
-0.702443
-0.702443
-0.702443
-0.702443
-0.702443
-0.702443
-0.702443
-0.702443
-0.702443
-0.702443
-0.702443
-0.702443
-0.702443
-0.702443
-0.702443
-0.702443
-0.702443
-0.702443
-0.702443
-0.702443
-0.702443
-0.702443
-0.702443
-0.702443
-0.702443
-0.702443
-0.702443
-0.702443
-0.702443
-0.702443
-0.702443
-0.702443
-0.702443
-0.702443
-0.702443
-0.702443
-0.702443
-0.702443
-0.702443
-0.702443
-0.702443
-0.702443
-0.702443
-0.702443
-0.702443
-0.702443
-0.702443
-0.702443
-0.702443
-0.702443
-0.702443
-0.702443
-0.702443
-0.702443
-0.702443
-0.702443
-0.702443
-0.702443
-0.702443
-0.702443
-0.702443
-0.702443
-0.702443
-0.702443
-0.702443
-0.702443
-0.702443
-0.702443
-0.702443
-0.702443
-0.702443
-0.702443
-0.702443
-0.702443
-0.702443
-0.702443
-0.702443
-0.702443
-0.702443
-0.702443
-0.702443
-0.702443
-0.702443
-0.702443
-0.702443
-0.702443
-0.702443
-0.702443
-0.702443
-0.702443
-0.702443
-0.702443
-0.702443
-0.702443
-0.702443
-0.702443
-0.702443
-0.702443
-0.702443
-0.702443
-0.702443
-0.702443
-0.702443
-0.702443
-0.702443
-0.702443
-0.702443
-0.702443
-0.702443
-0.702443
-0.702443
-0.702443
-0.702443
-0.702443
-0.702443
-0.702443
-0.702443
-0.702443
-0.702443
-0.702443
-0.702443
-0.702443
-0.702443
-0.702443
-0.702443
-0.702443
-0.702443
-0.702443
-0.702443
-0.702443
-0.702443
-0.702443
-0.702443
-0.702443
-0.702443
-0.702443
-0.702443
-0.702443
-0.702443
-0.702443
-0.702443
-0.702443
-0.702443
-0.702443
-0.702443
-0.702443
-0.702443
-0.702443
-0.702443
-0.702443
-0.702443
-0.702443
-0.702443
-0.702443
-0.702443
-0.702443
-0.702443
-0.702443
-0.702443
-0.702443
-0.702443
-0.702443
-0.702443
-0.702443
-0.702443
-0.702443
-0.702443
-0.702443
-0.702443
-0.702443
-0.702443
-0.702443
-0.702443
-0.702443
-0.702443
-0.702443
-0.702443
-0.702443
-0.702443
-0.702443
-0.702443
-0.702443
-0.702443
-0.702443
-0.702443
-0.702443
-0.702443
-0.702443
-0.702443
-0.702443
-0.702443
-0.702443
-0.702443
-0.702443
-0.702443
-0.702443
-0.702443
-0.702443
-0.702443
-0.702443
-0.702443
-0.702443
-0.702443
-0.702443
-0.702443
-0.702443
-0.702443
-0.702443
-0.702443
-0.702443
-0.702443
-0.702443
-0.702443
-0.702443
-0.702443
-0.702443
-0.702443
-0.702443
-0.702443
-0.702443
-0.702443
-0.702443
-0.702443
-0.702443
-0.702443
-0.702443
-0.702443
-0.702443
-0.702443
-0.702443
-0.702443
-0.702443
-0.702443
-0.702443
-0.702443
-0.702443
-0.702443
-0.702443
-0.702443
-0.702443
-0.702443
-0.702443
-0.702443
-0.702443
-0.702443
-0.702443
-0.702443
-0.702443
-0.702443
-0.702443
-0.702443
-0.702443
-0.702443
-0.702443
-0.702443
-0.702443
-0.702443
-0.702443
-0.702443
-0.702443
-0.702443
-0.702443
-0.702443
-0.702443
-0.702443
-0.702443
-0.702443
-0.702443
-0.702443
-0.702443
-0.702443
-0.702443
-0.702443
-0.702443
-0.702443
-0.702443
-0.702443
-0.702443
-0.702443
-0.702443
-0.702443
-0.702443
-0.702443
-0.702443
-0.702443
-0.702443
-0.702443
-0.702443
-0.702443
-0.702443
-0.702443
-0.702443
-0.702443
-0.702443
-0.702443
-0.702443
-0.702443
-0.702443
-0.702443
-0.702443
-0.702443
-0.702443
-0.702443
-0.702443
-0.702443
-0.702443
-0.702443
-0.702443
-0.702443
-0.702443
-0.702443
-0.702443
-0.702443
-0.702443
-0.702443
-0.702443
-0.702443
-0.702443
-0.702443
-0.702443
-0.702443
-0.702443
-0.702443
-0.702443
-0.702443
-0.702443
-0.702443
-0.702443
-0.702443
-0.702443
-0.702443
-0.702443
-0.702443
-0.702443
-0.702443
-0.702443
-0.702443
-0.702443
-0.702443
-0.702443
-0.702443
-0.702443
-0.702443
-0.702443
-0.702443
-0.702443
-0.702443
-0.702443
-0.702443
-0.702443
-0.702443
-0.702443
-0.702443
-0.702443
-0.702443
-0.702443
-0.702443
