225.075
136.414
99.5818
58.8918
23.9948
18.0489
62.0855
75.5038
88.9941
106.579
133.899
142.73
70.7649
81.6232
74.9443
69.7666
65.6604
61.8114
58.3109
54.9178
51.3676
48.0518
44.7884
41.3714
37.9364
17.733
43.2473
17.0102
32.0877
11.324
28.2624
11.0682
15.6642
15.859
12.3369
11.2717
10.6693
10.3698
12.207
10.9917
12.2796
12.4385
12.46
12.5899
11.2078
12.5236
12.6905
11.4158
12.6285
11.5279
12.6565
11.4622
12.7058
11.5492
12.6836
11.554
11.4126
11.2981
11.3352
11.3915
11.3621
11.3751
11.3575
11.4109
11.3917
11.4473
11.4542
11.3754
11.414
11.3392
11.3682
11.3709
11.3578
11.3572
11.3289
11.3676
10.4866
10.6025
10.5055
10.5601
10.5612
10.6268
10.5128
10.4811
10.4824
10.4781
10.429
10.3639
10.4878
10.5085
10.3337
10.4326
10.3817
10.35
10.3242
10.2661
10.092
10.1141
10.074
9.98819
9.98843
9.93042
9.90351
9.86046
9.86273
9.68835
9.66716
9.88438
9.77632
9.87628
9.37194
10.0394
9.44463
9.90939
9.6429
9.82631
9.89819
9.83682
9.76977
9.82936
9.91294
9.8008
9.68178
10.5467
12.4298
11.5855
9.64152
9.64204
9.56576
9.48568
9.4498
9.4202
9.42373
9.43599
9.53257
9.52338
9.40438
9.40693
9.42819
9.42842
9.70815
9.53116
9.44759
9.54359
9.69908
9.52856
9.64163
9.60908
9.61902
9.49761
9.58713
9.56856
9.59035
9.54755
9.51481
9.52792
9.44604
9.40262
9.37565
9.23412
9.26799
9.23938
9.26661
9.20689
9.1129
9.07078
9.01591
8.94058
8.93476
8.87419
8.77854
8.76424
8.72227
8.63642
8.59981
8.51772
8.3867
6.84712
7.1741
7.18943
7.2129
7.17729
7.15306
7.14833
7.12539
7.15891
7.09934
7.10457
7.07028
7.06426
7.04979
7.02971
6.98736
7.00154
6.98172
6.97445
6.89869
6.92683
6.90388
6.87772
6.81255
7.02208
6.97514
6.94508
6.69325
6.6516
6.62688
6.56419
6.53282
6.48313
6.45276
6.40596
6.41074
6.33937
6.47356
6.23718
6.25179
5.48104
5.24924
5.45396
5.49406
5.50396
5.45183
5.46603
5.47289
5.46198
5.43085
5.43586
5.39708
5.42512
5.40144
5.38337
5.38498
5.35427
5.34747
5.29742
5.2639
5.24657
5.23038
5.19343
5.17675
5.15719
5.13984
5.10101
5.04898
5.0247
4.99027
4.97441
4.94874
4.8907
4.88685
4.84221
4.82538
4.78385
4.9027
4.89567
4.84934
4.66575
4.63884
4.6316
4.60579
4.83704
4.51335
4.13054
4.3214
4.29299
4.28826
4.27729
4.27743
4.25449
4.2375
4.22843
1.28026
5.67853
4.51913
3.98066
3.908
4.24604
1.27267
5.83582
3.7777
3.89979
4.2871
1.26675
5.6764
3.29912
4.19224
1.2805
5.57971
3.34688
4.21246
1.29235
5.4704
3.40945
4.19018
1.2833
5.14925
3.60795
4.18509
1.29974
5.01564
3.67393
3.00775
3.95682
3.45826
3.099
3.38698
3.72926
3.04892
3.41949
3.66818
3.1113
3.01275
3.80044
1.29567
4.41706
2.87416
3.08702
3.60648
1.28372
4.39599
1.28254
4.20311
2.73852
3.37865
2.61713
3.43136
3.30907
2.94579
3.06131
2.89447
2.97483
2.90112
2.83985
1.2881
4.2592
1.2922
4.12106
1.30641
4.08125
1.2845
4.11303
1.28885
3.97362
1.30377
3.8826
1.28851
3.55768
2.38845
2.75137
2.49113
2.70983
2.44509
2.72997
2.44692
2.50875
2.70674
2.32709
2.61566
2.52144
2.42882
2.59692
2.33557
2.53112
2.493
2.30712
2.56202
2.39079
2.29997
2.5168
2.34273
2.31449
2.50086
2.24699
2.34057
2.42931
2.23209
2.26294
2.42717
2.2128
2.24181
2.36885
2.20457
2.20779
2.33367
2.2133
2.1549
2.26131
2.23756
2.11441
2.21058
2.25971
2.11798
2.1105
2.26091
2.13925
2.05061
2.13761
2.16222
2.08272
2.00987
2.14162
2.14346
2.03495
2.02845
2.11287
2.08666
1.98445
1.99694
2.07524
2.05567
1.95258
1.95368
2.05277
2.03284
1.96255
1.92214
1.99022
2.02126
1.92663
1.90973
1.92645
1.99528
1.95409
1.9072
1.86172
1.93626
1.94308
1.93273
1.83331
1.8546
1.88497
1.88059
1.85506
1.81741
1.81855
1.81817
1.88741
1.8219
1.78931
1.7987
1.77722
1.81723
1.82902
1.78942
1.77904
1.73909
1.79813
1.83226
1.77486
1.77056
1.70267
1.77409
1.7261
1.7621
1.77456
1.74494
1.71452
1.70075
1.70544
1.74578
1.74424
1.7175
1.72808
1.67932
1.68282
1.7116
1.67147
1.70483
1.68051
1.69087
1.64211
1.64965
1.68469
1.67304
1.64101
1.64216
1.63655
1.62996
1.6057
1.63135
1.60268
1.64871
1.59722
1.6083
1.60481
1.59249
1.59507
1.56114
1.5938
1.5661
1.59737
1.55821
1.57431
1.5576
1.56921
1.57411
1.53489
1.58733
1.55431
1.58231
1.54858
1.55061
1.59922
1.56044
1.52678
1.55608
1.56772
1.52565
1.56796
1.54433
1.54728
1.51401
1.51345
1.5164
1.50845
1.51812
1.52577
1.51692
1.47761
1.50505
1.48111
1.53104
1.48923
1.51112
1.48996
1.48149
1.49995
1.47813
1.49106
1.29086
1.63862
1.47775
1.48184
1.45299
1.45786
1.47647
1.30194
1.60402
1.48472
1.59398
1.61045
1.42591
1.71646
1.59839
1.59977
1.59246
1.44825
1.69066
1.60704
1.59867
1.56443
1.5852
1.43937
1.6933
1.56199
1.60844
1.44726
1.66266
1.59654
1.45648
1.66365
1.5891
1.5772
1.45195
1.53106
1.431
1.30673
1.49151
1.4219
1.44068
1.30875
1.49675
1.29475
1.49932
1.42757
1.40093
1.38657
1.39168
1.30375
1.49752
1.30912
1.48477
1.28438
1.45731
1.38806
1.40482
1.29961
1.44408
1.2827
1.45079
1.29007
1.44332
1.29094
1.44864
1.28812
1.44768
1.30201
1.40744
1.28343
1.41051
1.38675
1.28294
1.41707
1.2848
1.41542
1.28206
1.41647
1.28789
1.40844
1.29527
1.38814
1.29855
1.41605
1.30377
1.39403
1.28775
1.41432
1.28049
1.3849
1.30049
1.38419
1.29537
1.38807
1.29184
1.39007
1.29418
1.38562
1.28171
1.34784
1.29123
1.38243
1.28757
1.34872
1.28827
1.36816
1.28372
1.28516
1.38299
1.29487
1.35835
1.28337
1.36602
1.30024
1.36197
1.29585
1.361
1.29834
1.37013
1.29409
1.3549
1.28858
1.29885
1.35428
1.28479
1.28609
1.51329
1.43429
1.49643
1.43975
1.44254
1.49697
1.43766
1.43934
1.43324
1.50278
1.44643
1.45535
1.49989
1.44042
1.4352
1.43859
1.50187
1.45008
1.42956
1.43293
1.43645
1.50001
1.4392
1.44301
1.45753
1.43803
1.43808
1.46633
1.4416
1.43891
1.44124
1.5125
1.44632
1.44452
1.43994
1.43833
1.43611
1.43195
1.43691
1.44641
1.44258
1.47289
1.44243
1.43466
1.43069
1.44217
1.4437
1.44299
1.44093
1.43358
1.44767
1.44374
1.44206
1.4366
1.42793
1.43635
1.44146
1.4331
1.43858
1.43102
1.42344
1.43005
1.4304
1.29603
1.28704
1.28438
1.29038
1.28445
1.28514
1.2927
1.30274
1.47884
1.45728
1.46183
1.44541
1.44817
1.46777
1.44764
1.46184
1.44653
1.46487
1.46837
1.46201
1.45519
1.46704
1.47674
1.47065
1.46737
1.45204
1.45986
1.45024
1.46721
1.47973
1.47068
1.46284
1.46612
1.44676
1.46719
1.46649
1.45247
1.44733
1.45902
1.47213
1.466
1.45545
1.46705
1.46845
1.46087
1.4706
1.46419
1.46466
1.47348
1.45914
1.46774
1.46567
1.46598
1.48698
1.44455
1.4778
1.47184
1.47763
1.45964
1.47252
1.45519
1.45763
1.46113
1.46996
1.46435
1.4671
1.45952
1.4589
1.45767
1.45309
1.45567
1.4563
1.47233
1.4666
1.46084
1.47313
1.46387
1.47794
1.4647
1.46512
1.46576
1.46379
1.46916
1.46266
1.47148
1.47313
1.46841
1.4654
1.4729
1.45095
1.46048
1.46365
1.47158
1.45968
1.45415
1.46569
1.46407
1.45299
1.45489
1.29672
1.29863
1.29199
1.29203
1.30908
1.29969
1.29446
1.28988
1.30912
1.30378
1.29623
1.29059
1.29673
1.28878
1.30383
1.30476
1.29748
1.2949
1.29395
1.28747
1.2999
1.29882
1.2881
1.29706
1.2913
1.29594
1.3045
1.29783
1.29394
1.28958
1.30131
1.29832
1.29274
1.29692
1.30646
1.30172
1.30176
1.2957
1.29068
1.28808
1.29597
1.28731
1.29642
1.29988
1.28666
1.29015
1.29129
1.28877
1.29458
1.28737
1.28901
1.28444
1.29377
1.29294
1.29095
1.29028
1.29437
1.29302
1.28929
1.29884
1.29632
1.29867
1.29768
1.28733
1.29293
1.29267
1.30728
1.29796
1.29997
1.29438
1.30875
1.30739
1.29973
1.28993
1.30717
1.30442
1.30597
1.30867
1.30295
1.30782
1.30195
1.29722
1.30136
1.29421
1.29771
1.28815
1.29233
1.28988
1.29917
1.29837
1.294
1.29222
1.28958
1.29238
1.29655
1.29622
1.29115
1.30204
1.29087
1.30021
1.29055
1.29715
1.29606
1.29526
1.29677
1.30182
1.30069
1.29283
1.29868
1.29103
1.28826
1.29078
1.29814
1.29403
1.29046
1.29524
1.28612
1.30198
1.28768
1.30435
1.31089
1.29115
1.29381
1.30791
1.29086
1.29483
1.29618
1.2941
1.30004
1.29251
1.28453
1.29095
1.29874
1.29456
1.29222
1.29469
1.29019
1.2966
1.29041
1.292
1.29866
1.29787
1.29959
1.2916
1.30255
1.28946
1.28457
1.2932
1.2971
1.29478
1.30246
1.29436
1.30599
1.30717
1.2931
1.28336
1.29168
1.29671
1.29529
1.30711
1.29175
1.28906
1.29537
1.29792
1.29499
1.28649
1.28974
1.28858
1.2974
1.29613
1.28839
1.30101
1.28396
1.3179
1.29787
1.30317
1.31051
1.30198
1.29662
1.29531
1.29374
1.29496
1.29374
1.29689
1.2807
1.29325
1.28219
1.29568
1.29716
1.29731
1.28941
1.28616
1.29212
1.28956
1.29625
1.28564
1.28821
1.28442
1.27779
1.28446
1.29457
1.2828
1.2875
1.29
1.28577
1.29299
1.28179
1.2945
1.28615
1.29184
1.28512
1.2916
1.29151
1.27913
1.2781
1.29307
1.28659
1.27971
1.28225
1.289
1.28913
1.2998
1.29356
1.286
1.28489
1.28699
1.28383
1.30011
1.30283
1.29351
1.28065
1.29082
1.28833
1.302
1.2922
1.29579
1.28979
1.28981
1.29575
1.29013
1.2882
1.28379
1.30119
1.28767
1.29087
1.28714
1.29794
1.29431
1.29012
1.28939
1.3013
1.29188
1.29211
1.28667
1.29577
1.29706
1.28534
1.29235
1.27756
1.292
1.29604
1.2903
1.2955
1.28994
1.28791
1.28976
1.28944
1.29889
1.2794
1.28499
1.29047
1.2868
1.29749
1.29067
1.28549
1.28848
1.30116
1.28683
1.28422
1.28551
1.28417
1.28902
1.29758
1.27809
1.28509
1.28314
1.28235
1.29154
1.28371
1.28149
1.28609
1.29554
1.29645
1.28505
1.28556
1.29939
1.28399
1.29091
1.30017
1.29172
1.30328
1.3044
1.28886
1.2969
1.29375
1.28499
1.29653
1.30016
1.28647
1.29186
1.29976
1.28547
1.30746
1.31015
1.28458
1.29051
1.30011
1.28577
1.29069
1.29292
1.28343
1.29565
1.29971
1.28381
1.30221
1.30965
1.29029
1.29656
1.29885
1.28396
1.28485
1.2925
1.28815
1.29533
1.29336
1.28419
1.30194
1.29837
1.2895
1.29014
1.30056
1.28469
1.29584
1.29385
1.27891
1.29411
1.29955
1.28477
1.3025
1.31047
1.29009
1.29657
1.29387
1.28948
1.29143
1.2934
1.28368
1.29597
1.29925
1.2842
1.30691
1.30999
1.29006
1.29543
1.29919
1.28926
1.29031
1.29249
1.29104
1.29125
1.29956
1.29007
1.30769
1.30407
1.28952
1.29018
1.29364
1.28981
1.29637
1.29379
1.28845
1.28476
1.29913
1.28999
1.30717
1.30987
1.28433
1.29621
1.29429
1.28609
1.29028
1.29341
1.28314
1.29022
1.29904
1.28427
1.30185
1.30435
1.29087
1.29083
1.29408
1.28565
1.29031
1.29407
1.27861
1.29131
1.29444
1.28493
1.30205
1.3109
1.28442
1.29106
1.29415
1.28898
1.2955
1.2909
1.28842
1.28938
1.29391
1.28977
1.30717
1.30405
1.28933
1.29568
1.29345
1.284
1.29586
1.29771
1.28433
1.2968
1.29378
1.28957
1.30797
1.30882
1.2867
1.29059
1.29388
1.28986
1.29323
1.29361
1.289
1.29042
1.29901
1.28971
1.30202
1.30973
1.28872
1.29004
1.29878
1.28451
1.29064
1.29957
1.28876
1.29018
1.29341
1.28504
1.30112
1.30482
1.28399
1.29042
1.2941
1.28592
1.29033
1.29341
1.28282
1.28982
1.29429
1.28442
1.30184
1.30394
1.28444
1.29042
1.29391
1.28665
1.29016
1.29299
1.2834
1.29012
1.29402
1.2838
1.30309
1.30434
1.28414
1.29051
1.28916
1.28485
1.29003
1.29383
1.28388
1.29069
1.29327
1.2848
1.30194
1.3046
1.28447
1.29098
1.29402
1.28404
1.29042
1.29351
1.28336
1.29013
1.29407
1.28458
1.30236
1.30447
1.28458
1.29031
1.29537
1.28417
1.28557
1.29249
1.28546
1.2907
1.29348
1.27981
1.30174
1.30448
1.2842
1.29028
1.29355
1.2795
1.29041
1.29362
1.28358
1.2905
1.29346
1.28546
1.30193
1.30453
1.28813
1.29566
1.29748
1.28265
1.2951
1.2972
1.28722
1.29424
1.29833
1.28792
1.30571
1.30811
1.28895
1.29396
1.29773
1.28823
1.29487
1.29736
1.28783
1.29452
1.29798
1.28948
1.30666
1.30841
1.28972
1.29456
1.30056
1.29109
1.29564
1.2983
1.28769
1.29482
1.29766
1.28908
1.3057
1.30951
1.2888
1.29481
1.299
1.28783
1.29433
1.29709
1.28784
1.29415
1.29291
1.28858
1.30635
1.31062
1.28914
1.29506
1.29797
1.28844
1.29515
1.29783
1.28779
1.29497
1.29853
1.289
1.30642
1.30874
1.28807
1.29476
1.29747
1.28846
1.29518
1.29769
1.29077
1.29484
1.29827
1.28929
1.30735
1.30913
1.28841
1.29501
1.2987
1.28994
1.29531
1.29766
1.28783
1.28931
1.29785
1.28301
1.30122
1.30909
1.28885
1.2948
1.29813
1.28889
1.2946
1.29803
1.28769
1.29468
1.29834
1.28901
1.30175
1.30841
1.28821
1.29473
1.29743
1.28857
1.29455
1.29803
1.2875
1.29178
1.29829
1.28946
1.30667
1.30899
1.28867
1.29557
1.29837
1.28838
1.29498
1.29739
1.28821
1.2947
1.29831
1.29315
1.30604
1.30953
1.28964
1.30161
1.29842
1.28865
1.29497
1.2973
1.28802
1.29426
1.29804
1.28885
1.30656
1.3093
1.28831
1.2943
1.29759
1.28878
1.29513
1.29798
1.28784
1.29482
1.30171
1.28931
1.30717
1.30916
1.28825
1.29446
1.29785
1.28344
1.29452
1.29723
1.28305
1.29491
1.29846
1.28802
1.30602
1.30908
1.28834
1.29441
1.29842
1.28865
1.29449
1.29778
1.28253
1.29738
1.29868
1.289
1.3066
1.30873
1.2889
1.29491
1.29807
1.28814
1.29531
1.29808
1.28829
1.28921
1.29877
1.29059
1.3067
1.30952
1.28882
1.29548
1.29903
1.28863
1.29496
1.29746
1.28936
1.29492
1.29768
1.28855
1.3063
1.30872
1.28861
1.29478
1.29822
1.28832
1.29481
1.298
1.28819
1.29533
1.29809
1.28379
1.30652
1.3092
1.2841
1.30015
1.28689
1.2942
1.28906
1.28119
1.2952
1.28127
1.28866
1.2915
1.2898
1.28649
1.2887
1.28826
1.284
1.28605
1.28876
1.28787
1.28997
1.29612
1.28941
1.29698
1.28711
1.28441
1.29012
1.28823
1.28819
1.28808
1.29068
1.29323
1.27973
1.29022
1.28635
1.28852
1.28941
1.28858
1.282
1.29154
1.28223
1.30051
1.30248
1.30779
1.3029
1.30121
1.28825
1.29036
1.2824
1.28434
1.28677
1.29163
1.28415
1.28085
1.28948
1.29508
1.27756
1.29557
1.28745
1.29218
1.29031
1.2836
1.28132
1.29155
1.29727
1.28561
1.28476
1.29668
1.28545
1.28489
1.30271
1.27479
1.28163
1.29216
1.28484
1.28428
1.28983
1.27606
1.2848
1.28273
1.2826
1.28313
1.28819
1.2759
1.28384
1.28577
1.29009
1.27862
1.28861
1.28309
1.28455
1.28591
1.28401
1.29405
1.27746
1.29182
1.28078
1.28049
1.28678
1.2812
1.28791
1.294
1.27522
1.28082
1.28345
1.29354
1.30642
1.29219
1.28088
1.28844
1.2808
1.28759
1.29385
1.28761
1.29279
1.28988
1.28784
1.27949
1.29462
1.2829
1.28171
1.28965
1.29293
1.28326
1.28957
1.28604
1.26975
1.28371
1.28166
1.28523
1.30266
1.29215
1.27957
1.2769
1.28199
1.2835
1.28983
1.27467
1.28559
1.28182
1.27811
1.28689
1.28737
1.28504
1.28619
1.2807
1.28269
1.29712
1.28741
1.27706
1.29658
1.28158
1.28128
1.27576
1.27859
1.27751
1.28937
1.29261
1.2831
1.28458
1.28586
1.28968
1.29995
1.29335
1.28499
1.2815
1.2969
1.28542
1.28609
1.28083
1.28421
1.30472
1.28944
1.2806
1.28825
1.27845
1.2755
1.28008
1.2808
1.28449
1.27952
1.30189
1.2899
1.27959
1.28198
1.28182
1.27744
1.29083
1.28214
1.28886
1.28951
1.28113
1.29
1.28526
1.28798
1.28197
1.28841
1.28026
1.28647
1.29371
1.28213
1.28333
1.28387
1.27834
1.2889
1.2808
1.28184
1.27878
1.29075
1.28773
1.29079
1.28408
1.29682
1.27622
1.2863
1.29231
1.28389
1.28483
1.29105
1.28526
1.2791
1.28929
1.27828
1.28276
1.28842
1.2783
1.28935
1.2846
1.285
1.27753
1.28631
1.28053
1.28307
1.28499
1.27977
1.27875
1.28414
1.28327
1.2834
1.28709
1.28533
1.29157
1.28389
1.28623
1.29063
1.28301
1.29272
1.28226
1.29123
1.27776
1.28249
1.27442
1.2852
1.27638
1.28137
1.284
1.28557
1.28409
1.28422
1.28695
1.28734
1.27514
1.28544
1.28627
1.2792
1.28164
1.27908
1.28227
1.27809
1.2841
1.28671
1.29651
1.28194
1.28019
1.28243
1.28332
1.29417
1.2969
1.28269
1.29056
1.28058
1.2902
1.28945
1.28295
1.28634
1.285
1.2921
1.28045
1.28161
1.29282
1.29174
1.2873
1.28728
1.29247
1.27829
1.28445
1.27813
1.29194
1.28173
1.28804
1.28203
1.28206
1.27973
1.28309
1.27574
1.28338
1.28287
1.2851
1.27893
1.29041
1.28933
1.27946
1.28284
1.28309
1.2862
1.28563
1.27985
1.2796
1.29096
1.28916
1.28247
1.29693
1.29167
1.27879
1.2936
1.28976
1.30036
1.30782
1.30425
1.2886
1.29046
1.28789
1.28448
1.28981
1.28596
1.28822
1.2777
1.2895
1.27988
1.27768
1.29028
1.27991
1.28992
1.27703
1.28988
1.27795
1.27756
1.2881
1.27671
1.28705
1.28936
1.28127
1.29151
1.28921
1.29534
1.28955
1.27298
1.28658
1.28609
1.28369
1.28657
1.28188
1.28847
1.28616
1.27958
1.28885
1.2912
1.29052
1.27838
1.28614
1.28019
1.2789
1.28122
1.29069
1.27959
1.28561
1.27963
1.28992
1.28696
1.28543
1.28171
1.28507
1.28934
1.28213
1.28255
1.28585
1.28936
1.29299
1.29312
1.28576
1.27945
1.29273
1.28057
1.28281
1.28524
1.28042
1.28308
1.27978
1.27828
1.28065
1.29185
1.28247
1.28432
1.2812
1.28451
1.28449
1.28685
1.27867
1.28955
1.2776
1.29787
1.29883
1.30216
1.2939
1.28251
1.28082
1.28682
1.27445
1.27962
1.27385
1.28272
1.28708
1.29435
1.28278
1.28722
1.28185
1.2907
1.2789
1.28969
1.28748
1.28954
1.29406
1.28542
1.29698
1.28292
1.29146
1.28033
1.28566
1.28585
1.29564
1.2974
1.28423
1.29895
1.29433
1.29038
1.28548
1.30539
1.28645
1.28503
1.29012
1.28235
1.28855
1.29095
1.28168
1.29503
1.28413
1.28819
1.29258
1.29244
1.28323
1.28596
1.2944
1.27923
1.28338
1.28102
1.28795
1.30565
1.30781
1.2891
1.28689
1.28784
1.28777
1.29413
1.289
1.29908
1.28913
1.28295
1.28651
1.29758
1.29122
1.28097
1.29113
1.28707
1.29634
1.30602
1.29556
1.29437
1.29742
1.28566
1.29597
1.29306
1.28787
1.28279
1.29099
1.30211
1.30858
1.29201
1.28335
1.29699
1.28663
1.29004
1.28786
1.29089
1.29086
1.29403
1.28572
1.28537
1.30272
1.30679
1.30632
1.30713
1.29017
1.28583
1.28454
1.28745
1.28792
1.29134
1.29284
1.28882
1.29884
1.29227
1.29392
1.28887
1.29667
1.29112
1.29288
1.28605
1.29743
1.29006
1.27957
1.29235
1.28948
1.27992
1.29603
1.28966
1.29443
1.29808
1.2888
1.2895
1.28465
1.28713
1.28597
1.29566
1.28113
1.2994
1.299
1.28629
1.2934
1.28609
1.28462
1.28273
1.29776
1.27995
1.28962
1.28722
1.28671
1.28605
1.28585
1.28875
1.28703
1.28771
1.29989
1.29093
1.29109
1.29107
1.28481
1.28872
1.28603
1.29511
1.28877
1.28545
1.28158
1.30014
1.29915
1.28412
1.29232
1.28954
1.29558
1.28048
1.28918
1.29684
1.29472
1.28196
1.29551
1.29005
1.28849
1.28661
1.29348
1.28734
1.29136
1.29237
1.28932
1.29775
1.27548
1.29188
1.29098
1.29836
1.27966
1.30626
1.28444
1.29252
1.29279
1.29064
1.28831
1.29259
1.28672
1.29675
1.29663
1.28355
1.28762
1.29511
1.27374
1.29569
1.30707
1.31434
1.29989
1.28605
1.2855
1.29289
1.28511
1.29489
1.28761
1.28916
1.28478
1.29425
1.28826
1.29976
1.28693
1.28665
1.28461
1.293
1.29173
1.29442
1.29928
1.2874
1.28876
1.29373
1.29828
1.29272
1.29101
1.29054
1.29085
1.28641
1.28412
1.28768
1.28121
1.28261
1.28528
1.29046
1.28827
1.28321
1.28914
1.30046
1.28253
1.28187
1.28693
1.27902
1.2876
1.29262
1.28643
1.29695
1.29029
1.28979
1.29434
1.29328
1.28705
1.28775
1.28868
1.29157
1.29732
1.28614
1.28909
1.2852
1.2914
1.29051
1.29491
1.28588
1.28213
1.28627
1.28322
1.28375
1.28656
1.29653
1.28942
1.2915
1.28538
1.2842
1.29876
1.30014
1.29262
1.30324
1.28846
1.28626
1.28684
1.28625
1.29148
1.29046
1.293
1.29458
1.29265
1.28629
1.29411
1.28832
1.30014
1.29
1.28562
1.29206
1.30146
1.28859
1.28717
1.28511
1.29971
1.28677
1.29728
1.28784
1.29172
1.28923
1.28946
1.28564
1.29294
1.28121
1.30172
1.29
1.29545
1.29338
1.29296
1.28802
1.28686
1.29023
1.28059
1.29284
1.28432
1.27827
1.29112
1.29118
1.28915
1.28865
1.28766
1.28724
1.29003
1.28716
1.29326
1.2865
1.29391
1.29697
1.28256
1.28607
1.28495
1.28526
1.28061
1.29441
1.28953
1.2865
1.29486
1.29789
1.30093
1.29325
1.28885
1.28391
1.28425
1.28534
1.29387
1.292
1.29184
1.29162
1.29082
1.29113
1.28306
1.29498
1.28352
1.2945
1.28442
1.28713
1.28403
1.28888
1.28073
1.28565
1.29397
1.29247
1.29022
1.29728
1.2839
1.29361
1.2889
1.29264
1.28761
1.29487
1.29123
1.289
1.28867
1.28349
1.29402
1.28842
1.28418
1.27964
1.30498
1.29009
1.29706
1.29649
1.28584
1.29285
1.29067
1.27961
1.28544
1.28211
1.29008
1.28905
1.43861
1.43518
1.45278
1.43435
1.44091
1.43915
1.43346
1.44641
1.44256
1.44108
1.44876
1.43406
1.44837
1.43464
1.45062
1.44274
1.44865
1.45825
1.4502
1.43258
1.44168
1.4391
1.44211
1.43522
1.44207
1.43653
1.45757
1.45199
1.43782
1.44014
1.45433
1.44307
1.44587
1.44269
1.45532
1.45802
1.44719
1.44098
1.4378
1.43978
1.44922
1.44425
1.43997
1.45399
1.44055
1.44766
1.45071
1.441
1.43264
1.43775
1.44782
1.4388
1.44256
1.43799
1.44397
1.43647
1.46314
1.43651
1.44148
1.43312
1.4461
1.4416
1.45956
1.45399
1.45778
1.45587
1.43629
1.436
1.44143
1.43741
1.45698
1.44478
1.43398
1.43952
1.43662
1.44598
1.4484
1.447
1.43737
1.44836
1.43601
1.43817
1.44155
1.44543
1.43711
1.45631
1.42727
1.43037
1.43986
1.44312
1.44733
1.44261
1.44044
1.44766
1.43834
1.44868
1.437
1.44505
1.43327
1.44459
1.44797
1.44348
1.45086
1.44374
1.43757
1.4377
1.4428
1.44939
1.4432
1.44279
1.4359
1.44582
1.43971
1.43957
1.45035
1.44039
1.45023
1.44105
1.43903
1.44236
1.44166
1.43781
1.44463
1.44042
1.44966
1.4366
1.43248
1.431
1.44996
1.43976
1.4385
1.43962
1.43902
1.44734
1.43408
1.44148
1.44759
1.4379
1.43985
1.43582
1.44328
1.45067
1.43817
1.44045
1.44089
1.43979
1.45045
1.44064
1.42809
1.44883
1.44149
1.44455
1.44097
1.4418
1.44728
1.44446
1.44267
1.45266
1.44465
1.44686
1.4541
1.44502
1.44133
1.43596
1.44143
1.43864
1.43911
1.44156
1.44127
1.44112
1.44101
1.44785
1.439
1.44994
1.43467
1.43959
1.44725
1.45946
1.44131
1.44089
1.4523
1.44033
1.43906
1.44466
1.44458
1.4369
1.44406
1.44522
1.44984
1.44348
1.44528
1.44695
1.43812
1.44065
1.4477
1.44287
1.4466
1.4412
1.45101
1.43459
1.44401
1.43939
1.43561
1.43142
1.43337
1.43429
1.43997
1.4424
1.43366
1.44473
1.44558
1.44939
1.44318
1.43917
1.44665
1.4464
1.4482
1.43447
1.43559
1.44907
1.43234
1.44093
1.44798
1.43872
1.43827
1.44754
1.44588
1.43715
1.44524
1.45011
1.43677
1.44117
1.45737
1.45062
1.43915
1.43873
1.4383
1.43813
1.43966
1.43923
1.43899
1.43386
1.44163
1.44503
1.44885
1.43677
1.443
1.43422
1.45582
1.44965
1.4657
1.45622
1.44276
1.43403
1.45327
1.43699
1.43282
1.4455
1.43444
1.45352
1.44623
1.4353
1.44117
1.43077
1.44745
1.4429
1.4399
1.44479
1.44304
1.43187
1.44645
1.43969
1.44266
1.43654
1.44383
1.44259
1.45732
1.44277
1.44602
1.45002
1.45023
1.43226
1.43459
1.4337
1.43428
1.44853
1.45884
1.44488
1.44309
1.45586
1.44181
1.44056
1.44237
1.43868
1.44544
1.44179
1.44538
1.43121
1.4414
1.44399
1.44182
1.4446
1.44735
1.4568
1.43435
1.44772
1.43955
1.4437
1.44105
1.44395
1.46215
1.46253
1.44046
1.4353
1.44121
1.43821
1.43988
1.45622
1.43868
1.44169
1.44673
1.44553
1.44391
1.45213
1.44377
1.44182
1.44937
1.44085
1.43873
1.44695
1.44445
1.44372
1.44035
1.44082
1.46003
1.45777
1.44973
1.43434
1.44015
1.43881
1.43744
1.43595
1.44083
1.43829
1.44257
1.44884
1.45084
1.45136
1.44851
1.45226
1.43412
1.44826
1.45094
1.43502
1.44662
1.44275
1.43834
1.44263
1.43556
1.43714
1.44919
1.43326
1.43597
1.43841
1.43202
1.44393
1.44167
1.44638
1.44495
1.44371
1.43943
1.44389
1.44784
1.43827
1.44265
1.43701
1.44499
1.44366
1.434
1.45076
1.44917
1.43575
1.43593
1.44322
1.44524
1.44386
1.44639
1.4394
1.43485
1.43356
1.43866
1.44725
1.43646
1.43868
1.44764
1.44791
1.44437
1.44234
1.44961
1.44544
1.44858
1.44512
1.44817
1.44305
1.44891
1.44152
1.45392
1.44652
1.4402
1.44372
1.44341
1.43493
1.43332
1.44526
1.44128
1.43989
1.44248
1.4302
1.42955
1.44206
1.44706
1.4379
1.45457
1.44376
1.43287
1.44225
1.43193
1.45797
1.43975
1.44831
1.45062
1.43328
1.4448
1.44494
1.44344
1.44803
1.44122
1.4293
1.44202
1.442
1.44132
1.44421
1.44017
1.44063
1.4516
1.44462
1.43467
1.44324
1.44398
1.44277
1.44459
1.45158
1.44459
1.43929
1.4397
1.44409
1.44678
1.44209
1.44559
1.43653
1.46377
1.45766
1.46893
1.46208
1.44829
1.45857
1.46032
1.45964
1.441
1.44611
1.43611
1.44174
1.44648
1.44312
1.4517
1.44022
1.45021
1.43531
1.4518
1.44985
1.44172
1.44016
1.4382
1.44944
1.43249
1.43925
1.44339
1.44305
1.4397
1.44306
1.4435
1.45337
1.44098
1.44484
1.43846
1.45165
1.44152
1.44413
1.43945
1.44341
1.43711
1.44219
1.44119
1.43439
1.45936
1.43651
1.4463
1.44207
1.4434
1.43791
1.44335
1.44654
1.44651
1.44653
1.43849
1.4406
1.44551
1.43469
1.43771
1.43522
1.44166
1.45247
1.45537
1.43407
1.45727
1.4385
1.44451
1.44061
1.448
1.43522
1.44185
1.44397
1.44092
1.4447
1.44846
1.44251
1.43866
1.44651
1.43948
1.44818
1.45423
1.43748
1.45347
1.44448
1.44587
1.44726
1.46233
1.44061
1.44193
1.43891
1.45019
1.44615
1.44065
1.43478
1.42669
1.42504
1.41855
1.42121
1.42559
1.41358
1.41754
1.44309
1.44431
1.43822
1.42755
1.43148
1.42423
1.42023
1.41654
1.42704
1.4239
1.41437
1.42876
1.4335
1.4465
1.42083
1.43195
1.41237
1.42571
1.43393
1.43298
1.42404
1.4333
1.43693
1.41562
1.41517
1.43146
1.43492
1.42792
1.42102
1.42005
1.42622
1.43966
1.42526
1.42936
1.42631
1.41957
1.41969
1.42077
1.41788
1.42682
1.41814
1.4228
1.41923
1.42467
1.42787
1.4317
1.42681
1.41787
1.42741
1.42171
1.41647
1.42434
1.42786
1.43773
1.42159
1.42057
1.42361
1.42981
1.42582
1.41569
1.42634
1.42461
1.41984
1.42846
1.43476
1.43036
1.42464
1.42849
1.42708
1.41655
1.4425
1.4239
1.42097
1.43589
1.42025
1.4344
1.42281
1.42034
1.42552
1.4291
1.41973
1.41968
1.43409
1.41983
1.42326
1.42729
1.42769
1.42086
1.4224
1.43177
1.42901
1.42257
1.42744
1.42788
1.42464
1.42287
1.42813
1.41577
1.42578
1.41464
1.43495
1.42272
1.42111
1.43768
1.42075
1.42812
1.4341
1.43476
1.42538
1.42604
1.42913
1.43829
1.42862
1.41671
1.41791
1.42214
1.41862
1.44239
1.41211
1.42066
1.42044
1.4296
1.42828
1.41954
1.42332
1.42212
1.42721
1.42385
1.41867
1.41477
1.42735
1.43386
1.42915
1.42478
1.4323
1.43446
1.42984
1.42318
1.41737
1.42675
1.42025
1.43079
1.42818
1.42753
1.42959
1.42263
1.41264
1.41816
1.4209
1.43327
1.43382
1.42518
1.41845
1.42588
1.42265
1.443
1.42491
1.4258
1.42998
1.42616
1.42677
1.41604
1.42518
1.42079
1.42259
1.41459
1.42698
1.41409
1.4176
1.41953
1.41429
1.41764
1.42807
1.43077
1.42078
1.42272
1.434
1.41702
1.43319
1.42476
1.42671
1.42197
1.42048
1.4251
1.43229
1.41169
1.4168
1.41318
1.42953
1.40664
1.42126
1.4135
1.4217
1.41494
1.42101
1.42443
1.40612
1.41765
1.42163
1.41825
1.40654
1.41985
1.41928
1.41713
1.41172
1.42008
1.40947
1.41623
1.4172
1.42144
1.41825
1.42619
1.41411
1.42629
1.42599
1.42131
1.42674
1.41937
1.43474
1.41819
1.41944
1.40703
1.41084
1.41196
1.42938
1.42467
1.43129
1.41421
1.40486
1.41985
1.432
1.42219
1.43252
1.42193
1.42104
1.41562
1.42545
1.41873
1.41416
1.42004
1.41233
1.40709
1.41682
1.41286
1.41802
1.4201
1.42212
1.42278
1.42365
1.42161
1.43593
1.43281
1.42566
1.42013
1.42043
1.4267
1.41799
1.40929
1.41648
1.41241
1.4166
1.43487
1.41033
1.41763
1.42241
1.43842
1.41749
1.41935
1.42686
1.43736
1.43165
1.41619
1.43209
1.44152
1.41586
1.43119
1.41951
1.42062
1.42256
1.41966
1.42062
1.41525
1.4162
1.40903
1.42664
1.42071
1.42398
1.40741
1.41864
1.41125
1.42078
1.40894
1.41979
1.42272
1.41607
1.43135
1.41508
1.42765
1.4309
1.4105
1.43527
1.43591
1.41053
1.4311
1.41842
1.42
1.42952
1.42727
1.43344
1.42652
1.42833
1.41928
1.42433
1.42281
1.43285
1.41443
1.42412
1.42163
1.41173
1.42275
1.41769
1.41171
1.42486
1.40964
1.4162
1.42199
1.422
1.432
1.41824
1.42162
1.42507
1.4338
1.4424
1.42644
1.4171
1.4195
1.41798
1.41284
1.41352
1.41921
1.42296
1.42763
1.42358
1.428
1.43181
1.42249
1.42849
1.42126
1.4211
1.42106
1.42277
1.42512
1.42044
1.42176
1.41495
1.42574
1.4218
1.43443
1.40933
1.41994
1.41751
1.43311
1.44069
1.4269
1.42216
1.42027
1.42958
1.4163
1.42492
1.42054
1.42386
1.42319
1.41917
1.42328
1.42813
1.42335
1.42655
1.42629
1.42954
1.4173
1.41609
1.42333
1.42479
1.41855
1.42548
1.42864
1.427
1.42436
1.4249
1.42495
1.42522
1.41817
1.42412
1.43247
1.43982
1.43632
1.42512
1.40539
1.42159
1.42088
1.42329
1.44809
1.43684
1.43261
1.41411
1.41876
1.41607
1.43157
1.41758
1.4207
1.4228
1.43682
1.43529
1.43023
1.41824
1.42805
1.42149
1.42186
1.41769
1.42566
1.42273
1.42037
1.4207
1.4357
1.42965
1.43503
1.43019
1.44653
1.41853
1.42561
1.43453
1.42869
1.42435
1.42933
1.41897
1.42554
1.43599
1.43714
1.42478
1.4233
1.43795
1.42433
1.43143
1.42292
1.42384
1.42883
1.41705
1.43298
1.42804
1.42074
1.42113
1.4217
1.42746
1.43322
1.42702
1.4391
1.41489
1.42674
1.43301
1.41083
1.40757
1.42664
1.42431
1.42489
1.41882
1.41155
1.42844
1.44144
1.43057
1.43046
1.4465
1.4295
1.42302
1.4226
1.42522
1.42139
1.42245
1.42845
1.42503
1.43963
1.44514
1.44476
1.42508
1.41098
1.42719
1.46113
1.43875
1.41541
1.42194
1.42458
1.42315
1.41844
1.42887
1.42671
1.4255
1.43448
1.42347
1.41833
1.43499
1.42795
1.42058
1.43039
1.4267
1.42735
1.41359
1.42741
1.43635
1.43567
1.43709
1.42545
1.41894
1.43507
1.429
1.42669
1.41799
1.43125
1.42837
1.43627
1.43734
1.42523
1.42729
1.43312
1.44041
1.44229
1.43192
1.43869
1.43246
1.42826
1.42668
1.42011
1.42742
1.42487
1.42429
1.44478
1.43166
1.43076
1.42188
1.43407
1.41472
1.42458
1.43125
1.42854
1.42843
1.4225
1.4303
1.42193
1.43783
1.42412
1.44516
1.42932
1.42464
1.43308
1.41521
1.43335
1.43766
1.43305
1.43962
1.43459
1.41357
1.4393
1.42722
1.4313
1.4361
1.42382
1.42703
1.42002
1.41767
1.42837
1.43492
1.42047
1.42164
1.44069
1.4311
1.42793
1.4328
1.43744
1.43548
1.43393
1.4464
1.42129
1.42423
1.42722
1.43834
1.43279
1.44545
1.41921
1.42807
1.42181
1.44437
1.43729
1.44424
1.42634
1.4391
1.42165
1.43166
1.42048
1.43155
1.42973
1.43289
1.44403
1.42809
1.43955
1.42161
1.4239
1.42835
1.44217
1.43327
1.42527
1.43415
1.44763
1.42212
1.4329
1.42944
1.43405
1.42973
1.43355
1.42878
1.44222
1.44573
1.4443
1.43719
1.41424
1.43617
1.42658
1.44695
1.43071
1.43179
1.42269
1.42926
1.43074
1.43057
1.44181
1.42337
1.42955
1.4297
1.42964
1.43226
1.42701
1.43611
1.4221
1.43349
1.43214
1.42487
1.43307
1.42882
1.42931
1.43957
1.44657
1.44192
1.43236
1.44629
1.44592
1.4298
1.43346
1.43073
1.42703
1.43231
1.42707
1.4223
1.42337
1.42766
1.42329
1.4343
1.43682
1.42732
1.43625
1.43044
1.43573
1.44887
1.42251
1.43121
1.43889
1.43176
1.42229
1.44231
1.41693
1.43553
1.42571
1.45021
1.44054
1.43906
1.42344
1.4301
1.43113
1.43302
1.42419
1.4432
1.43044
1.44213
1.43813
1.4385
1.43198
1.43843
1.44118
1.43807
1.44273
1.45319
1.44765
1.44456
1.46147
1.46411
1.45019
1.44114
1.4611
1.43915
1.46485
1.4534
1.44979
1.45308
1.44708
1.45528
1.45953
1.45368
1.45108
1.4608
1.44567
1.44893
1.44947
1.4362
1.44518
1.44369
1.4523
1.44183
1.44883
1.44836
1.45141
1.4571
1.45754
1.44992
1.43965
1.47002
1.45487
1.43716
1.43797
1.47461
1.45576
1.44923
1.43687
1.43861
1.45453
1.4471
1.44498
1.44593
1.44297
1.44146
1.43817
1.44659
1.45107
1.44777
1.43843
1.44216
1.44429
1.43718
1.44722
1.45358
1.45801
1.44411
1.4543
1.45747
1.46676
1.46686
1.46648
1.46429
1.44537
1.4473
1.44571
1.44651
1.44853
1.44325
1.45177
1.439
1.44239
1.44955
1.45373
1.45356
1.47658
1.4362
1.45697
1.43876
1.43528
1.43293
1.47202
1.46074
1.44368
1.45913
1.44226
1.44755
1.46439
1.44436
1.45793
1.46667
1.45192
1.45681
1.44511
1.46437
1.45388
1.44171
1.45671
1.44947
1.45245
1.44778
1.46906
1.45064
1.4704
1.45578
1.45684
1.45915
1.45792
1.45032
1.45147
1.45812
1.4489
1.4791
1.46174
1.44921
1.44764
1.45018
1.45262
1.44273
1.44412
1.46352
1.44295
1.45532
1.45819
1.44946
1.45869
1.45434
1.46552
1.44908
1.44533
1.45625
1.4607
1.44935
1.46332
1.455
1.45302
1.44371
1.46455
1.44676
1.44502
1.44349
1.45069
1.45985
1.44377
1.46271
1.44625
1.45963
1.46533
1.4571
1.45759
1.46072
1.45176
1.46723
1.44806
1.43647
1.45093
1.46077
1.43965
1.44864
1.44052
1.44984
1.44874
1.45131
1.47945
1.44474
1.46636
1.45106
1.4642
1.45084
1.45145
1.4668
1.46031
1.45144
1.45219
1.45622
1.46213
1.46555
1.45563
1.4408
1.44395
1.44841
1.44615
1.46308
1.46571
1.45956
1.45545
1.44623
1.45022
1.46017
1.4584
1.47398
1.43706
1.45011
1.46057
1.45533
1.4501
1.45663
1.44241
1.43611
1.45248
1.44832
1.45979
1.44242
1.4595
1.44922
1.45856
1.45477
1.46778
1.44983
1.43596
1.45276
1.45774
1.46556
1.44938
1.44904
1.45368
1.46262
1.45293
1.43981
1.44834
1.46488
1.46365
1.44778
1.47139
1.46371
1.45554
1.4569
1.46141
1.46218
1.45008
1.46604
1.4421
1.46309
1.44725
1.46581
1.45438
1.45517
1.46303
1.44504
1.46374
1.45037
1.44509
1.44645
1.45348
1.47771
1.46338
1.44925
1.44147
1.45238
1.44215
1.44908
1.44335
1.46463
1.45562
1.44792
1.44982
1.44186
1.46244
1.45437
1.46401
1.45111
1.45941
1.44806
1.44893
1.45754
1.45523
1.45557
1.47696
1.46249
1.44333
1.46299
1.45704
1.44976
1.47965
1.45782
1.46413
1.44021
1.44927
1.43956
1.44402
1.45269
1.44385
1.44995
1.46985
1.45006
1.44538
1.44612
1.45252
1.46568
1.46401
1.46614
1.46154
1.45748
1.44809
1.4611
1.45017
1.45679
1.45842
1.44352
1.4619
1.44994
1.44386
1.45019
1.45234
1.44647
1.45787
1.45086
1.43844
1.44723
1.44428
1.45197
1.45478
1.46366
1.43875
1.45232
1.45797
1.46731
1.45541
1.45691
1.47125
1.44808
1.47168
1.44733
1.47474
1.46512
1.45701
1.45861
1.44575
1.46731
1.45936
1.44675
1.46636
1.45069
1.44159
1.45561
1.46716
1.46621
1.43844
1.44994
1.47042
1.44468
1.43884
1.44578
1.4751
1.47869
1.44684
1.47922
1.45615
1.47261
1.44191
1.45415
1.44936
1.46481
1.45724
1.45294
1.44448
1.45156
1.44976
1.45738
1.45419
1.46241
1.46222
1.44599
1.44367
1.48051
1.45641
1.46169
1.44198
1.4626
1.46417
1.45986
1.44061
1.45024
1.44989
1.45797
1.45332
1.468
1.44639
1.46233
1.45988
1.44886
1.45196
