1.32415
1.06483
1.03377
1.01736
1.00802
0.998721
1.03211
1.2261
1.01824
1.04662
1.04946
1.03759
1.10973
1.18949
1.13488
1.09163
1.10666
1.04415
1.17613
1.19181
1.09654
1.19225
1.27465
1.13652
1.26492
1.24072
1.32512
1.18185
1.04793
1.15889
1.02336
1.03855
1.03259
1.02526
1.04737
1.02925
1.01222
1.276
1.28525
1.25444
1.161
1.12916
1.16336
1.24841
1.1151
1.17272
1.16774
1.18441
1.18444
1.20064
1.19226
1.10148
1.17631
1.15349
1.16113
1.16172
1.13651
1.13685
1.15027
1.14296
1.14812
1.15174
1.13389
1.13588
1.11219
1.13273
1.13273
1.11177
1.12641
1.11946
1.1037
1.11938
1.10034
1.10102
1.09173
1.11399
1.10176
1.09442
1.09236
1.08515
1.09509
1.20473
1.09041
1.09891
1.10635
1.10477
1.10573
1.0949
1.20066
1.2367
1.10136
1.23699
1.21481
1.23058
1.23576
1.21945
1.06866
1.11807
1.10233
1.1115
1.11207
1.11868
1.14799
1.16106
1.19815
1.10117
1.09673
1.2555
1.25993
1.2537
1.25755
1.32819
1.32531
1.34546
1.30999
1.33186
1.36037
1.39437
1.32277
1.36347
1.32741
1.34466
1.19434
1.227
1.17672
1.02649
1.00294
1.0089
1.15872
1.01166
1.00672
1.01726
1.01138
1.02676
1.13671
1.12141
0.999774
1.00582
1.01497
1.02407
1.29953
1.11812
1.03277
1.13225
1.27902
1.1303
1.22373
1.22823
1.24875
1.11606
1.23413
1.22529
1.27127
1.22478
1.2391
1.26029
1.22581
1.21967
1.21463
1.09722
1.18135
1.17638
1.23775
1.23622
1.17495
1.19792
1.18448
1.16677
1.18517
1.1799
1.16098
1.16536
1.18629
1.16838
1.19369
1.17577
1.14341
1.17955
1.16546
1.15645
1.15341
1.16655
1.14921
1.14824
1.14153
1.1803
1.15715
1.15282
1.15417
1.14462
1.14877
1.13918
1.13824
1.14007
1.15521
1.18484
1.14704
1.16842
1.17303
1.17435
1.15288
1.38613
1.37483
1.37342
1.15488
1.13927
1.15262
1.14687
1.14747
1.12513
1.13139
1.13921
1.14844
1.13748
1.31322
1.13616
1.15373
1.14103
1.10452
1.11227
1.13059
1.12444
1.11649
1.13093
1.13295
1.14668
1.12451
1.11908
1.12458
1.15415
1.1521
1.13743
1.13972
1.14423
1.14127
1.11692
1.10878
1.1026
1.11619
1.10945
1.12456
1.14112
1.14821
1.13997
1.1189
1.1257
1.12484
1.13655
1.14337
1.12344
1.14051
1.13781
1.14646
1.13828
1.29488
1.28538
1.27409
1.12221
1.12787
1.11947
1.12687
1.359
1.13174
1.37656
1.12116
1.12153
1.11591
1.10811
1.10468
1.11328
1.09976
1.09022
1.08712
1.08261
1.09273
1.09355
1.08969
1.10784
1.08038
1.27721
1.0827
1.08071
1.08738
1.07411
1.10714
1.0767
1.0821
1.0874
1.08398
1.09424
1.0953
1.09918
1.09548
1.0977
1.08855
1.08952
1.09352
1.10363
1.11383
1.10695
1.1182
1.10454
1.10466
1.09683
1.10598
1.1002
1.10388
1.09658
1.11156
1.10452
1.10264
1.11488
1.11242
1.10916
1.10336
1.0936
1.09767
1.09269
1.10031
1.09128
1.10303
1.08934
1.09781
1.0878
1.09497
1.09336
1.08664
1.09133
1.10279
1.0959
1.11966
1.10423
1.09503
1.09362
1.09553
1.0878
1.10003
1.1045
1.11369
1.10341
1.09204
1.09972
1.09631
1.08472
1.11141
1.08977
1.09621
1.08361
1.08627
1.09956
1.09759
1.09286
1.0818
1.0794
1.08128
1.08057
1.08874
1.08759
1.09081
1.09181
1.09385
1.10281
1.09654
1.09932
1.09775
1.09857
1.1035
1.08673
1.09298
1.09219
1.10429
1.10904
1.10403
1.101
1.09802
1.09427
1.0911
1.08826
1.09006
1.1
1.1006
1.09861
1.09093
1.09397
1.09466
1.10275
1.1063
1.08468
1.09441
1.09678
1.10101
1.11687
1.10445
1.09361
1.11743
1.09379
1.09641
1.08891
1.08447
1.09647
1.08678
1.09409
1.09465
1.11206
1.10959
1.09638
1.10017
1.09215
1.10709
1.09242
1.10355
1.09495
1.09603
1.09819
1.1122
1.10387
1.0939
1.09983
1.09702
1.09951
1.11472
1.09956
1.10478
1.09627
1.11396
1.09865
1.10808
1.11617
1.10669
1.10202
1.0906
1.08974
1.08608
1.09193
1.08529
1.08759
1.08442
1.09164
1.09065
1.09008
1.0982
1.0783
1.08628
1.09687
1.08887
1.11133
1.10311
1.09875
1.1002
1.10585
1.10122
1.0977
1.10626
1.08901
1.09333
1.10577
1.10802
1.10921
1.09588
1.09967
1.10953
1.10786
1.11305
1.12211
1.10636
1.11021
1.1055
1.09761
1.10034
1.10698
1.11714
1.09961
1.10738
1.11111
1.09978
1.10014
1.10067
1.09375
1.08681
1.09307
1.0891
1.09331
1.10787
1.08859
1.09717
1.09566
1.08352
1.0857
1.08344
1.08344
1.08662
1.08664
1.08066
1.09448
1.0794
1.0909
1.0957
1.08914
1.10896
1.10831
1.10428
1.09999
1.10302
1.12106
1.11339
1.11228
1.10945
1.12008
1.11098
1.11998
1.12904
1.10071
1.09891
1.09698
1.10193
1.09443
1.10239
1.11154
1.10268
1.09454
1.08943
1.09712
1.11449
1.10659
1.09519
1.10716
1.09925
1.1156
1.09372
1.10749
1.09839
1.09771
1.09455
1.09892
1.10179
1.10476
1.09431
1.10951
1.09468
1.10213
1.24306
1.25813
1.2338
1.23912
1.247
1.249
1.24152
1.25603
1.2437
1.25538
1.24769
1.24491
1.23245
1.24718
1.2484
1.24284
1.25748
1.25353
1.24662
1.24378
1.26415
1.24959
1.2698
1.2577
1.25937
1.11465
1.11094
1.11377
1.10778
1.10266
1.12138
1.11608
1.11426
1.10034
1.11601
1.10816
1.11253
1.09929
1.1038
1.11151
1.114
1.11643
1.10239
1.09197
1.10654
1.09914
1.11698
1.1066
1.09358
1.09052
1.09951
1.09618
1.09264
1.09858
1.09805
1.09578
1.09659
1.10908
1.08775
1.09135
1.08983
1.0987
1.09057
1.09802
1.09051
1.09632
1.08893
1.09699
1.0954
1.08767
1.10313
1.09927
1.10499
1.09635
1.11113
1.10618
1.09488
1.09289
1.08792
1.09695
1.10807
1.09671
1.10283
1.09954
1.09785
1.1003
1.10029
1.09821
1.08903
1.09131
1.09814
1.0952
1.09564
1.0929
1.09505
1.08097
1.09119
1.09302
1.09396
1.10253
1.10172
1.09101
1.11012
1.1077
1.10616
1.1038
1.10497
1.10608
1.11424
1.10175
1.09933
1.09615
1.10588
1.09804
1.0928
1.0921
1.25731
1.24133
1.24049
1.24729
1.25028
1.24107
1.2451
1.24497
1.24057
1.24661
1.25403
1.26276
1.2442
1.24654
1.24254
1.24616
1.24579
1.2565
1.23695
1.23914
1.24342
1.24379
1.24676
1.25054
1.2652
1.24583
1.24419
1.24218
1.24815
1.24626
1.24924
1.25627
1.2532
1.25137
1.24705
1.24527
1.24368
1.23817
1.24395
1.2542
1.24945
1.24839
1.24979
1.24067
1.23845
1.24799
1.25093
1.2507
1.24853
1.24151
1.2551
1.25152
1.24961
1.2435
1.23562
1.24224
1.24882
1.24057
1.24624
1.23867
1.22935
1.23798
1.23787
1.10261
1.09486
1.09223
1.09813
1.09209
1.09282
1.1001
1.11025
1.28578
1.26395
1.26925
1.25326
1.25532
1.27527
1.25377
1.26946
1.2541
1.27286
1.27536
1.26811
1.26139
1.27495
1.28239
1.2786
1.27494
1.25954
1.26723
1.25762
1.27485
1.28719
1.27832
1.27007
1.2738
1.25364
1.2742
1.27373
1.26015
1.25452
1.26614
1.27971
1.27384
1.26333
1.27479
1.27468
1.26679
1.27814
1.27187
1.2722
1.28114
1.26524
1.27551
1.27306
1.27236
1.29434
1.25251
1.2855
1.27705
1.28538
1.26716
1.27977
1.2626
1.26523
1.2685
1.27584
1.27027
1.2747
1.2656
1.26644
1.26534
1.26099
1.263
1.26377
1.28007
1.27403
1.26844
1.28049
1.27102
1.28579
1.2727
1.27089
1.27313
1.27136
1.27601
1.27025
1.27909
1.28004
1.27591
1.27296
1.27952
1.25887
1.26742
1.27166
1.2793
1.26744
1.26164
1.27363
1.27169
1.26062
1.2613
1.10406
1.1056
1.09976
1.09966
1.11527
1.10749
1.10176
1.09727
1.11584
1.10939
1.10282
1.09841
1.10243
1.09633
1.11175
1.1128
1.10532
1.10295
1.10162
1.09488
1.10757
1.10651
1.09556
1.1049
1.09913
1.10359
1.11233
1.10516
1.10112
1.09727
1.109
1.10531
1.10053
1.10444
1.11394
1.10931
1.1095
1.10368
1.0973
1.09605
1.10178
1.09489
1.10334
1.10752
1.09425
1.09746
1.09887
1.09618
1.10204
1.09535
1.09696
1.09225
1.10163
1.09918
1.09886
1.09822
1.10238
1.10049
1.09551
1.10611
1.10373
1.10627
1.10407
1.09484
1.09894
1.10037
1.11478
1.10531
1.10781
1.10212
1.11657
1.11302
1.10739
1.09713
1.1149
1.11107
1.11305
1.11417
1.11062
1.11237
1.10948
1.10493
1.1085
1.10137
1.1053
1.09513
1.10013
1.09791
1.10685
1.10639
1.10147
1.10019
1.0972
1.10018
1.10412
1.104
1.09746
1.10815
1.09848
1.10803
1.09824
1.10447
1.1031
1.10192
1.10325
1.1097
1.10849
1.10046
1.10636
1.09892
1.09564
1.09878
1.10453
1.10166
1.09824
1.10261
1.0937
1.10971
1.095
1.11195
1.11769
1.09801
1.10066
1.11494
1.09826
1.10265
1.10421
1.10195
1.10788
1.09979
1.09201
1.09877
1.10601
1.10201
1.09952
1.10163
1.09776
1.1037
1.09636
1.09979
1.10618
1.10553
1.10692
1.09923
1.10886
1.09717
1.0919
1.09932
1.10295
1.10273
1.10946
1.1018
1.11384
1.1148
1.09923
1.09096
1.09925
1.10285
1.10297
1.11495
1.09867
1.09708
1.10348
1.10515
1.10261
1.0943
1.09663
1.09466
1.1046
1.10401
1.0963
1.10803
1.0915
1.12418
1.10507
1.10868
1.11701
1.10978
1.10429
1.10143
1.10162
1.10275
1.10146
1.10483
1.08843
1.10114
1.08996
1.10322
1.10328
1.10472
1.09712
1.0938
1.09977
1.09717
1.10142
1.09348
1.096
1.09151
1.08524
1.09234
1.10161
1.08905
1.09523
1.09743
1.09317
1.09938
1.08937
1.10087
1.09328
1.09969
1.09284
1.09905
1.09921
1.08678
1.08556
1.09887
1.09389
1.08735
1.08929
1.09686
1.09695
1.10718
1.10147
1.09377
1.09078
1.09405
1.09104
1.10787
1.11055
1.10127
1.08831
1.09833
1.0963
1.10684
1.09855
1.10292
1.09709
1.09565
1.10355
1.09788
1.09434
1.09165
1.10908
1.0935
1.09827
1.09481
1.10414
1.10181
1.09759
1.09706
1.10892
1.09955
1.09808
1.09431
1.1036
1.10494
1.09318
1.10024
1.08556
1.09953
1.10329
1.09752
1.10291
1.0974
1.0956
1.09736
1.09725
1.10656
1.08697
1.09276
1.0983
1.09445
1.10437
1.09855
1.09317
1.09616
1.10885
1.09437
1.09198
1.09317
1.09155
1.09655
1.10526
1.08566
1.09274
1.09066
1.08985
1.09925
1.09148
1.08894
1.0939
1.10318
1.1041
1.09284
1.09265
1.10707
1.09175
1.09794
1.1079
1.09897
1.11012
1.11181
1.09654
1.10401
1.10151
1.0927
1.1035
1.10777
1.09417
1.09899
1.10767
1.09314
1.11452
1.11776
1.09238
1.09778
1.10779
1.09334
1.09773
1.10044
1.09104
1.10271
1.10745
1.09146
1.10933
1.11716
1.09813
1.10343
1.10671
1.09178
1.09203
1.10031
1.09594
1.10251
1.10117
1.09195
1.10883
1.1059
1.09713
1.09744
1.10827
1.09175
1.10304
1.10143
1.08659
1.09999
1.10737
1.09266
1.1095
1.11806
1.09793
1.10383
1.1016
1.09725
1.09824
1.101
1.09137
1.10315
1.10709
1.09188
1.11399
1.1176
1.09781
1.10237
1.10706
1.09704
1.09742
1.10016
1.09874
1.09797
1.1073
1.09795
1.11479
1.11165
1.09722
1.09738
1.10119
1.09753
1.1033
1.10143
1.09622
1.09188
1.10686
1.09776
1.11434
1.11757
1.09213
1.10337
1.10209
1.09373
1.0975
1.10113
1.09083
1.09721
1.10662
1.09192
1.10891
1.11204
1.09858
1.09803
1.1018
1.09319
1.09746
1.10179
1.08634
1.09849
1.10229
1.09259
1.10921
1.11859
1.09188
1.09782
1.10183
1.09667
1.10253
1.09772
1.09616
1.09657
1.10164
1.09766
1.11421
1.11168
1.0972
1.10275
1.10125
1.09173
1.10292
1.1055
1.09211
1.10311
1.10135
1.09734
1.11475
1.11648
1.09434
1.09772
1.10164
1.09757
1.10024
1.10136
1.09676
1.09755
1.10679
1.09753
1.10902
1.11733
1.09657
1.09701
1.10659
1.09203
1.09755
1.10713
1.09645
1.09728
1.10119
1.09274
1.10831
1.11246
1.09177
1.09767
1.10191
1.09353
1.09745
1.10105
1.09057
1.09687
1.10203
1.092
1.10881
1.11148
1.09212
1.09739
1.10159
1.09427
1.09737
1.10078
1.09107
1.0972
1.10187
1.09176
1.11019
1.112
1.09193
1.09767
1.09705
1.09244
1.09723
1.10129
1.09155
1.09763
1.10114
1.09254
1.10888
1.11222
1.09203
1.09824
1.10177
1.0919
1.09778
1.10122
1.09102
1.09735
1.10179
1.09209
1.10936
1.11203
1.09221
1.09717
1.10266
1.09177
1.09264
1.10025
1.09321
1.09766
1.10132
1.08752
1.10881
1.11212
1.09208
1.09725
1.1014
1.08714
1.09741
1.10125
1.0913
1.09739
1.10113
1.093
1.10903
1.11215
1.09585
1.10285
1.1053
1.09056
1.10197
1.10494
1.09494
1.1013
1.10603
1.09573
1.11266
1.11574
1.09672
1.10108
1.10539
1.09567
1.10199
1.10509
1.09553
1.10157
1.10579
1.09736
1.11371
1.11629
1.09742
1.10176
1.10837
1.0989
1.10272
1.10593
1.09545
1.10187
1.10537
1.09681
1.11283
1.11704
1.09653
1.10176
1.10611
1.09578
1.10132
1.10478
1.09563
1.10132
1.10071
1.09635
1.11332
1.11822
1.09673
1.10211
1.10555
1.09616
1.1023
1.10541
1.09551
1.102
1.10634
1.09661
1.1135
1.11639
1.09596
1.10206
1.10537
1.09609
1.10231
1.10534
1.09838
1.10194
1.10595
1.09703
1.11427
1.11675
1.09618
1.10197
1.10636
1.09774
1.10204
1.10544
1.09558
1.0966
1.10569
1.09074
1.10808
1.11679
1.09673
1.10166
1.10574
1.09654
1.10184
1.10565
1.09535
1.10171
1.10612
1.09673
1.10823
1.11596
1.09606
1.10187
1.10529
1.09629
1.10169
1.1057
1.09521
1.09742
1.10593
1.09706
1.11375
1.1165
1.09652
1.10283
1.10614
1.09612
1.10227
1.10494
1.09595
1.10177
1.10611
1.10102
1.11302
1.11705
1.09745
1.10856
1.10593
1.09629
1.10198
1.10489
1.09565
1.10139
1.10571
1.09669
1.11352
1.11683
1.09611
1.10142
1.10553
1.09663
1.10231
1.10565
1.09556
1.10186
1.10941
1.09685
1.11428
1.11677
1.09615
1.10166
1.10553
1.09111
1.10158
1.10495
1.09071
1.10182
1.1062
1.09572
1.11313
1.11682
1.09613
1.1016
1.10616
1.09611
1.10151
1.10535
1.09032
1.10443
1.10639
1.09677
1.11383
1.11641
1.09666
1.10216
1.10597
1.09606
1.10259
1.10582
1.09606
1.09637
1.10666
1.09837
1.11364
1.11696
1.09647
1.10229
1.1068
1.09644
1.10215
1.10516
1.09711
1.10147
1.10556
1.09636
1.11333
1.11632
1.09636
1.10191
1.1058
1.09611
1.10187
1.10558
1.09587
1.1022
1.10586
1.0915
1.11356
1.11688
1.09192
1.10618
1.09469
1.10204
1.09655
1.08912
1.10248
1.08868
1.09622
1.09744
1.09752
1.09428
1.09622
1.09613
1.09172
1.0934
1.09638
1.09543
1.09674
1.104
1.09523
1.10246
1.09515
1.09189
1.09749
1.09616
1.0958
1.09518
1.09846
1.10074
1.08683
1.09799
1.09397
1.09563
1.09729
1.09635
1.08957
1.09929
1.09016
1.10774
1.10988
1.11539
1.11047
1.10784
1.09567
1.09775
1.09013
1.09186
1.09295
1.09943
1.0915
1.08847
1.09691
1.10299
1.08455
1.10277
1.09534
1.09997
1.09792
1.09116
1.08924
1.09911
1.10354
1.09343
1.0905
1.10268
1.09287
1.09236
1.10919
1.08225
1.08897
1.09913
1.09152
1.09209
1.0967
1.08387
1.09256
1.0893
1.09062
1.0908
1.0958
1.0838
1.09054
1.09333
1.09628
1.08576
1.09487
1.09034
1.09215
1.09319
1.09171
1.102
1.08549
1.09962
1.08872
1.08778
1.09462
1.08894
1.09579
1.10138
1.08133
1.08848
1.08954
1.10114
1.11303
1.09957
1.08859
1.09614
1.08833
1.09535
1.10002
1.09493
1.10032
1.09741
1.0957
1.08729
1.10201
1.09044
1.08898
1.09591
1.09956
1.09089
1.09711
1.09373
1.07758
1.09114
1.0879
1.09306
1.10966
1.09945
1.0873
1.08469
1.08987
1.09146
1.09711
1.08258
1.09321
1.08938
1.08609
1.09398
1.09405
1.09117
1.0939
1.08811
1.0898
1.10472
1.095
1.08471
1.10439
1.08932
1.08896
1.08315
1.08645
1.08515
1.09702
1.09891
1.09055
1.09242
1.09345
1.09717
1.1065
1.0992
1.09264
1.08954
1.10436
1.09258
1.09397
1.08877
1.09026
1.11167
1.09731
1.08842
1.09442
1.08619
1.08323
1.08788
1.08812
1.09113
1.08747
1.10853
1.09693
1.08723
1.08928
1.08905
1.0854
1.09842
1.09004
1.09663
1.09694
1.08808
1.09623
1.09296
1.09543
1.08935
1.09571
1.08753
1.09411
1.10134
1.08858
1.09073
1.09169
1.08567
1.09555
1.08865
1.08968
1.08663
1.09871
1.09505
1.09866
1.09133
1.10304
1.08422
1.09408
1.09963
1.09131
1.09225
1.0988
1.0922
1.08689
1.09684
1.08627
1.08858
1.09606
1.08609
1.0973
1.0921
1.09193
1.08482
1.09393
1.08823
1.09083
1.09281
1.08709
1.08637
1.09153
1.09063
1.091
1.0932
1.0928
1.09932
1.09173
1.09383
1.09813
1.08993
1.10049
1.08983
1.09704
1.0853
1.08981
1.08171
1.09262
1.0824
1.08925
1.09178
1.0929
1.09096
1.09168
1.09339
1.09534
1.08131
1.09276
1.09252
1.08641
1.08879
1.08665
1.08988
1.0858
1.09138
1.09465
1.10266
1.08807
1.08795
1.09001
1.09011
1.10157
1.10352
1.09037
1.09827
1.08846
1.09806
1.09702
1.09078
1.09353
1.09237
1.09919
1.0883
1.08908
1.10042
1.09768
1.09411
1.09486
1.09807
1.08409
1.0923
1.08594
1.0994
1.08955
1.09502
1.08913
1.08967
1.08687
1.08979
1.08336
1.0912
1.09082
1.09106
1.08666
1.09628
1.09706
1.08709
1.09039
1.09028
1.09382
1.0932
1.08744
1.08759
1.09877
1.09531
1.09026
1.10422
1.09913
1.08632
1.10023
1.09738
1.10711
1.11564
1.11099
1.09625
1.09658
1.09499
1.09064
1.09532
1.09377
1.09459
1.08494
1.09689
1.08724
1.08523
1.09761
1.0859
1.09737
1.08469
1.09743
1.08523
1.08531
1.09549
1.08444
1.09386
1.09674
1.08883
1.09899
1.09672
1.10277
1.09693
1.08068
1.09406
1.09385
1.09129
1.09432
1.08937
1.09607
1.09383
1.08719
1.09632
1.09908
1.09698
1.08582
1.09251
1.08799
1.08652
1.08798
1.09856
1.08733
1.09323
1.08733
1.09777
1.09438
1.09304
1.08848
1.09256
1.09702
1.08984
1.0904
1.0919
1.09722
1.0986
1.10078
1.09292
1.08738
1.10051
1.08858
1.09092
1.0928
1.08678
1.09024
1.08573
1.08591
1.08643
1.09955
1.08882
1.0919
1.08874
1.0906
1.09157
1.09368
1.08637
1.09711
1.08559
1.10543
1.10509
1.10806
1.09996
1.09006
1.08768
1.09452
1.08221
1.08743
1.08147
1.08996
1.09485
1.1003
1.08997
1.09366
1.08888
1.09828
1.08684
1.0971
1.09475
1.09749
1.10177
1.09326
1.10481
1.09081
1.09926
1.08795
1.09335
1.09382
1.10333
1.10515
1.09133
1.10672
1.10168
1.09814
1.09319
1.11049
1.09396
1.09294
1.097
1.08955
1.09616
1.0955
1.08968
1.10082
1.09197
1.09413
1.10026
1.09936
1.09068
1.09289
1.10226
1.08656
1.0912
1.08807
1.09566
1.11283
1.1144
1.09686
1.09476
1.09405
1.09348
1.1011
1.09658
1.10678
1.09672
1.09015
1.09428
1.10446
1.0975
1.08793
1.09856
1.09493
1.10399
1.1135
1.10188
1.10071
1.10523
1.09343
1.10385
1.0987
1.09513
1.09067
1.09874
1.10966
1.11632
1.0998
1.09045
1.10405
1.09406
1.09781
1.09576
1.09832
1.0978
1.10126
1.09312
1.09324
1.11019
1.1143
1.11389
1.11274
1.09777
1.09359
1.09246
1.09515
1.0957
1.09728
1.09897
1.09621
1.10664
1.10021
1.10016
1.09523
1.10353
1.09707
1.10059
1.09327
1.10403
1.09785
1.08727
1.10008
1.09692
1.08759
1.10364
1.09539
1.10179
1.10546
1.0947
1.09722
1.09247
1.09465
1.0936
1.10261
1.08851
1.10705
1.1068
1.09367
1.10109
1.09401
1.09129
1.09065
1.10387
1.08767
1.09724
1.09479
1.09242
1.09375
1.0936
1.0963
1.09301
1.09539
1.10721
1.09822
1.09879
1.09752
1.09233
1.09646
1.09273
1.10264
1.09609
1.09312
1.08908
1.10735
1.10623
1.09175
1.10011
1.09705
1.10347
1.08795
1.09713
1.10458
1.10218
1.0893
1.10302
1.09715
1.09618
1.09444
1.10071
1.09512
1.09801
1.09963
1.09725
1.10447
1.08271
1.09926
1.09889
1.10638
1.08735
1.1129
1.09187
1.09914
1.10064
1.09804
1.09524
1.10035
1.09457
1.10258
1.10256
1.09041
1.09534
1.10252
1.08142
1.1034
1.11491
1.12001
1.1064
1.09389
1.09309
1.1007
1.09293
1.10133
1.09359
1.09694
1.09176
1.10204
1.09594
1.10744
1.09477
1.09282
1.09248
1.09897
1.09879
1.10236
1.10685
1.09515
1.09663
1.10157
1.10425
1.09922
1.09875
1.09843
1.09688
1.09414
1.09161
1.09503
1.08884
1.09016
1.09271
1.09662
1.0961
1.09071
1.0969
1.1071
1.09021
1.0897
1.09335
1.08658
1.0948
1.10022
1.09425
1.10383
1.09775
1.09604
1.10193
1.10082
1.0943
1.09537
1.09478
1.09922
1.10341
1.09413
1.09668
1.09293
1.09936
1.09825
1.10202
1.09185
1.08796
1.09369
1.09115
1.09092
1.09427
1.10333
1.09674
1.099
1.09149
1.09174
1.10628
1.10797
1.09843
1.10944
1.09625
1.09284
1.09421
1.09412
1.09817
1.09795
1.10074
1.10204
1.10001
1.09316
1.10191
1.09607
1.10809
1.0974
1.09287
1.09975
1.10723
1.09619
1.09466
1.09282
1.10731
1.09403
1.10352
1.09516
1.09867
1.09634
1.09713
1.09343
1.10075
1.0875
1.10934
1.09627
1.10252
1.10006
1.1004
1.09529
1.09465
1.09795
1.08822
1.09986
1.09143
1.08567
1.09886
1.09889
1.09554
1.09587
1.09532
1.09492
1.09787
1.09472
1.10065
1.09373
1.10134
1.10425
1.0899
1.09329
1.09266
1.09316
1.08759
1.1015
1.09692
1.09388
1.10228
1.10575
1.10851
1.10073
1.09647
1.09166
1.09154
1.09269
1.10157
1.09957
1.0996
1.09948
1.09867
1.09734
1.09002
1.10106
1.09083
1.10045
1.09207
1.09402
1.09161
1.09453
1.08852
1.09336
1.1018
1.1002
1.09746
1.10499
1.09149
1.09963
1.09646
1.0997
1.09477
1.10228
1.099
1.0965
1.09595
1.09084
1.10095
1.09618
1.09025
1.08741
1.11186
1.09665
1.10438
1.10449
1.09313
1.10029
1.09825
1.08735
1.09303
1.0882
1.09803
1.0966
1.2462
1.24279
1.26023
1.2406
1.24872
1.24487
1.24093
1.25358
1.24924
1.24881
1.2562
1.24186
1.25625
1.24212
1.25778
1.25049
1.25339
1.26304
1.25789
1.24026
1.24948
1.24672
1.24905
1.24282
1.24987
1.24393
1.26343
1.25877
1.24544
1.24762
1.26148
1.24901
1.25377
1.25028
1.26262
1.26585
1.25498
1.24865
1.2445
1.24726
1.2567
1.25092
1.24658
1.26145
1.24803
1.25522
1.25617
1.24876
1.24053
1.24488
1.25459
1.24618
1.25007
1.24568
1.25173
1.24405
1.27061
1.24425
1.24901
1.24082
1.25246
1.24923
1.26699
1.26171
1.26559
1.26389
1.24404
1.24362
1.24919
1.2449
1.26424
1.25156
1.24133
1.24724
1.24433
1.25354
1.25542
1.25273
1.24486
1.25423
1.24203
1.24575
1.24908
1.25276
1.243
1.26382
1.23465
1.23804
1.24761
1.25031
1.25515
1.24972
1.24639
1.25505
1.24608
1.25612
1.24433
1.25259
1.24099
1.25083
1.25552
1.25118
1.25859
1.25104
1.24536
1.24369
1.25084
1.25717
1.25054
1.25055
1.24259
1.25354
1.24715
1.24668
1.25736
1.24819
1.25636
1.2487
1.24678
1.25008
1.24862
1.24577
1.25238
1.24842
1.2574
1.24379
1.23983
1.23883
1.25747
1.24737
1.24593
1.24572
1.24589
1.25434
1.24144
1.24891
1.25472
1.24546
1.24735
1.24347
1.25042
1.25824
1.24598
1.247
1.24847
1.24732
1.25839
1.24808
1.23593
1.25631
1.24909
1.25196
1.24864
1.24863
1.25438
1.25223
1.25027
1.26028
1.25166
1.25474
1.26199
1.25305
1.2486
1.24318
1.24941
1.24607
1.24682
1.24937
1.24863
1.2486
1.24865
1.25431
1.24659
1.25713
1.24241
1.24703
1.2551
1.26727
1.24935
1.24877
1.26003
1.24799
1.24635
1.25236
1.25053
1.24443
1.25128
1.25249
1.25592
1.25116
1.25311
1.25434
1.24404
1.24858
1.2538
1.2506
1.2545
1.24901
1.25882
1.24133
1.25182
1.2469
1.24316
1.23927
1.24121
1.24046
1.24767
1.24948
1.24077
1.25231
1.25317
1.25688
1.24974
1.24625
1.25278
1.25425
1.2562
1.24243
1.24352
1.25664
1.23838
1.24662
1.25499
1.24655
1.24579
1.25502
1.25338
1.24441
1.25289
1.25803
1.24469
1.24901
1.26399
1.25717
1.24681
1.24585
1.24564
1.24366
1.24743
1.24707
1.24673
1.24155
1.24905
1.25269
1.25672
1.2446
1.25013
1.2421
1.26288
1.25718
1.27171
1.26428
1.25046
1.24181
1.26011
1.24434
1.24024
1.25313
1.24174
1.25941
1.25395
1.24128
1.24893
1.23809
1.25504
1.24869
1.24595
1.25267
1.25097
1.23971
1.25432
1.24717
1.25023
1.24249
1.25122
1.24928
1.26525
1.2505
1.2536
1.25733
1.25772
1.23961
1.24114
1.24093
1.24036
1.25542
1.26499
1.25274
1.25044
1.26351
1.24881
1.2475
1.24989
1.24574
1.25199
1.24977
1.25308
1.23891
1.24862
1.25154
1.24945
1.25209
1.2553
1.26443
1.24215
1.25562
1.24619
1.25061
1.2485
1.25173
1.26941
1.26902
1.24821
1.24285
1.24905
1.24602
1.24742
1.26376
1.24628
1.24901
1.25427
1.25308
1.2514
1.25968
1.25094
1.24946
1.25721
1.24845
1.24643
1.25475
1.25163
1.25104
1.24789
1.24813
1.26761
1.26548
1.25565
1.24209
1.24778
1.24656
1.24486
1.24347
1.24836
1.24595
1.2505
1.25462
1.25852
1.25864
1.25629
1.25994
1.24115
1.25595
1.25736
1.24274
1.25429
1.2495
1.24571
1.25033
1.24198
1.24487
1.25678
1.24125
1.2437
1.24556
1.23994
1.25199
1.24929
1.254
1.25176
1.25131
1.24726
1.25162
1.25535
1.24595
1.25029
1.24402
1.25247
1.25159
1.2412
1.25785
1.25708
1.2436
1.24354
1.25109
1.25268
1.25142
1.25424
1.24493
1.24063
1.24128
1.24603
1.25466
1.24275
1.24473
1.25462
1.25571
1.25063
1.25011
1.25576
1.25301
1.25597
1.25304
1.25594
1.25073
1.25664
1.24908
1.26012
1.25391
1.24769
1.25136
1.25009
1.24215
1.24089
1.25304
1.24877
1.24633
1.25041
1.23771
1.23715
1.24968
1.2533
1.24542
1.26239
1.25143
1.23894
1.2479
1.23922
1.2655
1.24598
1.25611
1.25812
1.24103
1.25227
1.25191
1.25097
1.25545
1.24854
1.23703
1.24989
1.24821
1.24918
1.25166
1.24748
1.24769
1.25894
1.25201
1.2426
1.25038
1.25147
1.24892
1.25202
1.25783
1.25264
1.24678
1.24721
1.25127
1.25451
1.24986
1.2531
1.24435
1.27161
1.26578
1.27564
1.26887
1.2563
1.26631
1.2678
1.26721
1.24879
1.25378
1.24382
1.24804
1.25425
1.25121
1.25939
1.24757
1.25752
1.24288
1.25946
1.25748
1.2489
1.24807
1.24581
1.25621
1.24004
1.24683
1.24963
1.25075
1.24697
1.25023
1.25107
1.26118
1.24813
1.25187
1.24469
1.25929
1.2495
1.25107
1.24579
1.25071
1.24482
1.24836
1.24913
1.24192
1.2672
1.24408
1.25389
1.24988
1.24919
1.24541
1.25081
1.25415
1.2541
1.25236
1.24565
1.24813
1.25308
1.24228
1.24409
1.24297
1.24879
1.26004
1.26137
1.2419
1.2631
1.24595
1.25238
1.24839
1.25384
1.24269
1.24993
1.25001
1.24833
1.25189
1.25603
1.25019
1.2447
1.25429
1.24736
1.25534
1.26015
1.24462
1.26087
1.2523
1.25375
1.25468
1.27017
1.24852
1.24792
1.24685
1.25688
1.2541
1.24846
1.24253
1.23405
1.23257
1.22621
1.22717
1.23237
1.22052
1.22511
1.2502
1.2521
1.2443
1.23454
1.23858
1.2317
1.22799
1.22455
1.23376
1.23156
1.22203
1.23514
1.24106
1.25422
1.22781
1.23932
1.22008
1.23331
1.24165
1.23872
1.2302
1.24099
1.24466
1.22299
1.2229
1.23888
1.2429
1.2355
1.22889
1.22611
1.23402
1.24694
1.23238
1.23713
1.23398
1.22575
1.2272
1.22846
1.22557
1.23455
1.22592
1.22912
1.22671
1.23242
1.23547
1.23944
1.23453
1.22505
1.23512
1.22909
1.22407
1.23179
1.23346
1.24518
1.2277
1.22815
1.23106
1.23749
1.23371
1.22319
1.23397
1.23201
1.22754
1.23639
1.24253
1.23786
1.23229
1.23596
1.2345
1.22406
1.24994
1.23112
1.22841
1.2431
1.22795
1.24221
1.23053
1.22809
1.23308
1.23646
1.22668
1.22741
1.24179
1.22688
1.23061
1.23493
1.23477
1.2282
1.23022
1.23953
1.23657
1.23037
1.23459
1.2354
1.23154
1.23046
1.23563
1.22354
1.23293
1.22235
1.24238
1.23013
1.22895
1.24481
1.2279
1.23568
1.24142
1.24126
1.2329
1.2334
1.2366
1.24629
1.23613
1.22447
1.22532
1.22959
1.22644
1.24983
1.21982
1.22822
1.22789
1.23745
1.23606
1.22712
1.22979
1.22816
1.23424
1.23101
1.2262
1.22256
1.23474
1.24171
1.2367
1.23219
1.23984
1.24192
1.23727
1.23079
1.22517
1.23465
1.22789
1.23821
1.23554
1.23512
1.23726
1.22913
1.22026
1.22497
1.22823
1.24049
1.23994
1.23114
1.22614
1.23351
1.23011
1.25074
1.23267
1.23377
1.23765
1.23336
1.23436
1.22374
1.23284
1.22817
1.22975
1.2222
1.23412
1.21999
1.22534
1.22554
1.22219
1.22545
1.23558
1.23799
1.22808
1.23037
1.24144
1.22441
1.24073
1.23242
1.23453
1.22959
1.22795
1.23166
1.23963
1.21925
1.22473
1.21998
1.2372
1.21454
1.22909
1.22083
1.22955
1.2228
1.22848
1.23224
1.2137
1.22489
1.22933
1.22586
1.2141
1.22756
1.22696
1.22456
1.21941
1.22626
1.21702
1.22402
1.2237
1.22773
1.22608
1.23401
1.22186
1.23396
1.23366
1.22815
1.23461
1.2265
1.24084
1.22607
1.22716
1.2148
1.21833
1.21828
1.23711
1.23221
1.23914
1.22036
1.21235
1.22769
1.23753
1.23022
1.24006
1.22882
1.22806
1.22344
1.23134
1.22656
1.22191
1.22776
1.2201
1.21474
1.22411
1.22066
1.22415
1.22547
1.22998
1.23072
1.23152
1.22931
1.24355
1.24013
1.23206
1.22779
1.22755
1.23275
1.2248
1.2169
1.2244
1.22008
1.22436
1.2426
1.2184
1.22551
1.22972
1.24586
1.22553
1.22665
1.23473
1.24521
1.2377
1.22428
1.2393
1.24816
1.22357
1.23894
1.22699
1.22755
1.22863
1.22734
1.2283
1.22292
1.22201
1.21678
1.23416
1.22784
1.2316
1.2154
1.22605
1.21907
1.22852
1.21674
1.22734
1.23
1.2235
1.2387
1.22293
1.23514
1.23789
1.21844
1.24126
1.24328
1.21862
1.23683
1.22578
1.22618
1.23694
1.23451
1.23957
1.23382
1.23521
1.2267
1.23202
1.22909
1.24034
1.2221
1.2305
1.22925
1.21957
1.23017
1.22561
1.2194
1.23171
1.21756
1.22388
1.22935
1.22974
1.23901
1.22589
1.22902
1.23228
1.24041
1.25023
1.23298
1.22502
1.2268
1.22584
1.22037
1.22147
1.22638
1.23058
1.23544
1.23151
1.23421
1.23765
1.2301
1.23578
1.22873
1.22894
1.22765
1.23045
1.2327
1.22811
1.22878
1.22231
1.2337
1.22907
1.24212
1.21725
1.22751
1.2252
1.24077
1.24641
1.23398
1.22976
1.22773
1.2355
1.22417
1.23266
1.22596
1.23114
1.23087
1.2271
1.23115
1.23597
1.23111
1.23453
1.23423
1.23684
1.22454
1.22408
1.23084
1.23214
1.22586
1.23314
1.23583
1.23387
1.2317
1.23047
1.23294
1.23269
1.22607
1.23141
1.24068
1.2465
1.2442
1.2329
1.21311
1.22752
1.22861
1.23038
1.25515
1.24363
1.24022
1.22004
1.2261
1.22383
1.23887
1.22546
1.22838
1.23051
1.24439
1.24281
1.23724
1.22607
1.23581
1.22901
1.22917
1.22357
1.23332
1.23023
1.22742
1.22829
1.24281
1.23716
1.2426
1.23693
1.2533
1.22504
1.23333
1.24076
1.23646
1.23046
1.23561
1.22654
1.23314
1.24357
1.24472
1.23222
1.23068
1.24512
1.23164
1.23847
1.23069
1.2309
1.2365
1.22399
1.24045
1.23576
1.22675
1.22896
1.22891
1.23519
1.23869
1.23308
1.24625
1.22062
1.23296
1.24064
1.21863
1.21533
1.23419
1.23164
1.23199
1.22626
1.21918
1.23623
1.24944
1.23823
1.23818
1.25398
1.23665
1.23031
1.22961
1.23313
1.22933
1.22805
1.23582
1.23114
1.24564
1.25294
1.25251
1.23297
1.21875
1.23498
1.26748
1.24553
1.22336
1.22913
1.23255
1.23098
1.22562
1.23479
1.23427
1.23323
1.24023
1.23037
1.22606
1.24275
1.23554
1.22817
1.23717
1.2335
1.23352
1.22083
1.23556
1.24227
1.24347
1.2441
1.23293
1.22666
1.24086
1.23421
1.23283
1.22543
1.23879
1.23598
1.2424
1.2448
1.2327
1.23326
1.24052
1.24819
1.24837
1.23965
1.24658
1.24008
1.2356
1.23412
1.22622
1.23334
1.23232
1.23189
1.25245
1.23936
1.23839
1.22904
1.24169
1.22223
1.23172
1.23853
1.23647
1.23618
1.23037
1.23795
1.22901
1.24542
1.23169
1.25193
1.23677
1.23245
1.24066
1.22271
1.23791
1.24512
1.23966
1.24688
1.24203
1.22143
1.24678
1.2345
1.23884
1.24408
1.23058
1.23441
1.22794
1.22541
1.23523
1.24234
1.22786
1.22876
1.24756
1.23915
1.2337
1.24013
1.24494
1.2431
1.24118
1.25238
1.22882
1.23142
1.23333
1.2462
1.24058
1.25304
1.22689
1.23563
1.22872
1.25144
1.24463
1.25185
1.23406
1.24571
1.22932
1.239
1.22843
1.23936
1.23736
1.23988
1.25129
1.23592
1.24628
1.22864
1.23092
1.23617
1.24942
1.24087
1.23271
1.24205
1.25478
1.22917
1.24082
1.23734
1.24114
1.23716
1.24098
1.23634
1.24977
1.25324
1.251
1.24495
1.2223
1.24333
1.23435
1.25441
1.23836
1.23928
1.22998
1.23653
1.23808
1.23821
1.24945
1.23123
1.23684
1.23765
1.23735
1.24025
1.23408
1.24227
1.22973
1.24066
1.23824
1.23072
1.24087
1.23668
1.23647
1.24696
1.25406
1.24989
1.24034
1.25397
1.25369
1.2373
1.24095
1.23819
1.23476
1.24026
1.23457
1.22957
1.22969
1.23466
1.23096
1.24209
1.24398
1.23525
1.24242
1.23788
1.24333
1.25648
1.22973
1.23931
1.24641
1.23944
1.22934
1.24958
1.22446
1.24329
1.2329
1.2552
1.24834
1.24584
1.23062
1.23761
1.23857
1.239
1.23168
1.2491
1.23742
1.24871
1.24579
1.24624
1.23982
1.24538
1.24892
1.24526
1.2496
1.26096
1.2532
1.2519
1.2691
1.27186
1.25749
1.2487
1.26812
1.247
1.27176
1.2611
1.25762
1.26085
1.25515
1.26223
1.2674
1.25994
1.25889
1.26808
1.25139
1.25622
1.25677
1.24397
1.25289
1.25076
1.26001
1.24949
1.25631
1.25616
1.2594
1.26335
1.26388
1.25769
1.24745
1.27768
1.26094
1.24504
1.24407
1.27996
1.26324
1.25523
1.24457
1.24589
1.26216
1.25468
1.25262
1.25346
1.25055
1.24917
1.24609
1.25415
1.25817
1.25489
1.24558
1.24977
1.2521
1.24481
1.25446
1.26142
1.26453
1.25184
1.26145
1.26516
1.2725
1.27443
1.27346
1.2718
1.25318
1.25438
1.25349
1.25404
1.25567
1.25101
1.25931
1.24556
1.24952
1.25517
1.2607
1.26104
1.28428
1.24389
1.26475
1.24633
1.24285
1.24057
1.27782
1.26666
1.25153
1.2664
1.24993
1.25521
1.27214
1.25177
1.26387
1.27317
1.25776
1.26289
1.25267
1.27043
1.26126
1.24934
1.26457
1.25678
1.25917
1.25561
1.27681
1.25698
1.27661
1.26349
1.26353
1.26574
1.2645
1.25807
1.25886
1.26559
1.25666
1.28687
1.26863
1.25666
1.25515
1.25791
1.26002
1.25009
1.25186
1.27076
1.2509
1.2612
1.26574
1.25667
1.2663
1.26023
1.27148
1.25655
1.25152
1.26343
1.26798
1.25528
1.27035
1.26288
1.26068
1.25094
1.27231
1.25229
1.25099
1.25127
1.2587
1.26734
1.25111
1.27058
1.25398
1.26697
1.27171
1.26435
1.26494
1.26692
1.25908
1.27464
1.25576
1.24395
1.25862
1.26842
1.24577
1.25638
1.24859
1.25727
1.25607
1.25793
1.28509
1.25217
1.27212
1.2572
1.27187
1.25859
1.25891
1.27428
1.2667
1.25913
1.26032
1.26369
1.26801
1.27163
1.26316
1.24878
1.2508
1.25449
1.2524
1.27046
1.27319
1.26595
1.26324
1.25361
1.25771
1.26632
1.2663
1.28174
1.24507
1.25787
1.26834
1.26317
1.25803
1.26359
1.25028
1.24303
1.26008
1.25618
1.26731
1.24883
1.26709
1.25615
1.26626
1.26246
1.27435
1.25752
1.2431
1.26005
1.26409
1.2709
1.2567
1.25511
1.26127
1.27037
1.26041
1.24734
1.25627
1.27226
1.27085
1.25496
1.27924
1.27092
1.26279
1.26438
1.26759
1.26985
1.25774
1.27374
1.24945
1.27067
1.25504
1.27338
1.26059
1.26286
1.26722
1.25236
1.27149
1.25645
1.25273
1.2542
1.26121
1.28512
1.26998
1.25679
1.24911
1.25971
1.24951
1.25662
1.25054
1.27204
1.26169
1.25458
1.25764
1.24952
1.26965
1.26195
1.27172
1.25891
1.26668
1.25373
1.25633
1.26504
1.26286
1.26313
1.28464
1.26986
1.25097
1.27008
1.26495
1.25712
1.28546
1.26584
1.27081
1.24784
1.25636
1.24723
1.25096
1.26041
1.25143
1.25741
1.27751
1.25615
1.2531
1.25367
1.2602
1.2729
1.27203
1.27282
1.26727
1.26483
1.25479
1.26728
1.25781
1.26351
1.26525
1.25113
1.26886
1.25778
1.25161
1.25646
1.25953
1.25431
1.26556
1.25853
1.24635
1.25492
1.25159
1.25967
1.26249
1.27087
1.24648
1.25987
1.26498
1.27502
1.26143
1.26451
1.27774
1.25479
1.2795
1.2535
1.28226
1.27277
1.26478
1.26638
1.25355
1.27453
1.26661
1.25353
1.27412
1.25761
1.24916
1.26341
1.27485
1.2738
1.24627
1.25778
1.27807
1.2526
1.24665
1.25329
1.28196
1.28684
1.2545
1.28536
1.26392
1.28001
1.24871
1.26019
1.2569
1.27267
1.26315
1.26064
1.25192
1.25904
1.25744
1.26459
1.26196
1.27032
1.26943
1.25339
1.25152
1.28776
1.26399
1.26797
1.24957
1.27039
1.27203
1.26695
1.24831
1.25797
1.2564
1.2656
1.26096
1.27545
1.2539
1.26814
1.26752
1.25602
1.25929
