4.70576
3.5339
2.71736
1.962
1.37718
0.959118
0.669388
0.46818
-0.373119
-0.36838
-0.363999
-0.359939
-0.356163
-0.352643
-0.349351
-0.346264
-0.34336
-0.340621
-0.33803
-0.335573
-0.335858
-0.336285
-0.336495
-0.336523
-0.33639
-0.336122
-0.335739
-0.335258
-0.334693
-0.334056
-0.333358
-0.332608
-0.331813
-0.330979
-0.33012
-0.329233
-0.328322
-0.327391
-0.326444
-0.325483
-0.324512
-0.323531
-0.322544
-0.321553
-0.320558
-0.319562
-0.318667
-0.318009
-0.317315
-0.316589
-0.315835
-0.315058
-0.31426
-0.313445
-0.312614
-0.311765
-0.310843
-0.310088
-0.309151
-0.308098
-0.307301
-0.306514
-0.305665
-0.304801
-0.303963
-0.303114
-0.302257
-0.301394
-0.300537
-0.299673
-0.298809
-0.297944
-0.297079
-0.296212
-0.295345
-0.294478
-0.293609
-0.29274
-0.291869
-0.290998
-0.290125
-0.289251
-0.288376
-0.287498
-0.286619
-0.285737
-0.284852
-0.283987
-0.283102
-0.282233
-0.281349
-0.280461
-0.279559
-0.278645
-0.277721
-0.276789
-0.27585
-0.274903
-0.273949
-0.272986
-0.272016
-0.271036
-0.270047
-0.269047
-0.268036
-0.267015
-0.265981
-0.264934
-0.26389
-0.262897
-0.26196
-0.261075
-0.260239
-0.259447
-0.258739
-0.258033
-0.257355
-0.256689
-0.256004
-0.255294
-0.254552
-0.25383
-0.253066
-0.252265
-0.251452
-0.25062
-0.249763
-0.248878
-0.247968
-0.24703
-0.246065
-0.245066
-0.244035
-0.242975
-0.241891
-0.240789
-0.239677
-0.238546
-0.237379
-0.236344
-0.235272
-0.234292
-0.2325
-0.230628
-0.228865
-0.227164
-0.225457
-0.223707
-0.222041
-0.220372
-0.218734
-0.217055
-0.215345
-0.213609
-0.21185
-0.21006
-0.208239
-0.206392
-0.204455
-0.202422
-0.200503
-0.198648
-0.196807
-0.194794
-0.192554
-0.190443
-0.188382
-0.186307
-0.184251
-0.182082
-0.179684
-0.177421
-0.175223
-0.1731
-0.170837
-0.168398
-0.166
-0.16373
-0.161502
-0.159063
-0.156704
-0.154316
-0.15194
-0.149549
-0.147165
-0.144754
-0.142261
-0.140028
-0.137556
-0.135171
-0.132805
-0.13054
-0.12779
-0.125748
-0.123854
-0.120882
-0.118365
-0.116551
-0.114757
-0.112804
-0.110784
-0.108641
-0.106415
-0.10432
-0.102147
-0.0996541
-0.0980297
-0.095765
-0.0934546
-0.0918325
-0.089553
-0.0876487
-0.0855574
-0.0836916
-0.0817206
-0.0798728
-0.0779266
-0.0761851
-0.0743191
-0.0723583
-0.0710477
-0.0689281
-0.0676101
-0.0658437
-0.063888
-0.0628706
-0.060896
-0.0593091
-0.0583303
-0.0563455
-0.0547924
-0.0540986
-0.0521689
-0.0506334
-0.0500415
-0.0482705
-0.0467687
-0.0454732
-0.0451896
-0.0433436
-0.0419339
-0.0408308
-0.0414359
-0.0388998
-0.0376087
-0.0364908
-0.0376049
-0.0348981
-0.033641
-0.0327124
-0.0340495
-0.0312262
-0.0300595
-0.029152
-0.0283513
-0.0306379
-0.0273393
-0.0261286
-0.0253053
-0.02458
-0.023919
-0.0267039
-0.0234874
-0.0220326
-0.0213265
-0.0206719
-0.0200911
-0.0228882
-0.0202477
-0.0185338
-0.0178734
-0.0173306
-0.0168137
-0.016408
-0.01593
-0.0192518
-0.0166534
-0.0148916
-0.0141789
-0.0137414
-0.0133219
-0.0130031
-0.0126247
-0.0123111
-0.014637
-0.0133337
-0.011826
-0.0109731
-0.0105562
-0.0102247
-0.00998732
-0.00957297
-0.00935241
-0.00915607
-0.00876207
-0.00856941
-0.00855955
-0.00839086
-0.0109169
-0.00939417
-0.00800358
-0.00735388
-0.00708244
-0.00692689
-0.00661081
-0.00651519
-0.0065147
-0.00665769
-0.00611187
-0.00578911
-0.00595361
-0.00582297
-0.00591806
-0.00546066
-0.00540039
-0.00527739
-0.00545007
-0.00478069
-0.00451002
-0.00479361
-0.00465274
-0.00471681
-0.00422063
-0.0041748
-0.0040318
-0.00411462
-0.00389248
-0.00392522
-0.00350551
-0.00344007
-0.00369105
-0.00305638
-0.00281197
-0.00272213
-0.00264238
-0.00292975
-0.00259178
-0.00257768
-0.00240278
-0.00234642
-0.00227366
-0.00223055
-0.00211522
-0.00220724
-0.00244407
-0.00221002
-0.00231319
-0.0023677
-0.00221355
-0.00238876
-0.00242222
-0.0022245
-0.00239887
-0.00228726
-0.00180826
-0.00197395
-0.00233846
-0.00179816
-0.00223092
-0.00210548
-0.00162984
-0.0013681
-0.00124986
-0.00119025
-0.00167414
-0.00199064
-0.00220623
-0.00151513
-0.00122952
-0.00148855
-0.00166156
-0.00184489
-0.00191129
-0.00312297
-0.00334585
-0.00291814
-0.00242927
-0.00200614
-0.00536795
-0.00431454
-0.00298083
-0.0019528
-0.00134738
-0.00119886
-0.0020729
-0.00107043
-0.000757704
-0.00065331
-0.000946066
-0.00197103
-0.014369
-0.00639303
-0.00388466
-0.00211276
-0.00101477
-0.00110192
-0.000784302
-0.000537563
-0.00047498
-0.000459225
-0.000447588
-0.000436801
-0.000426736
-0.000417022
-0.000407578
-0.000398382
-0.000389426
-0.000380702
-0.000372613
-0.000364001
-0.000355877
-0.000348429
-0.000340416
-0.000333317
-0.000326099
-0.000319438
-0.000312158
-0.000305767
-0.000299226
-0.000292793
-0.000286503
-0.000280759
-0.000275198
-0.000269374
-0.000263618
-0.000259092
-0.000254226
-0.000250255
-0.000248294
-0.000243226
-0.00023775
-0.000232315
-0.000229676
-0.000227591
-0.000223872
-0.000220854
-0.000217116
-0.000214229
-0.000209734
-0.000205954
-0.00020235
-0.000197931
-0.000193454
-0.000189937
-0.000185727
-0.000181479
-0.000177295
-0.000173194
-0.000169176
-0.000165243
-0.000162281
-0.000158628
-0.000155823
-0.000152305
-0.000148745
-0.000146125
-0.00014369
-0.000140445
-0.000138018
-0.000134873
-0.000132558
-0.000130405
-0.000127438
-0.00012528
-0.000123277
-0.000120458
-0.000119318
-0.000116694
-0.000114774
-0.000112115
-0.000111139
-0.000108681
-0.000106924
-0.000105295
-0.000103715
-0.000102169
-9.97838e-05
-9.90541e-05
-9.68401e-05
-9.53173e-05
-9.39175e-05
-9.25605e-05
-9.0365e-05
-8.98163e-05
-8.77824e-05
-8.73012e-05
-8.32151e-05
-8.95986e-05
-8.38053e-05
-8.1884e-05
-8.06098e-05
-7.94746e-05
-7.61332e-05
-8.19036e-05
-7.71079e-05
-7.29751e-05
-7.88359e-05
-7.09951e-05
-7.61368e-05
-6.90333e-05
-7.42279e-05
-6.94211e-05
-6.78635e-05
-6.68589e-05
-6.42361e-05
-6.9595e-05
-6.26162e-05
-6.72341e-05
-6.09715e-05
-6.56164e-05
-5.93608e-05
-6.40688e-05
-5.78013e-05
-6.25711e-05
-5.62944e-05
-6.02568e-05
-5.48317e-05
-5.88412e-05
-5.34244e-05
-6.26607e-05
-6.55002e-05
-6.72158e-05
-6.74608e-05
-6.48838e-05
-6.19066e-05
-5.80818e-05
-5.448e-05
-5.27057e-05
-5.0578e-05
-4.91052e-05
-4.83796e-05
-4.77706e-05
-4.65844e-05
-4.53424e-05
-4.53069e-05
-4.42547e-05
-4.36659e-05
-4.31503e-05
-4.26524e-05
-4.16856e-05
-4.1604e-05
-4.07149e-05
-4.0234e-05
-3.97658e-05
-3.93031e-05
-3.88462e-05
-3.83954e-05
-3.79506e-05
-3.75117e-05
-3.64025e-05
-3.84637e-05
-3.56409e-05
-3.71687e-05
-3.57735e-05
-3.44055e-05
-3.59396e-05
-3.36509e-05
-3.52378e-05
-3.36099e-05
-3.30336e-05
-3.26108e-05
-3.22278e-05
-3.13484e-05
-3.30345e-05
-3.07146e-05
-3.18714e-05
-3.00461e-05
-3.12102e-05
-2.93835e-05
-3.05801e-05
-2.93607e-05
-2.8382e-05
-2.96166e-05
-2.77817e-05
-2.90657e-05
-2.71834e-05
-2.80538e-05
-2.65851e-05
-2.7916e-05
-2.60141e-05
-2.68492e-05
-2.54454e-05
-2.6268e-05
-2.48944e-05
-2.57335e-05
-2.43585e-05
-2.52277e-05
-2.38358e-05
-2.47337e-05
-2.33255e-05
-2.42512e-05
-2.28272e-05
-2.378e-05
-2.23407e-05
-2.21269e-05
-2.31715e-05
-2.16477e-05
-2.26605e-05
-2.11792e-05
-2.09752e-05
-2.20799e-05
-2.05222e-05
-2.03206e-05
-2.14577e-05
-1.98792e-05
-1.96835e-05
-1.95282e-05
-2.06754e-05
-1.90606e-05
-1.88705e-05
-1.94831e-05
-1.84524e-05
-1.82746e-05
-1.95292e-05
-1.78854e-05
-1.77105e-05
-1.75624e-05
-1.74044e-05
-1.86662e-05
-1.69793e-05
-1.6809e-05
-1.66611e-05
-1.65108e-05
-1.63456e-05
-1.76714e-05
-1.59482e-05
-1.57877e-05
-1.56424e-05
-1.55018e-05
-1.5347e-05
-1.51895e-05
-1.50323e-05
-1.48764e-05
-1.56544e-05
-1.45151e-05
-1.43727e-05
-1.42362e-05
-1.4109e-05
-1.39689e-05
-1.38261e-05
-1.36835e-05
-1.35419e-05
-1.34011e-05
-1.32622e-05
-1.31252e-05
-1.29897e-05
-1.28556e-05
-1.27227e-05
-1.2591e-05
-1.24606e-05
-1.23317e-05
-1.22041e-05
-1.20783e-05
-1.196e-05
-1.18462e-05
-1.17335e-05
-1.16221e-05
-1.15118e-05
-1.14026e-05
-1.12946e-05
-1.11877e-05
-1.1082e-05
-1.09773e-05
-1.08737e-05
-1.07712e-05
-1.06697e-05
-1.05693e-05
-1.047e-05
-1.03717e-05
-1.02743e-05
-1.01781e-05
-1.00827e-05
-9.98843e-06
-9.89508e-06
-9.8027e-06
-9.71127e-06
-9.62078e-06
-9.53121e-06
-9.44257e-06
-9.35484e-06
-9.268e-06
-9.18206e-06
-9.09699e-06
-9.0128e-06
-8.92946e-06
-8.84698e-06
-8.76533e-06
-8.68452e-06
-8.60454e-06
-8.52536e-06
-8.44699e-06
-8.36942e-06
-8.29264e-06
-8.21663e-06
-8.1414e-06
-8.06693e-06
-7.99321e-06
-7.92024e-06
-7.84801e-06
-7.77651e-06
-7.70573e-06
-7.63566e-06
-7.5663e-06
-7.49764e-06
-7.42967e-06
-7.36238e-06
-7.29578e-06
-7.22984e-06
-7.16456e-06
-7.09994e-06
-7.03597e-06
-6.97264e-06
-6.90994e-06
-6.84788e-06
-6.78643e-06
-6.7256e-06
-6.66537e-06
-6.60575e-06
-6.54673e-06
-6.48829e-06
-6.43043e-06
-6.37316e-06
-6.31645e-06
-6.26031e-06
-6.20474e-06
-6.1497e-06
-6.09521e-06
-6.04127e-06
-5.98786e-06
-5.93812e-06
-5.88396e-06
-5.83074e-06
-5.77864e-06
-5.72756e-06
-5.67732e-06
-5.62772e-06
-5.57863e-06
-5.52999e-06
-5.48178e-06
-5.43401e-06
-5.38668e-06
-5.33979e-06
-5.29335e-06
-5.24734e-06
-5.20178e-06
-5.15665e-06
-5.11196e-06
-5.06771e-06
-5.0239e-06
-4.98052e-06
-4.93757e-06
-4.89505e-06
-4.85294e-06
-4.81125e-06
-4.76997e-06
-4.7291e-06
-4.68863e-06
-4.64855e-06
-4.60886e-06
-4.56956e-06
-4.53064e-06
-4.4921e-06
-4.45394e-06
-4.41614e-06
-4.37872e-06
-4.34165e-06
-4.30495e-06
-4.2686e-06
-4.2326e-06
-4.19696e-06
-4.16165e-06
-4.12669e-06
-4.09207e-06
-4.05778e-06
-4.02383e-06
-3.9902e-06
-3.95689e-06
-3.92391e-06
-3.89125e-06
-3.8589e-06
-3.82686e-06
-3.79513e-06
-3.7637e-06
-3.73258e-06
-3.70176e-06
-3.67123e-06
-3.641e-06
-3.61105e-06
-3.58139e-06
-3.55202e-06
-3.52293e-06
-3.49411e-06
-3.46558e-06
-3.43731e-06
-3.40931e-06
-3.38158e-06
-3.35412e-06
-3.32691e-06
-3.29997e-06
-3.27328e-06
-3.24685e-06
-3.22066e-06
-3.19473e-06
-3.16904e-06
-3.14359e-06
-3.11839e-06
-3.0899e-06
-3.07053e-06
-3.04529e-06
-3.01691e-06
-2.99791e-06
-2.96946e-06
-2.95094e-06
-2.92275e-06
-2.89995e-06
-2.8781e-06
-2.85621e-06
-2.83413e-06
-2.81198e-06
-2.78988e-06
-2.76791e-06
-2.74613e-06
-2.72457e-06
-2.70323e-06
-2.68211e-06
-2.66122e-06
-2.64053e-06
-2.62004e-06
-2.59975e-06
-2.57965e-06
-2.55974e-06
-2.54002e-06
-2.52048e-06
-2.50112e-06
-2.48193e-06
-2.46293e-06
-2.44409e-06
-2.42543e-06
-2.40695e-06
-2.38863e-06
-2.37047e-06
-2.35249e-06
-2.33467e-06
-2.31701e-06
-2.29951e-06
-2.28217e-06
-2.26499e-06
-2.24824e-06
-2.23122e-06
-2.2144e-06
-2.19778e-06
-2.18135e-06
-2.16509e-06
-2.14899e-06
-2.13303e-06
-2.11722e-06
-2.10154e-06
-2.08601e-06
-2.07061e-06
-2.05535e-06
-2.04022e-06
-2.02523e-06
-2.01038e-06
-1.99565e-06
-1.98106e-06
-1.9666e-06
-1.95227e-06
-1.93806e-06
-1.92398e-06
-1.91003e-06
-1.8962e-06
-1.88305e-06
-1.86844e-06
-1.85599e-06
-1.84312e-06
-1.83007e-06
-1.81683e-06
-1.80358e-06
-1.79042e-06
-1.77742e-06
-1.76459e-06
-1.75193e-06
-1.73941e-06
-1.72704e-06
-1.71479e-06
-1.70267e-06
-1.69067e-06
-1.67878e-06
-1.66699e-06
-1.6553e-06
-1.64372e-06
-1.63223e-06
-1.62083e-06
-1.60954e-06
-1.59833e-06
-1.58722e-06
-1.5762e-06
-1.56528e-06
-1.55445e-06
-1.54371e-06
-1.53306e-06
-1.52251e-06
-1.51204e-06
-1.50166e-06
-1.49138e-06
-1.48117e-06
-1.47106e-06
-1.46103e-06
-1.45108e-06
-1.44122e-06
-1.43144e-06
-1.42175e-06
-1.41213e-06
-1.4026e-06
-1.39314e-06
-1.38376e-06
-1.37446e-06
-1.36524e-06
-1.35609e-06
-1.34701e-06
-1.33802e-06
-1.32909e-06
-1.32024e-06
-1.31146e-06
-1.30275e-06
-1.29412e-06
-1.28555e-06
-1.27705e-06
-1.26862e-06
-1.26026e-06
-1.25197e-06
-1.24374e-06
-1.23558e-06
-1.22749e-06
-1.21945e-06
-1.21149e-06
-1.20358e-06
-1.19574e-06
-1.18796e-06
-1.18025e-06
-1.17259e-06
-1.16499e-06
-1.15746e-06
-1.14998e-06
-1.14256e-06
-1.1352e-06
-1.12789e-06
-1.12065e-06
-1.11345e-06
-1.10632e-06
-1.10538e-06
-1.08937e-06
-1.08868e-06
-1.07936e-06
-1.06618e-06
-1.06668e-06
-1.05868e-06
-1.05087e-06
-1.04369e-06
-1.03701e-06
-1.0306e-06
-1.02432e-06
-1.01809e-06
-1.01188e-06
-1.00567e-06
-9.99454e-07
-9.93238e-07
-9.87034e-07
-9.80854e-07
-9.74706e-07
-9.68597e-07
-9.62529e-07
-9.56504e-07
-9.50524e-07
-9.4459e-07
-9.387e-07
-9.32855e-07
-9.27053e-07
-9.21297e-07
-9.15583e-07
-9.09912e-07
-9.04281e-07
-8.98692e-07
-8.93142e-07
-8.87633e-07
-8.82164e-07
-8.76733e-07
-8.71341e-07
-8.65987e-07
-8.60671e-07
-8.55393e-07
-8.50151e-07
8.48429e-07
8.52245e-07
8.56023e-07
8.59764e-07
8.63467e-07
8.67133e-07
8.70763e-07
8.74356e-07
8.77914e-07
8.81436e-07
8.84924e-07
8.88376e-07
8.91795e-07
8.95179e-07
8.9853e-07
9.01847e-07
9.05132e-07
9.08384e-07
9.11604e-07
9.14792e-07
9.17948e-07
9.21073e-07
9.24167e-07
9.27231e-07
9.30264e-07
9.33267e-07
9.3639e-07
9.39379e-07
9.4223e-07
9.45049e-07
9.47861e-07
9.52339e-07
9.53645e-07
9.56456e-07
9.5921e-07
9.62156e-07
9.64746e-07
9.67483e-07
9.69932e-07
9.72573e-07
9.74976e-07
9.77583e-07
9.79969e-07
9.82552e-07
9.84918e-07
9.87474e-07
9.89811e-07
9.92328e-07
9.94625e-07
9.97096e-07
9.99348e-07
1.00177e-06
1.00397e-06
1.00634e-06
1.0085e-06
1.01082e-06
1.01294e-06
1.01522e-06
1.01729e-06
1.01953e-06
1.02156e-06
1.02375e-06
1.02574e-06
1.0279e-06
1.02985e-06
1.03196e-06
1.03388e-06
1.03595e-06
1.03782e-06
1.03986e-06
1.0417e-06
1.04369e-06
1.04549e-06
1.04745e-06
1.04922e-06
1.05113e-06
1.05287e-06
1.05475e-06
1.05645e-06
1.05829e-06
1.05996e-06
1.06176e-06
1.0634e-06
1.06517e-06
1.06677e-06
1.06851e-06
1.07008e-06
1.07179e-06
1.07333e-06
1.0774e-06
1.0755e-06
1.08013e-06
1.08078e-06
1.08207e-06
1.08352e-06
1.08497e-06
1.08641e-06
1.08785e-06
1.08927e-06
1.09068e-06
1.09208e-06
1.09346e-06
1.09484e-06
1.09621e-06
1.09756e-06
1.09888e-06
1.10019e-06
1.10148e-06
1.10276e-06
1.10403e-06
1.1053e-06
1.10655e-06
1.1078e-06
1.10904e-06
1.11028e-06
1.1115e-06
1.11271e-06
1.11391e-06
1.1151e-06
1.11629e-06
1.11746e-06
1.11862e-06
1.11977e-06
1.12091e-06
1.12204e-06
1.12316e-06
1.12428e-06
1.12538e-06
1.12647e-06
1.12755e-06
1.12862e-06
1.12969e-06
1.13074e-06
1.13178e-06
1.13282e-06
1.13384e-06
1.13485e-06
1.13586e-06
1.13685e-06
1.13784e-06
1.13881e-06
1.13978e-06
1.14074e-06
1.14169e-06
1.14263e-06
1.14356e-06
1.14448e-06
1.1454e-06
1.1463e-06
1.1472e-06
1.14809e-06
1.14897e-06
1.14984e-06
1.1507e-06
1.15156e-06
1.1524e-06
1.15324e-06
1.15407e-06
1.1549e-06
1.15571e-06
1.15652e-06
1.15732e-06
1.15811e-06
1.1589e-06
1.15968e-06
1.16045e-06
1.16121e-06
1.16197e-06
1.16272e-06
1.16346e-06
1.1642e-06
1.16492e-06
1.16565e-06
1.16636e-06
1.16707e-06
1.16777e-06
1.16847e-06
1.16916e-06
1.16984e-06
1.17051e-06
1.17118e-06
1.17185e-06
1.1725e-06
1.17315e-06
1.1738e-06
1.17444e-06
1.17507e-06
1.17469e-06
1.17732e-06
1.17622e-06
1.17829e-06
1.17723e-06
1.17825e-06
1.18047e-06
1.17902e-06
1.17998e-06
1.18076e-06
1.18167e-06
1.18201e-06
1.18264e-06
1.18307e-06
1.18373e-06
1.18418e-06
1.18485e-06
1.1853e-06
1.18596e-06
1.1864e-06
1.18704e-06
1.18747e-06
1.1881e-06
1.18852e-06
1.18913e-06
1.18955e-06
1.19014e-06
1.19055e-06
1.19114e-06
1.19154e-06
1.19211e-06
1.1925e-06
1.19306e-06
1.19345e-06
1.19399e-06
1.19437e-06
1.1949e-06
1.19528e-06
1.19579e-06
1.19616e-06
1.19667e-06
1.19703e-06
1.19568e-06
1.19868e-06
1.1967e-06
1.1994e-06
1.19743e-06
1.20023e-06
1.19837e-06
1.2011e-06
1.19937e-06
1.20033e-06
1.20235e-06
1.20064e-06
1.20159e-06
1.20194e-06
1.2022e-06
1.20254e-06
1.20297e-06
1.20345e-06
1.20394e-06
1.20443e-06
1.2049e-06
1.20535e-06
1.20579e-06
1.2062e-06
1.2066e-06
1.20699e-06
1.20736e-06
1.20773e-06
1.20809e-06
1.20844e-06
1.20878e-06
1.20912e-06
1.20945e-06
1.20978e-06
1.21011e-06
1.21043e-06
1.21075e-06
1.21106e-06
1.21137e-06
1.21168e-06
1.21199e-06
1.21229e-06
1.21259e-06
1.21288e-06
1.21317e-06
1.21346e-06
1.21375e-06
1.21403e-06
1.21431e-06
1.21459e-06
1.21487e-06
1.21514e-06
1.21541e-06
1.21568e-06
1.21595e-06
1.21621e-06
1.21647e-06
1.21673e-06
1.21699e-06
1.21724e-06
1.2175e-06
1.21775e-06
1.218e-06
1.21824e-06
1.21849e-06
1.21873e-06
1.21897e-06
1.21921e-06
1.21944e-06
1.21968e-06
1.21991e-06
1.22014e-06
1.22037e-06
1.2206e-06
1.22082e-06
1.22104e-06
1.22127e-06
1.22148e-06
1.2217e-06
1.22192e-06
1.22213e-06
1.22234e-06
1.22256e-06
1.22276e-06
1.22297e-06
1.22318e-06
1.22338e-06
1.22358e-06
1.22378e-06
1.22398e-06
1.22418e-06
1.22438e-06
1.22457e-06
1.22476e-06
1.22496e-06
1.22515e-06
1.22533e-06
1.22552e-06
1.22571e-06
1.22589e-06
1.22607e-06
1.22625e-06
1.22643e-06
1.22661e-06
1.22679e-06
1.22696e-06
1.22714e-06
1.22731e-06
1.22748e-06
1.22765e-06
1.22782e-06
1.22799e-06
1.22815e-06
1.22832e-06
1.22848e-06
1.22865e-06
1.22881e-06
1.22897e-06
1.22913e-06
1.22928e-06
1.22944e-06
1.22959e-06
1.23049e-06
1.22955e-06
1.23087e-06
1.22991e-06
1.23037e-06
1.23044e-06
1.23126e-06
1.23105e-06
1.23049e-06
1.2311e-06
1.23191e-06
1.2316e-06
1.231e-06
1.23235e-06
1.23207e-06
1.23138e-06
1.2327e-06
1.2324e-06
1.23173e-06
1.23305e-06
1.23276e-06
1.23285e-06
1.23301e-06
1.23241e-06
1.2337e-06
1.23336e-06
1.23344e-06
1.2336e-06
1.23376e-06
1.23388e-06
1.23398e-06
1.23408e-06
1.23419e-06
1.23429e-06
1.2344e-06
1.23451e-06
1.23462e-06
1.23473e-06
1.23485e-06
1.23495e-06
1.23507e-06
1.23518e-06
1.23529e-06
1.2354e-06
1.23551e-06
1.23561e-06
1.23572e-06
1.23583e-06
1.23594e-06
1.23604e-06
1.23615e-06
1.23625e-06
1.23651e-06
1.23535e-06
1.23675e-06
1.23733e-06
1.23601e-06
1.23726e-06
1.23769e-06
1.23631e-06
1.23752e-06
1.23792e-06
1.23676e-06
1.23653e-06
1.23819e-06
1.23859e-06
1.23731e-06
1.23699e-06
1.23867e-06
1.23783e-06
1.23753e-06
1.23912e-06
1.23818e-06
1.23784e-06
1.23937e-06
1.23842e-06
1.23809e-06
1.23958e-06
1.23866e-06
1.2385e-06
1.23869e-06
1.23877e-06
1.24025e-06
1.23927e-06
1.23902e-06
1.23914e-06
1.23934e-06
1.23953e-06
1.23954e-06
1.24087e-06
1.23986e-06
1.23959e-06
1.23968e-06
1.23988e-06
1.24005e-06
1.24019e-06
1.2403e-06
1.24039e-06
1.24048e-06
1.24055e-06
1.24062e-06
1.2407e-06
1.24077e-06
1.24084e-06
1.24091e-06
1.24098e-06
1.24105e-06
1.24112e-06
1.24119e-06
1.24126e-06
1.24133e-06
1.24139e-06
1.24146e-06
1.24153e-06
1.2416e-06
1.24167e-06
1.24173e-06
1.2418e-06
1.24187e-06
1.24193e-06
1.242e-06
1.24206e-06
1.24213e-06
1.24219e-06
1.24226e-06
1.24232e-06
1.24238e-06
1.24245e-06
1.24251e-06
1.24257e-06
1.24264e-06
1.2427e-06
1.24276e-06
1.24282e-06
1.24288e-06
1.24294e-06
1.243e-06
1.24306e-06
1.24312e-06
1.24318e-06
1.24324e-06
1.24329e-06
1.24335e-06
1.24341e-06
1.24347e-06
1.24352e-06
1.24358e-06
1.24363e-06
1.24369e-06
1.24374e-06
1.2438e-06
1.24385e-06
1.24391e-06
1.24396e-06
1.24401e-06
1.24407e-06
1.24412e-06
1.24417e-06
1.24422e-06
1.24427e-06
1.24432e-06
1.24438e-06
1.24443e-06
1.24448e-06
1.24453e-06
1.24457e-06
1.24462e-06
1.24467e-06
1.24472e-06
1.24477e-06
1.24482e-06
1.24486e-06
1.24491e-06
1.24496e-06
1.245e-06
1.24505e-06
1.2451e-06
1.24514e-06
1.24519e-06
1.24523e-06
1.24528e-06
1.24532e-06
1.24536e-06
1.24541e-06
1.24545e-06
1.24549e-06
1.24554e-06
1.24558e-06
1.24562e-06
1.24566e-06
1.24571e-06
1.24575e-06
1.24579e-06
1.24583e-06
1.24587e-06
1.24591e-06
1.24595e-06
1.24599e-06
1.24603e-06
1.24607e-06
1.2461e-06
1.24614e-06
1.24618e-06
1.24619e-06
1.24624e-06
1.24629e-06
1.24633e-06
1.24637e-06
1.24641e-06
1.24644e-06
1.24648e-06
1.24651e-06
1.24655e-06
1.24658e-06
1.24662e-06
1.24665e-06
1.24669e-06
1.24672e-06
1.24675e-06
1.24679e-06
1.24682e-06
1.24685e-06
1.24689e-06
1.24692e-06
1.24695e-06
1.24698e-06
1.24702e-06
1.24705e-06
1.24708e-06
1.24711e-06
1.24714e-06
1.24717e-06
1.2472e-06
1.24723e-06
1.24726e-06
1.24729e-06
1.24732e-06
1.24735e-06
1.24738e-06
1.24741e-06
1.24744e-06
1.24746e-06
1.24749e-06
1.24752e-06
1.24755e-06
1.24757e-06
1.2476e-06
1.24763e-06
1.24765e-06
1.24768e-06
1.24771e-06
1.24773e-06
1.24776e-06
1.24778e-06
1.24781e-06
1.24783e-06
1.24786e-06
1.24788e-06
1.24791e-06
1.24793e-06
1.24795e-06
1.24798e-06
1.248e-06
1.24802e-06
1.24805e-06
1.24807e-06
1.24809e-06
1.24811e-06
1.24814e-06
1.24816e-06
1.24818e-06
1.2482e-06
1.24822e-06
1.24824e-06
1.24826e-06
1.24828e-06
1.2483e-06
1.24832e-06
1.24834e-06
1.24836e-06
1.24838e-06
1.2484e-06
1.24842e-06
1.24844e-06
1.24846e-06
1.24848e-06
1.24849e-06
1.24851e-06
1.24853e-06
1.24855e-06
1.24856e-06
1.24858e-06
1.2486e-06
1.24861e-06
1.24863e-06
1.24865e-06
1.24866e-06
1.24868e-06
1.2487e-06
1.24871e-06
1.24873e-06
1.24874e-06
1.24876e-06
1.24877e-06
1.24878e-06
1.2488e-06
1.24881e-06
1.24883e-06
1.24884e-06
1.24885e-06
1.24887e-06
1.24888e-06
1.24889e-06
1.24891e-06
1.24892e-06
1.24893e-06
1.24894e-06
1.24895e-06
1.24897e-06
1.24898e-06
1.24899e-06
1.249e-06
1.24901e-06
1.24902e-06
1.24903e-06
1.24904e-06
1.24905e-06
1.24906e-06
1.24907e-06
1.24908e-06
1.24909e-06
1.2491e-06
1.24911e-06
1.24912e-06
1.24912e-06
1.24913e-06
1.24914e-06
1.24915e-06
1.24916e-06
1.24916e-06
1.24917e-06
1.24918e-06
1.24919e-06
1.24919e-06
1.2492e-06
1.24921e-06
1.24921e-06
1.24922e-06
1.24922e-06
1.24923e-06
1.24923e-06
1.24924e-06
1.24924e-06
1.24925e-06
1.24925e-06
1.24926e-06
1.24926e-06
1.24927e-06
1.24927e-06
1.24927e-06
1.24928e-06
1.24928e-06
1.24929e-06
1.24929e-06
1.24929e-06
1.24929e-06
1.2493e-06
1.2493e-06
1.2493e-06
1.2493e-06
1.2493e-06
1.24931e-06
1.24931e-06
1.24931e-06
1.24931e-06
1.24931e-06
1.24931e-06
1.24931e-06
1.24931e-06
1.24931e-06
1.24931e-06
1.24931e-06
1.24931e-06
1.24931e-06
1.24931e-06
1.24931e-06
1.24931e-06
1.24931e-06
1.2493e-06
1.2493e-06
1.2493e-06
1.2493e-06
1.2493e-06
1.24929e-06
1.24929e-06
1.24929e-06
1.24928e-06
1.24928e-06
1.24928e-06
1.24927e-06
1.24927e-06
1.24927e-06
1.24926e-06
1.24926e-06
1.24925e-06
1.24925e-06
1.24924e-06
1.24924e-06
1.24923e-06
1.24923e-06
1.24922e-06
1.24922e-06
1.24921e-06
1.24921e-06
1.2492e-06
1.24919e-06
1.24919e-06
1.24918e-06
1.24917e-06
1.24916e-06
1.24916e-06
1.24915e-06
1.24914e-06
1.24913e-06
1.24913e-06
1.24912e-06
1.24911e-06
1.2491e-06
1.24909e-06
1.24908e-06
1.24907e-06
1.24906e-06
1.24906e-06
1.24905e-06
1.24904e-06
1.24903e-06
1.24902e-06
1.24901e-06
1.24899e-06
1.24898e-06
1.24897e-06
1.24896e-06
1.24895e-06
1.24894e-06
1.24893e-06
1.24892e-06
1.2489e-06
1.24889e-06
1.24888e-06
1.24887e-06
1.24885e-06
1.24884e-06
1.24883e-06
1.24882e-06
1.2488e-06
1.24879e-06
1.24877e-06
1.24876e-06
1.24875e-06
1.24873e-06
1.24872e-06
1.2487e-06
1.24869e-06
1.24867e-06
1.24866e-06
1.24864e-06
1.24863e-06
1.24861e-06
1.2486e-06
1.24858e-06
1.24856e-06
1.24855e-06
1.24853e-06
1.24851e-06
1.2485e-06
1.24848e-06
1.24846e-06
1.24845e-06
1.24843e-06
1.24841e-06
1.24839e-06
1.24837e-06
1.24836e-06
1.24834e-06
1.24832e-06
1.2483e-06
1.24828e-06
1.24826e-06
1.24824e-06
1.24822e-06
1.2482e-06
1.24818e-06
1.24816e-06
1.24814e-06
1.24812e-06
1.2481e-06
1.24808e-06
1.24806e-06
1.24804e-06
1.24802e-06
1.248e-06
1.24798e-06
1.24795e-06
1.24793e-06
1.24791e-06
1.24789e-06
1.24787e-06
1.24784e-06
1.24782e-06
1.2478e-06
1.24777e-06
1.24775e-06
1.24773e-06
1.2477e-06
1.24768e-06
1.24766e-06
1.24763e-06
1.24761e-06
1.24758e-06
1.24756e-06
1.24753e-06
1.24751e-06
1.24748e-06
1.24746e-06
1.24743e-06
1.24741e-06
1.24738e-06
1.24735e-06
1.24733e-06
1.2473e-06
1.24727e-06
1.24725e-06
1.24722e-06
1.24719e-06
1.24717e-06
1.24714e-06
1.24711e-06
1.24708e-06
1.24705e-06
1.24703e-06
1.247e-06
1.24697e-06
1.24694e-06
1.24691e-06
1.24688e-06
1.24685e-06
1.24683e-06
1.24682e-06
1.24678e-06
1.24674e-06
1.24671e-06
1.24667e-06
1.24664e-06
1.24661e-06
1.24658e-06
1.24655e-06
1.24652e-06
1.24649e-06
1.24646e-06
1.24643e-06
1.24639e-06
1.24636e-06
1.24633e-06
1.2463e-06
1.24627e-06
1.24623e-06
1.2462e-06
1.24617e-06
1.24613e-06
1.2461e-06
1.24607e-06
1.24603e-06
1.246e-06
1.24596e-06
1.24593e-06
1.2459e-06
1.24586e-06
1.24583e-06
1.24579e-06
1.24576e-06
1.24572e-06
1.24569e-06
1.24565e-06
1.24561e-06
1.24558e-06
1.24554e-06
1.24551e-06
1.24547e-06
1.24543e-06
1.2454e-06
1.24536e-06
1.24532e-06
1.24528e-06
1.24525e-06
1.24521e-06
1.24517e-06
1.24513e-06
1.24509e-06
1.24506e-06
1.24502e-06
1.24498e-06
1.24494e-06
1.2449e-06
1.24486e-06
1.24482e-06
1.24478e-06
1.24474e-06
1.2447e-06
1.24466e-06
1.24462e-06
1.24458e-06
1.24454e-06
1.2445e-06
1.24446e-06
1.24442e-06
1.2443e-06
1.24422e-06
1.24421e-06
1.24421e-06
1.24419e-06
1.24416e-06
1.24412e-06
1.24408e-06
1.24404e-06
1.244e-06
1.24395e-06
1.24391e-06
1.24387e-06
1.24382e-06
1.24378e-06
1.24374e-06
1.24369e-06
1.24365e-06
1.2436e-06
1.24356e-06
1.24351e-06
1.24347e-06
1.24342e-06
1.24338e-06
1.24333e-06
1.24329e-06
1.24324e-06
1.2432e-06
1.24315e-06
1.2431e-06
1.24306e-06
1.24301e-06
1.24296e-06
1.24292e-06
1.24287e-06
1.24282e-06
1.24277e-06
1.24273e-06
1.24268e-06
1.24263e-06
1.24258e-06
1.24253e-06
1.24249e-06
1.24244e-06
1.24239e-06
1.24234e-06
1.24229e-06
1.24224e-06
1.24219e-06
1.24214e-06
1.24209e-06
1.24204e-06
1.24199e-06
1.24194e-06
1.24189e-06
1.24184e-06
1.24179e-06
1.24174e-06
1.24169e-06
1.24163e-06
1.24158e-06
1.24153e-06
1.24148e-06
1.24143e-06
1.24137e-06
1.24132e-06
1.24127e-06
1.24122e-06
1.24116e-06
1.24111e-06
1.24106e-06
1.241e-06
1.24095e-06
1.2409e-06
1.24084e-06
1.24079e-06
1.24073e-06
1.24068e-06
1.24062e-06
1.24057e-06
1.24051e-06
1.24046e-06
1.2404e-06
1.24035e-06
1.24029e-06
1.24024e-06
1.24018e-06
1.24012e-06
1.24007e-06
1.24001e-06
1.23996e-06
1.2399e-06
1.23984e-06
1.23978e-06
1.23973e-06
1.23967e-06
1.23961e-06
1.23955e-06
1.23949e-06
1.23944e-06
1.23938e-06
1.23932e-06
1.23926e-06
1.2392e-06
1.23914e-06
1.23908e-06
1.23902e-06
1.23896e-06
1.2389e-06
1.23884e-06
1.23878e-06
1.23872e-06
1.23866e-06
1.2386e-06
1.23854e-06
1.23848e-06
1.23842e-06
1.23836e-06
1.2383e-06
1.23824e-06
1.23817e-06
1.23811e-06
1.23805e-06
1.23799e-06
1.23792e-06
1.23786e-06
1.2378e-06
1.23774e-06
1.23767e-06
1.23761e-06
1.23755e-06
1.23748e-06
1.23742e-06
1.23735e-06
1.23729e-06
1.23723e-06
1.23716e-06
1.2371e-06
1.23703e-06
1.23697e-06
1.2369e-06
1.23684e-06
1.23677e-06
1.2367e-06
1.23664e-06
1.23657e-06
1.23651e-06
1.23644e-06
1.23637e-06
1.23631e-06
1.23624e-06
1.23617e-06
1.2361e-06
1.23604e-06
1.23597e-06
1.2359e-06
1.23583e-06
1.23577e-06
1.2357e-06
1.23563e-06
1.23556e-06
1.23549e-06
1.23542e-06
1.23535e-06
1.23528e-06
1.23521e-06
1.23514e-06
1.23507e-06
1.235e-06
1.23493e-06
1.23486e-06
1.23479e-06
1.23472e-06
1.23465e-06
1.23458e-06
1.23451e-06
1.23444e-06
1.23437e-06
1.2343e-06
1.23422e-06
1.23415e-06
1.23408e-06
1.23401e-06
1.23394e-06
1.23386e-06
1.23379e-06
1.23372e-06
1.23364e-06
1.23357e-06
1.2335e-06
1.23342e-06
1.23335e-06
1.23327e-06
1.2332e-06
1.23313e-06
1.23305e-06
1.23298e-06
1.2329e-06
1.23283e-06
1.23275e-06
1.23268e-06
1.2326e-06
1.23253e-06
1.23245e-06
1.23237e-06
1.2323e-06
1.23222e-06
1.23214e-06
1.23207e-06
1.23199e-06
1.23191e-06
1.23184e-06
1.23176e-06
1.23168e-06
1.2316e-06
1.23153e-06
1.23145e-06
1.23137e-06
1.23129e-06
1.23121e-06
1.23113e-06
1.23106e-06
1.23098e-06
1.2309e-06
1.23082e-06
1.23074e-06
1.23066e-06
1.23058e-06
1.2305e-06
1.23042e-06
1.23034e-06
1.23026e-06
1.23018e-06
1.2301e-06
1.23002e-06
1.22993e-06
1.22985e-06
1.22977e-06
1.22969e-06
1.22961e-06
1.22953e-06
1.22944e-06
1.22936e-06
1.22928e-06
1.2292e-06
1.22911e-06
1.22903e-06
1.22895e-06
1.22886e-06
1.22878e-06
1.2287e-06
1.22861e-06
1.22853e-06
1.22844e-06
1.22836e-06
1.22828e-06
1.22819e-06
1.22811e-06
1.22802e-06
1.22794e-06
1.22785e-06
1.22777e-06
1.22768e-06
1.22759e-06
1.22751e-06
1.22742e-06
1.22734e-06
1.22725e-06
1.22716e-06
1.22708e-06
1.22699e-06
1.2269e-06
1.22681e-06
1.22673e-06
1.22664e-06
1.22655e-06
1.22646e-06
1.22638e-06
1.22629e-06
1.2262e-06
1.22611e-06
1.22602e-06
1.22593e-06
1.22584e-06
1.22575e-06
1.22566e-06
1.22557e-06
1.22548e-06
1.22539e-06
1.2253e-06
1.22521e-06
1.22512e-06
1.22503e-06
1.22494e-06
1.22485e-06
1.22476e-06
1.22467e-06
1.22458e-06
1.22449e-06
1.2244e-06
1.2243e-06
1.22421e-06
1.22412e-06
1.22403e-06
1.22393e-06
1.22384e-06
1.22375e-06
1.22366e-06
1.22356e-06
1.22347e-06
1.22338e-06
1.22328e-06
1.22319e-06
1.22309e-06
1.223e-06
1.22291e-06
1.22281e-06
1.22272e-06
1.22262e-06
1.22253e-06
1.22243e-06
1.22234e-06
1.22224e-06
1.22215e-06
1.22205e-06
1.22195e-06
1.22186e-06
1.22176e-06
1.22166e-06
1.22157e-06
1.22147e-06
1.22137e-06
1.22128e-06
1.22118e-06
1.22108e-06
1.22099e-06
1.22089e-06
1.22079e-06
1.22069e-06
1.22059e-06
1.2205e-06
1.2204e-06
1.2203e-06
1.2202e-06
1.2201e-06
1.22e-06
1.2199e-06
1.2198e-06
1.2197e-06
1.2196e-06
1.2195e-06
1.2194e-06
1.2193e-06
1.2192e-06
1.2191e-06
1.219e-06
1.2189e-06
1.2188e-06
1.2187e-06
1.2186e-06
1.21849e-06
1.21839e-06
1.21829e-06
1.21819e-06
1.21809e-06
1.21798e-06
1.21788e-06
1.21778e-06
1.21768e-06
1.21757e-06
1.21747e-06
1.21737e-06
1.21726e-06
1.21716e-06
1.21706e-06
1.21695e-06
1.21685e-06
1.21674e-06
1.21664e-06
1.21654e-06
1.21643e-06
1.21633e-06
1.21622e-06
1.21612e-06
1.21601e-06
1.21591e-06
1.2158e-06
1.21569e-06
1.21559e-06
1.21548e-06
1.21538e-06
1.21527e-06
1.21516e-06
1.21506e-06
1.21495e-06
1.21484e-06
1.21473e-06
1.21463e-06
1.21452e-06
1.21441e-06
1.2143e-06
1.2142e-06
1.21409e-06
1.21398e-06
1.21387e-06
1.21376e-06
1.21365e-06
1.21355e-06
1.21344e-06
1.21333e-06
1.21322e-06
1.21311e-06
1.213e-06
1.21289e-06
1.21278e-06
1.21267e-06
1.21256e-06
1.21245e-06
1.21234e-06
1.21223e-06
1.21212e-06
1.212e-06
1.21189e-06
1.21178e-06
1.21167e-06
1.21156e-06
1.21145e-06
1.21133e-06
1.21122e-06
1.21111e-06
1.211e-06
1.21089e-06
1.21077e-06
1.21066e-06
1.21055e-06
1.21043e-06
1.21032e-06
1.21021e-06
1.21009e-06
1.20998e-06
1.20986e-06
1.20975e-06
1.20964e-06
1.20952e-06
1.20941e-06
1.20929e-06
1.20918e-06
1.20906e-06
1.20895e-06
1.20883e-06
1.20872e-06
1.2086e-06
1.20849e-06
1.20837e-06
1.20825e-06
1.20814e-06
1.20802e-06
1.2079e-06
1.20779e-06
1.20767e-06
1.20755e-06
1.20744e-06
1.20732e-06
1.2072e-06
1.20708e-06
1.20697e-06
1.20685e-06
1.20673e-06
1.20661e-06
1.20649e-06
1.20637e-06
1.20626e-06
1.20614e-06
1.20602e-06
1.2059e-06
1.20578e-06
1.20566e-06
1.20554e-06
1.20542e-06
1.2053e-06
1.20518e-06
1.20506e-06
1.20494e-06
1.20482e-06
1.2047e-06
1.20458e-06
1.20446e-06
1.20434e-06
1.20422e-06
1.2041e-06
1.20397e-06
1.20385e-06
1.20373e-06
1.20361e-06
1.20349e-06
1.20336e-06
1.20324e-06
1.20312e-06
1.203e-06
1.20287e-06
1.20275e-06
1.20263e-06
1.2025e-06
1.20238e-06
1.20226e-06
1.20213e-06
1.20201e-06
1.20189e-06
1.20176e-06
1.20164e-06
1.20151e-06
1.20139e-06
1.20126e-06
1.20114e-06
1.20101e-06
1.20089e-06
1.20076e-06
1.20064e-06
1.20051e-06
1.20039e-06
1.20026e-06
1.20014e-06
1.20001e-06
1.19988e-06
1.19976e-06
1.19963e-06
1.1995e-06
1.19938e-06
1.19925e-06
1.19912e-06
1.199e-06
1.19887e-06
1.19874e-06
1.19861e-06
1.19848e-06
1.19836e-06
1.19823e-06
1.1981e-06
1.19797e-06
1.19784e-06
1.19771e-06
1.19759e-06
1.19746e-06
1.19733e-06
1.1972e-06
1.19707e-06
1.19694e-06
1.19681e-06
1.19668e-06
1.19655e-06
1.19642e-06
1.19629e-06
1.19616e-06
1.19603e-06
1.1959e-06
1.19577e-06
1.19564e-06
1.19551e-06
1.19537e-06
1.19524e-06
1.19511e-06
1.19498e-06
1.19485e-06
1.19472e-06
1.19458e-06
1.19445e-06
1.19432e-06
1.19419e-06
1.19405e-06
1.19392e-06
1.19379e-06
1.19366e-06
1.19352e-06
1.19339e-06
1.19326e-06
1.19312e-06
1.19299e-06
1.19286e-06
1.19272e-06
1.19259e-06
1.19245e-06
1.19232e-06
1.19218e-06
1.19205e-06
1.19191e-06
1.19178e-06
1.19164e-06
1.19151e-06
1.19137e-06
1.19124e-06
1.1911e-06
1.19097e-06
1.19083e-06
1.1907e-06
1.19056e-06
1.19042e-06
1.19029e-06
1.19015e-06
1.19001e-06
1.18988e-06
1.18974e-06
1.1896e-06
1.18947e-06
1.18933e-06
1.18919e-06
1.18905e-06
1.18892e-06
1.18878e-06
1.18864e-06
1.1885e-06
1.18836e-06
1.18823e-06
1.18809e-06
1.18795e-06
1.18781e-06
1.18767e-06
1.18753e-06
1.18739e-06
1.18725e-06
1.18711e-06
1.18697e-06
1.18683e-06
1.18669e-06
1.18655e-06
1.18641e-06
1.18627e-06
1.18613e-06
1.18599e-06
1.18585e-06
1.18571e-06
1.18557e-06
1.18543e-06
1.18529e-06
1.18515e-06
1.18501e-06
1.18486e-06
1.18472e-06
1.18458e-06
1.18444e-06
1.1843e-06
1.18416e-06
1.18401e-06
1.18387e-06
1.18373e-06
1.18359e-06
1.18344e-06
1.1833e-06
1.18316e-06
1.18301e-06
1.18287e-06
1.18273e-06
1.18258e-06
1.18244e-06
1.1823e-06
1.18215e-06
1.18201e-06
1.18186e-06
1.18172e-06
1.18158e-06
1.18143e-06
1.18129e-06
1.18114e-06
1.181e-06
1.18085e-06
1.18071e-06
1.18056e-06
1.18042e-06
1.18027e-06
1.18012e-06
1.17998e-06
1.17983e-06
1.17969e-06
1.17954e-06
1.17939e-06
1.17925e-06
1.1791e-06
1.17895e-06
1.17881e-06
1.17866e-06
1.17851e-06
1.17837e-06
1.17822e-06
1.17807e-06
1.17792e-06
1.17778e-06
1.17763e-06
1.17748e-06
1.17733e-06
1.17719e-06
1.17704e-06
1.17689e-06
1.17674e-06
1.17659e-06
1.17644e-06
1.17629e-06
1.17615e-06
1.176e-06
1.17585e-06
1.1757e-06
1.17555e-06
1.1754e-06
1.17525e-06
1.1751e-06
1.17495e-06
1.1748e-06
1.17465e-06
1.1745e-06
1.17435e-06
1.1742e-06
1.17405e-06
1.1739e-06
1.17375e-06
1.1736e-06
1.17344e-06
1.17329e-06
1.17314e-06
1.17299e-06
1.17284e-06
1.17269e-06
1.17254e-06
1.17238e-06
1.17223e-06
1.17208e-06
1.17193e-06
1.17178e-06
1.17162e-06
1.17147e-06
1.17132e-06
1.17117e-06
1.17101e-06
1.17086e-06
1.17071e-06
1.17055e-06
1.1704e-06
1.17025e-06
1.17009e-06
1.16994e-06
1.16979e-06
1.16963e-06
1.16948e-06
1.16932e-06
1.16917e-06
1.16902e-06
1.16886e-06
1.16871e-06
1.16855e-06
1.1684e-06
1.16824e-06
1.16813e-06
1.16795e-06
1.16777e-06
1.1676e-06
1.16745e-06
1.1673e-06
1.16715e-06
1.167e-06
1.16684e-06
1.16669e-06
1.16653e-06
1.16638e-06
1.16622e-06
1.16606e-06
1.16591e-06
1.16575e-06
1.16559e-06
1.16544e-06
1.16528e-06
1.16512e-06
1.16497e-06
1.16481e-06
1.16465e-06
1.16449e-06
1.16434e-06
1.16418e-06
1.16402e-06
1.16386e-06
1.1637e-06
1.16355e-06
1.16339e-06
1.16323e-06
1.16307e-06
1.16291e-06
1.16275e-06
1.1626e-06
1.16244e-06
1.16228e-06
1.16212e-06
1.16196e-06
1.1618e-06
1.16164e-06
1.16148e-06
1.16132e-06
1.16116e-06
1.161e-06
1.16084e-06
1.16068e-06
1.16052e-06
1.16036e-06
1.1602e-06
1.16004e-06
1.15988e-06
1.15972e-06
1.15956e-06
1.1594e-06
1.15924e-06
1.15908e-06
1.15892e-06
1.15876e-06
1.1586e-06
1.15843e-06
1.15827e-06
1.15811e-06
1.15795e-06
1.15779e-06
1.15763e-06
1.15746e-06
1.1573e-06
1.15714e-06
1.15698e-06
1.15682e-06
1.15665e-06
1.15649e-06
1.15633e-06
1.15617e-06
1.156e-06
1.15584e-06
1.15568e-06
1.15551e-06
1.15535e-06
1.15519e-06
1.15502e-06
1.15486e-06
1.1547e-06
1.15453e-06
1.15437e-06
1.15421e-06
1.15404e-06
1.15388e-06
1.15371e-06
1.15355e-06
1.15339e-06
1.15322e-06
1.15306e-06
1.15289e-06
1.15273e-06
1.15256e-06
1.1524e-06
1.15223e-06
1.15207e-06
1.1519e-06
1.15174e-06
1.15157e-06
1.15141e-06
1.15124e-06
1.15108e-06
1.15091e-06
1.15074e-06
1.15058e-06
1.15041e-06
1.15025e-06
1.15008e-06
1.14991e-06
1.14975e-06
1.14958e-06
1.14942e-06
1.14925e-06
1.14908e-06
1.14892e-06
1.14875e-06
1.14858e-06
1.14841e-06
1.14825e-06
1.14808e-06
1.14791e-06
1.14775e-06
1.14758e-06
1.14741e-06
1.14724e-06
1.14708e-06
1.14691e-06
1.14674e-06
1.14657e-06
1.1464e-06
1.14624e-06
1.14607e-06
1.1459e-06
1.14573e-06
1.14556e-06
1.14539e-06
1.14523e-06
1.14506e-06
1.14489e-06
1.14472e-06
1.14455e-06
1.14438e-06
1.14421e-06
1.14404e-06
1.14387e-06
1.14371e-06
1.14354e-06
1.14337e-06
1.1432e-06
1.14303e-06
1.14286e-06
1.14269e-06
1.14252e-06
1.14235e-06
1.14218e-06
1.14201e-06
1.14184e-06
1.14167e-06
1.1415e-06
1.14133e-06
1.14116e-06
1.14099e-06
1.14081e-06
1.14064e-06
1.14047e-06
1.1403e-06
1.14013e-06
1.13996e-06
1.13979e-06
1.13962e-06
1.13945e-06
1.13928e-06
1.1391e-06
1.13893e-06
1.13876e-06
1.13859e-06
1.13842e-06
1.13825e-06
1.13807e-06
1.1379e-06
1.13773e-06
1.13756e-06
1.13739e-06
1.13721e-06
1.13704e-06
1.13687e-06
1.1367e-06
1.13652e-06
1.13635e-06
1.13618e-06
1.13601e-06
1.13583e-06
1.13566e-06
1.13549e-06
1.13531e-06
1.13514e-06
1.13497e-06
1.13479e-06
1.13462e-06
1.13445e-06
1.13427e-06
1.1341e-06
1.13393e-06
1.13375e-06
1.13358e-06
1.1334e-06
1.13323e-06
1.13306e-06
1.13288e-06
1.13271e-06
1.13253e-06
1.13236e-06
1.13219e-06
1.13201e-06
1.13184e-06
1.13166e-06
1.13149e-06
1.13131e-06
1.13114e-06
1.13096e-06
1.13079e-06
1.13061e-06
1.13044e-06
1.13026e-06
1.13009e-06
1.12991e-06
1.12974e-06
1.12956e-06
1.12939e-06
1.12921e-06
1.12904e-06
1.12886e-06
1.12869e-06
1.12851e-06
1.12833e-06
1.12816e-06
1.12798e-06
1.12781e-06
1.12763e-06
1.12745e-06
1.12728e-06
1.1271e-06
1.12693e-06
1.12675e-06
1.12657e-06
1.1264e-06
1.12622e-06
1.12604e-06
1.12587e-06
1.12569e-06
1.12551e-06
1.12534e-06
1.12516e-06
1.12498e-06
1.12481e-06
1.12463e-06
1.12445e-06
1.12427e-06
1.1241e-06
1.12392e-06
1.12374e-06
1.12357e-06
1.12339e-06
1.12321e-06
1.12303e-06
1.12286e-06
1.12268e-06
1.1225e-06
1.12232e-06
1.12214e-06
1.12197e-06
1.12149e-06
1.1214e-06
1.12136e-06
1.12125e-06
1.12109e-06
1.12091e-06
1.12073e-06
1.12055e-06
1.12037e-06
1.12019e-06
1.12001e-06
1.11983e-06
1.11965e-06
1.11947e-06
1.11929e-06
1.11911e-06
1.11893e-06
1.11875e-06
1.11858e-06
1.1184e-06
1.11822e-06
1.11804e-06
1.11786e-06
1.11768e-06
1.1175e-06
1.11732e-06
1.11714e-06
1.11696e-06
1.11678e-06
1.1166e-06
1.11642e-06
1.11624e-06
1.11606e-06
1.11588e-06
1.11571e-06
1.11553e-06
1.11535e-06
1.11517e-06
1.11499e-06
1.11481e-06
1.11463e-06
1.11445e-06
1.11426e-06
1.11408e-06
1.1139e-06
1.11372e-06
1.11354e-06
1.11336e-06
1.11318e-06
1.113e-06
1.11282e-06
1.11264e-06
1.11246e-06
1.11228e-06
1.1121e-06
1.11192e-06
1.11174e-06
1.11156e-06
1.11138e-06
1.11119e-06
1.11101e-06
1.11083e-06
1.11065e-06
1.11047e-06
1.11029e-06
1.11011e-06
1.10993e-06
1.10975e-06
1.10956e-06
1.10938e-06
1.1092e-06
1.10902e-06
1.10884e-06
1.10866e-06
1.10848e-06
1.10829e-06
1.10811e-06
1.10793e-06
1.10775e-06
1.10757e-06
1.10738e-06
1.1072e-06
1.10702e-06
1.10684e-06
1.10666e-06
1.10647e-06
1.10629e-06
1.10611e-06
1.10593e-06
1.10575e-06
1.10556e-06
1.10538e-06
1.1052e-06
1.10502e-06
1.10483e-06
1.10465e-06
1.10447e-06
1.10429e-06
1.1041e-06
1.10392e-06
1.10374e-06
1.10356e-06
1.10337e-06
1.10319e-06
1.10301e-06
1.10282e-06
1.10264e-06
1.10246e-06
1.10228e-06
1.10209e-06
1.10191e-06
1.10173e-06
1.10154e-06
1.10136e-06
1.10118e-06
1.10099e-06
1.10081e-06
1.10063e-06
1.10044e-06
1.10026e-06
1.10008e-06
1.09989e-06
1.09971e-06
1.09953e-06
1.09934e-06
1.09916e-06
1.09898e-06
1.09879e-06
1.09861e-06
1.09843e-06
1.09824e-06
1.09806e-06
1.09788e-06
1.09769e-06
1.09751e-06
1.09732e-06
1.09714e-06
1.09696e-06
1.09677e-06
1.09659e-06
1.0964e-06
1.09622e-06
1.09604e-06
1.09585e-06
1.09567e-06
1.09548e-06
1.0953e-06
1.09512e-06
1.09493e-06
1.09475e-06
1.09456e-06
1.09438e-06
1.09419e-06
1.09401e-06
1.09382e-06
1.09364e-06
1.09346e-06
1.09327e-06
1.09309e-06
1.0929e-06
1.09272e-06
1.09253e-06
1.09235e-06
1.09216e-06
1.09198e-06
1.09179e-06
1.09161e-06
1.09143e-06
1.09124e-06
1.09106e-06
1.09087e-06
1.09069e-06
1.0905e-06
1.09032e-06
1.09013e-06
1.08995e-06
1.08976e-06
1.08958e-06
1.08939e-06
1.08921e-06
1.08902e-06
1.08884e-06
1.08865e-06
1.08847e-06
1.08828e-06
1.0881e-06
1.08791e-06
1.08772e-06
1.08754e-06
1.08735e-06
1.08717e-06
1.08698e-06
1.0868e-06
1.08661e-06
1.08643e-06
1.08624e-06
1.08606e-06
1.08587e-06
1.08569e-06
1.0855e-06
1.08532e-06
1.08513e-06
1.08494e-06
1.08476e-06
1.08457e-06
1.08439e-06
1.0842e-06
1.08402e-06
1.08383e-06
1.08364e-06
1.08346e-06
1.08327e-06
1.08309e-06
1.0829e-06
1.08272e-06
1.08253e-06
1.08234e-06
1.08216e-06
1.08197e-06
1.08179e-06
1.0816e-06
1.08142e-06
1.08123e-06
1.08104e-06
1.08086e-06
1.08067e-06
1.08049e-06
1.0803e-06
1.08011e-06
1.07993e-06
1.07974e-06
1.07956e-06
1.07937e-06
1.07918e-06
1.079e-06
1.07881e-06
1.07862e-06
1.07844e-06
1.07825e-06
1.07807e-06
1.07788e-06
1.07769e-06
1.07751e-06
1.07732e-06
1.07714e-06
1.07695e-06
1.07676e-06
1.07658e-06
1.07639e-06
1.0762e-06
1.07602e-06
1.07583e-06
1.07564e-06
1.07546e-06
1.07527e-06
1.07509e-06
1.0749e-06
1.07471e-06
1.07453e-06
1.07434e-06
1.07415e-06
1.07397e-06
1.07378e-06
1.07359e-06
1.07341e-06
1.07322e-06
1.07304e-06
1.07285e-06
1.07266e-06
1.07248e-06
1.07229e-06
1.0721e-06
1.07192e-06
1.07181e-06
1.07156e-06
1.07134e-06
1.07116e-06
1.07097e-06
1.07079e-06
1.07061e-06
1.07042e-06
1.07024e-06
1.07005e-06
1.06986e-06
1.06968e-06
1.06949e-06
1.0693e-06
1.06912e-06
1.06893e-06
1.06874e-06
1.06856e-06
1.06837e-06
1.06818e-06
1.068e-06
1.06781e-06
1.06762e-06
1.06744e-06
1.06725e-06
1.06706e-06
1.06688e-06
1.06669e-06
1.0665e-06
1.06632e-06
1.06613e-06
1.06594e-06
1.06576e-06
1.06557e-06
1.06538e-06
1.0652e-06
1.06501e-06
1.06482e-06
1.06464e-06
1.06445e-06
1.06426e-06
1.06407e-06
1.06389e-06
1.0637e-06
1.06351e-06
1.06333e-06
1.06314e-06
1.06295e-06
1.06277e-06
1.06258e-06
1.06239e-06
1.06221e-06
1.06202e-06
1.06183e-06
1.06165e-06
1.06146e-06
1.06127e-06
1.06109e-06
1.0609e-06
1.06071e-06
1.06053e-06
1.06034e-06
1.06015e-06
1.05996e-06
1.05978e-06
1.05959e-06
1.0594e-06
1.05922e-06
1.05903e-06
1.05884e-06
1.05866e-06
1.05847e-06
1.05828e-06
1.0581e-06
1.05791e-06
1.05772e-06
1.05754e-06
1.05735e-06
1.05716e-06
1.05697e-06
1.05679e-06
1.0566e-06
1.05641e-06
1.05623e-06
1.05604e-06
1.05585e-06
1.05567e-06
1.05548e-06
1.05529e-06
1.05511e-06
1.05492e-06
1.05473e-06
1.05455e-06
1.05436e-06
1.05417e-06
1.05399e-06
1.0538e-06
1.05361e-06
1.05343e-06
1.05324e-06
1.05305e-06
1.05286e-06
1.05268e-06
1.05249e-06
1.0523e-06
1.05212e-06
1.05193e-06
1.05174e-06
1.05156e-06
1.05137e-06
1.05118e-06
1.051e-06
1.05081e-06
1.05062e-06
1.05044e-06
1.05025e-06
1.05006e-06
1.04988e-06
1.04969e-06
1.0495e-06
1.04932e-06
1.04913e-06
1.04894e-06
1.04876e-06
1.04857e-06
1.04838e-06
1.0482e-06
1.04801e-06
1.04782e-06
1.04764e-06
1.04745e-06
1.04726e-06
1.04708e-06
1.04689e-06
1.0467e-06
1.04652e-06
1.04633e-06
1.04614e-06
1.04596e-06
1.04577e-06
1.04558e-06
1.0454e-06
1.04521e-06
1.04502e-06
1.04484e-06
1.04465e-06
1.04447e-06
1.04428e-06
1.04409e-06
1.04391e-06
1.04372e-06
1.04353e-06
1.04335e-06
1.04316e-06
1.04297e-06
1.04279e-06
1.0426e-06
1.04241e-06
1.04223e-06
1.04204e-06
1.04186e-06
1.04167e-06
1.04148e-06
1.0413e-06
1.04111e-06
1.04092e-06
1.04074e-06
1.04055e-06
1.04036e-06
1.04018e-06
1.03999e-06
1.03981e-06
1.03962e-06
1.03943e-06
1.03925e-06
1.03906e-06
1.03888e-06
1.03869e-06
1.0385e-06
1.03832e-06
1.03813e-06
1.03794e-06
1.03776e-06
1.03757e-06
1.03739e-06
1.0372e-06
1.03701e-06
1.03683e-06
1.03664e-06
1.03646e-06
1.03627e-06
1.03608e-06
1.0359e-06
1.03571e-06
1.03553e-06
1.03534e-06
1.03515e-06
1.03497e-06
1.03478e-06
1.0346e-06
1.03441e-06
1.03422e-06
1.03404e-06
1.03385e-06
1.03367e-06
1.03348e-06
1.0333e-06
1.03311e-06
1.03292e-06
1.03274e-06
1.03255e-06
1.03237e-06
1.03218e-06
1.032e-06
1.03181e-06
1.03162e-06
1.03144e-06
1.03125e-06
1.03107e-06
1.03088e-06
1.0307e-06
1.03051e-06
1.03032e-06
1.03014e-06
1.02995e-06
1.02977e-06
1.02958e-06
1.0294e-06
1.02921e-06
1.02903e-06
1.02884e-06
1.02866e-06
1.02847e-06
1.02828e-06
1.0281e-06
1.02791e-06
1.02773e-06
1.02754e-06
1.02736e-06
1.02717e-06
1.02699e-06
1.0268e-06
1.02662e-06
1.02643e-06
1.02625e-06
1.02606e-06
1.02588e-06
1.02569e-06
1.02551e-06
1.02532e-06
1.02514e-06
1.02495e-06
1.02477e-06
1.02458e-06
1.0244e-06
1.02421e-06
1.02403e-06
1.02384e-06
1.02366e-06
1.02347e-06
1.02329e-06
1.0231e-06
1.02292e-06
1.02273e-06
1.02255e-06
1.02236e-06
1.02218e-06
1.02199e-06
1.02181e-06
1.02162e-06
1.02144e-06
1.02125e-06
1.02107e-06
1.02088e-06
1.0207e-06
1.02051e-06
1.02033e-06
1.02014e-06
1.01996e-06
1.01978e-06
1.01959e-06
1.01941e-06
1.01922e-06
1.01904e-06
1.01885e-06
1.01867e-06
1.01848e-06
1.0183e-06
1.01812e-06
1.01793e-06
1.01775e-06
1.01756e-06
1.01738e-06
1.01719e-06
1.01701e-06
1.01683e-06
1.01664e-06
1.01646e-06
1.01627e-06
1.01609e-06
1.0159e-06
1.01572e-06
1.01554e-06
1.01535e-06
1.01517e-06
1.01498e-06
1.0148e-06
1.01462e-06
1.01443e-06
1.01425e-06
1.01406e-06
1.01388e-06
1.0137e-06
1.01351e-06
1.01333e-06
1.01314e-06
1.01296e-06
1.01278e-06
1.01259e-06
1.01241e-06
1.01223e-06
1.01204e-06
1.01186e-06
1.01168e-06
1.01149e-06
1.01131e-06
1.01112e-06
1.01094e-06
1.01076e-06
1.01057e-06
1.01039e-06
1.01021e-06
1.01002e-06
1.00984e-06
1.00966e-06
1.00947e-06
1.00929e-06
1.00911e-06
1.00892e-06
1.00874e-06
1.00856e-06
1.00837e-06
1.00819e-06
1.00801e-06
1.00782e-06
1.00764e-06
1.00746e-06
1.00727e-06
1.00709e-06
1.00691e-06
1.00673e-06
1.00654e-06
1.00636e-06
1.00618e-06
1.00599e-06
1.00581e-06
1.00563e-06
1.00545e-06
1.00526e-06
1.00508e-06
1.0049e-06
1.00471e-06
1.00453e-06
1.00435e-06
1.00417e-06
1.00398e-06
1.0038e-06
1.00362e-06
1.00344e-06
1.00325e-06
1.00307e-06
1.00289e-06
1.00271e-06
1.00252e-06
1.00234e-06
1.00216e-06
1.00198e-06
1.00179e-06
1.00161e-06
1.00143e-06
1.00125e-06
1.00106e-06
1.00088e-06
1.0007e-06
1.00052e-06
1.00034e-06
1.00015e-06
9.99971e-07
9.99789e-07
9.99607e-07
9.99425e-07
9.99243e-07
9.99061e-07
9.98879e-07
9.98697e-07
9.98515e-07
9.98333e-07
9.98151e-07
9.97969e-07
9.97788e-07
9.97606e-07
9.97424e-07
9.97242e-07
9.97061e-07
9.96879e-07
9.96697e-07
9.96516e-07
9.96334e-07
9.96152e-07
9.95971e-07
9.95789e-07
9.95608e-07
9.95426e-07
9.95245e-07
9.95063e-07
9.94882e-07
9.94701e-07
9.94519e-07
9.94338e-07
9.94157e-07
9.93975e-07
9.93794e-07
9.93613e-07
9.93432e-07
9.93251e-07
9.9307e-07
9.92888e-07
9.92707e-07
9.92526e-07
9.92345e-07
9.92164e-07
9.91983e-07
9.91802e-07
9.91621e-07
9.91441e-07
9.9126e-07
9.91079e-07
9.90898e-07
9.90717e-07
9.90536e-07
9.90356e-07
9.90175e-07
9.89994e-07
9.89814e-07
9.89633e-07
9.89452e-07
9.89272e-07
9.89091e-07
9.88911e-07
9.8873e-07
9.8855e-07
9.88369e-07
9.88189e-07
9.88009e-07
9.87828e-07
9.87648e-07
9.87468e-07
9.87287e-07
9.87107e-07
9.86927e-07
9.86747e-07
9.86567e-07
9.86387e-07
9.86206e-07
9.86026e-07
9.85846e-07
9.85666e-07
9.85486e-07
9.85306e-07
9.85126e-07
9.84946e-07
9.84767e-07
9.84587e-07
9.84407e-07
9.84227e-07
9.84047e-07
9.83868e-07
9.83688e-07
9.83508e-07
9.83329e-07
9.83149e-07
9.82969e-07
9.8279e-07
9.8261e-07
9.82431e-07
9.82251e-07
9.82072e-07
9.81892e-07
9.81713e-07
9.81533e-07
9.81354e-07
9.81175e-07
9.80996e-07
9.80816e-07
9.80637e-07
9.80393e-07
9.80297e-07
9.80111e-07
9.79922e-07
9.7974e-07
9.79561e-07
9.79383e-07
9.79204e-07
9.79025e-07
9.78846e-07
9.78667e-07
9.78488e-07
9.7831e-07
9.78131e-07
9.77952e-07
9.77773e-07
9.77594e-07
9.77416e-07
9.77237e-07
9.77058e-07
9.7688e-07
9.76701e-07
9.76522e-07
9.76344e-07
9.76165e-07
9.75987e-07
9.75808e-07
9.7563e-07
9.75452e-07
9.75273e-07
9.75095e-07
9.74917e-07
9.74738e-07
9.7456e-07
9.74382e-07
9.74204e-07
9.74025e-07
9.73847e-07
9.73669e-07
9.73491e-07
9.73313e-07
9.73135e-07
9.72957e-07
9.72779e-07
9.72601e-07
9.72423e-07
9.72245e-07
9.72067e-07
9.7189e-07
9.71712e-07
9.71534e-07
9.71356e-07
9.71179e-07
9.71001e-07
9.70823e-07
9.70646e-07
9.70468e-07
9.70291e-07
9.70113e-07
9.69936e-07
9.69758e-07
9.69581e-07
9.69403e-07
9.69226e-07
9.69049e-07
9.68871e-07
9.68694e-07
9.68517e-07
9.68339e-07
9.68162e-07
9.67985e-07
9.67808e-07
9.67631e-07
9.67454e-07
9.67277e-07
9.671e-07
9.66923e-07
9.66746e-07
9.66569e-07
9.66392e-07
9.66215e-07
9.66038e-07
9.65861e-07
9.65685e-07
9.65508e-07
9.65331e-07
9.65154e-07
9.64978e-07
9.64801e-07
9.64624e-07
9.64448e-07
9.64271e-07
9.64095e-07
9.63918e-07
9.63742e-07
9.63565e-07
9.63389e-07
9.63213e-07
9.63036e-07
9.6286e-07
9.62684e-07
9.62508e-07
9.62331e-07
9.62155e-07
9.61979e-07
9.61803e-07
9.61627e-07
9.61451e-07
9.61275e-07
9.61099e-07
9.60923e-07
9.60747e-07
9.60571e-07
9.60395e-07
9.60219e-07
9.60043e-07
9.59867e-07
9.59692e-07
9.59516e-07
9.5934e-07
9.59165e-07
9.58989e-07
9.58813e-07
9.58638e-07
9.58462e-07
9.58287e-07
9.58111e-07
9.57936e-07
9.5776e-07
9.57585e-07
9.57409e-07
9.57234e-07
9.57059e-07
9.56883e-07
9.56708e-07
9.56533e-07
9.56358e-07
9.56183e-07
9.56007e-07
9.55832e-07
9.55657e-07
9.55482e-07
9.55307e-07
9.55132e-07
9.54957e-07
9.54782e-07
9.54608e-07
9.54433e-07
9.54258e-07
9.54083e-07
9.53908e-07
9.53734e-07
9.53559e-07
9.53384e-07
9.5321e-07
9.53035e-07
9.5286e-07
9.52686e-07
9.52511e-07
9.52337e-07
9.52162e-07
9.51988e-07
9.51813e-07
9.51639e-07
9.51465e-07
9.5129e-07
9.51116e-07
9.50942e-07
9.50768e-07
9.50593e-07
9.50419e-07
9.50245e-07
9.50071e-07
9.49897e-07
9.49723e-07
9.49549e-07
9.49375e-07
9.49201e-07
9.49027e-07
9.48853e-07
9.48679e-07
9.48506e-07
9.48332e-07
9.48158e-07
9.47984e-07
9.47811e-07
9.47637e-07
9.47463e-07
9.4729e-07
9.47116e-07
9.46942e-07
9.46769e-07
9.46595e-07
9.46422e-07
9.46249e-07
9.46075e-07
9.45902e-07
9.45728e-07
9.45555e-07
9.45382e-07
9.45209e-07
9.45035e-07
9.44862e-07
9.44689e-07
9.44516e-07
9.44343e-07
9.4417e-07
9.43997e-07
9.43824e-07
9.43651e-07
9.43478e-07
9.43305e-07
9.43132e-07
9.42959e-07
9.42786e-07
9.42614e-07
9.42441e-07
9.42268e-07
9.42095e-07
9.41923e-07
9.4175e-07
9.41578e-07
9.41405e-07
9.41232e-07
9.4106e-07
9.40887e-07
9.40715e-07
9.40543e-07
9.4037e-07
9.40198e-07
9.40026e-07
9.39853e-07
9.39681e-07
9.39509e-07
9.39337e-07
9.39164e-07
9.38992e-07
9.3882e-07
9.38648e-07
9.38476e-07
9.38304e-07
9.38132e-07
9.3796e-07
9.37788e-07
9.37616e-07
9.37444e-07
9.37272e-07
9.37101e-07
