-1.72845
-1.48083
-1.32181
-1.21202
-1.13153
-1.06953
-1.01988
-0.978881
-0.944207
-0.914322
-0.888165
-0.864983
-0.844219
-0.825455
-0.808368
-0.792702
-0.778256
-0.764866
-0.752398
-0.740739
-0.729797
-0.719494
-0.711165
-0.703591
-0.696221
-0.689019
-0.68207
-0.675299
-0.66873
-0.662324
-0.65608
-0.649994
-0.644063
-0.638289
-0.632705
-0.627241
-0.621902
-0.616706
-0.611646
-0.606719
-0.601924
-0.597259
-0.592719
-0.588301
-0.584002
-0.579817
-0.575744
-0.571779
-0.567919
-0.564161
-0.560503
-0.556941
-0.553474
-0.550099
-0.546813
-0.543619
-0.540468
-0.537437
-0.534536
-0.531655
-0.528875
-0.526173
-0.52358
-0.521077
-0.518625
-0.516219
-0.513862
-0.511557
-0.509311
-0.507117
-0.504979
-0.502896
-0.500868
-0.49889
-0.496964
-0.495088
-0.493261
-0.491481
-0.489748
-0.48806
-0.486417
-0.484819
-0.483263
-0.481751
-0.480279
-0.478849
-0.477458
-0.476135
-0.474827
-0.473585
-0.472367
-0.47119
-0.470036
-0.468912
-0.467814
-0.466746
-0.465708
-0.464701
-0.463727
-0.462783
-0.46187
-0.460988
-0.460134
-0.459308
-0.45851
-0.457738
-0.456993
-0.456273
-0.455577
-0.454905
-0.454256
-0.45363
-0.453025
-0.452444
-0.451992
-0.451446
-0.450824
-0.450041
-0.449445
-0.448902
-0.44841
-0.447932
-0.447254
-0.446646
-0.446118
-0.445556
-0.445024
-0.444521
-0.444025
-0.443542
-0.443071
-0.442606
-0.442153
-0.441708
-0.44127
-0.440823
-0.440427
-0.439991
-0.439518
-0.439149
-0.438349
-0.438063
-0.437523
-0.436957
-0.436752
-0.436249
-0.435746
-0.43521
-0.434688
-0.434125
-0.433554
-0.432978
-0.432391
-0.431801
-0.431193
-0.430565
-0.429927
-0.429094
-0.428179
-0.427811
-0.426884
-0.426011
-0.425444
-0.42492
-0.424209
-0.42347
-0.42283
-0.422048
-0.421302
-0.420835
-0.419972
-0.41916
-0.418173
-0.417186
-0.416524
-0.41579
-0.415031
-0.414007
-0.413151
-0.412255
-0.411424
-0.410563
-0.409701
-0.408812
-0.407912
-0.40748
-0.406409
-0.405537
-0.40484
-0.403853
-0.403144
-0.40227
-0.401545
-0.400767
-0.40138
-0.397957
-0.398904
-0.398251
-0.397941
-0.397519
-0.397699
-0.397364
-0.394794
-0.394736
-0.394223
-0.388578
-0.390893
-0.389153
-0.385641
-0.388684
-0.385844
-0.385297
-0.383303
-0.382704
-0.381325
-0.380508
-0.37867
-0.378256
-0.376944
-0.3742
-0.375736
-0.372477
-0.37326
-0.372043
-0.368678
-0.370935
-0.367892
-0.365909
-0.368054
-0.364672
-0.362383
-0.36535
-0.362085
-0.359558
-0.362365
-0.359688
-0.357056
-0.355481
-0.359393
-0.355842
-0.353244
-0.352121
-0.356193
-0.352467
-0.350127
-0.348506
-0.352578
-0.349352
-0.34688
-0.34585
-0.349077
-0.346223
-0.343921
-0.342693
-0.34179
-0.345827
-0.342934
-0.340628
-0.33944
-0.338528
-0.337828
-0.342027
-0.339056
-0.336914
-0.335853
-0.334902
-0.334235
-0.3379
-0.335541
-0.333469
-0.332368
-0.331637
-0.330933
-0.330579
-0.329978
-0.333974
-0.331563
-0.329593
-0.328562
-0.327938
-0.327308
-0.326996
-0.326482
-0.326184
-0.328688
-0.327528
-0.325839
-0.324855
-0.324364
-0.323822
-0.323575
-0.32276
-0.322603
-0.322413
-0.321799
-0.321613
-0.321515
-0.321271
-0.32397
-0.322504
-0.320897
-0.32012
-0.319784
-0.319564
-0.319111
-0.31896
-0.318853
-0.318907
-0.318173
-0.317807
-0.317753
-0.317589
-0.3177
-0.317116
-0.317015
-0.31683
-0.316952
-0.316129
-0.315914
-0.315937
-0.315828
-0.315969
-0.315306
-0.31523
-0.315015
-0.31507
-0.314728
-0.314733
-0.314135
-0.314043
-0.314305
-0.313681
-0.313558
-0.31342
-0.313278
-0.313393
-0.313072
-0.312899
-0.312718
-0.312632
-0.312482
-0.312376
-0.312208
-0.312186
-0.312241
-0.311876
-0.311872
-0.311784
-0.311554
-0.311854
-0.311621
-0.311322
-0.311165
-0.311328
-0.310839
-0.31091
-0.31139
-0.31061
-0.311083
-0.31082
-0.310288
-0.310218
-0.310137
-0.310054
-0.310127
-0.310448
-0.310596
-0.309718
-0.30964
-0.309647
-0.309808
-0.309983
-0.310002
-0.311435
-0.311715
-0.311169
-0.31052
-0.309958
-0.313695
-0.312609
-0.311005
-0.309777
-0.309029
-0.308828
-0.309644
-0.308504
-0.308437
-0.308381
-0.308344
-0.309379
-0.324131
-0.31598
-0.311968
-0.309748
-0.308366
-0.308199
-0.307904
-0.307856
-0.307808
-0.30776
-0.307714
-0.307668
-0.307622
-0.307578
-0.307534
-0.307491
-0.307448
-0.307406
-0.307365
-0.307324
-0.307284
-0.307245
-0.307206
-0.307167
-0.307129
-0.307092
-0.307055
-0.307019
-0.306984
-0.306948
-0.306914
-0.30688
-0.306846
-0.306813
-0.30678
-0.30675
-0.306719
-0.306689
-0.306662
-0.306631
-0.3066
-0.30657
-0.306542
-0.306516
-0.306488
-0.30646
-0.306432
-0.306406
-0.306377
-0.306349
-0.306322
-0.306295
-0.306267
-0.306241
-0.306215
-0.306189
-0.306164
-0.30614
-0.306116
-0.306092
-0.30607
-0.306047
-0.306025
-0.306002
-0.30598
-0.305959
-0.305938
-0.305916
-0.305896
-0.305875
-0.305855
-0.305835
-0.305815
-0.305795
-0.305776
-0.305757
-0.305738
-0.305719
-0.305701
-0.305682
-0.305665
-0.305647
-0.30563
-0.305612
-0.305595
-0.305579
-0.305562
-0.305546
-0.305529
-0.305513
-0.305497
-0.305481
-0.305466
-0.305451
-0.305435
-0.305421
-0.305405
-0.305393
-0.305377
-0.305362
-0.305348
-0.305334
-0.30532
-0.305309
-0.305294
-0.30528
-0.305269
-0.305254
-0.305243
-0.305228
-0.305218
-0.305204
-0.305191
-0.305179
-0.305167
-0.305157
-0.305144
-0.305133
-0.305121
-0.305111
-0.305098
-0.305089
-0.305076
-0.305067
-0.305055
-0.305045
-0.305034
-0.305025
-0.305013
-0.305011
-0.305007
-0.305002
-0.304994
-0.304983
-0.304971
-0.304958
-0.304945
-0.304934
-0.304922
-0.304912
-0.304902
-0.304894
-0.304884
-0.304874
-0.304866
-0.304857
-0.304848
-0.30484
-0.304832
-0.304823
-0.304816
-0.304807
-0.304799
-0.304791
-0.304784
-0.304776
-0.304768
-0.304761
-0.304754
-0.304746
-0.304741
-0.304731
-0.304726
-0.304718
-0.30471
-0.304705
-0.304697
-0.304692
-0.304684
-0.304677
-0.30467
-0.304664
-0.304657
-0.304653
-0.304645
-0.30464
-0.304633
-0.304628
-0.304621
-0.304616
-0.30461
-0.304603
-0.304599
-0.304592
-0.304588
-0.304581
-0.304576
-0.30457
-0.304566
-0.304559
-0.304554
-0.304549
-0.304544
-0.304539
-0.304534
-0.304529
-0.304524
-0.304519
-0.304515
-0.304509
-0.304505
-0.3045
-0.304496
-0.30449
-0.304486
-0.304482
-0.304477
-0.304474
-0.304468
-0.304464
-0.304461
-0.304455
-0.304451
-0.304448
-0.304443
-0.304439
-0.304435
-0.304432
-0.304427
-0.304423
-0.30442
-0.304416
-0.304412
-0.304409
-0.304404
-0.304401
-0.304397
-0.304394
-0.304391
-0.304387
-0.304383
-0.30438
-0.304376
-0.304373
-0.304371
-0.304366
-0.304363
-0.30436
-0.304357
-0.304353
-0.30435
-0.304347
-0.304344
-0.304342
-0.304338
-0.304335
-0.304332
-0.304329
-0.304326
-0.304324
-0.304321
-0.304318
-0.304315
-0.304312
-0.30431
-0.304307
-0.304304
-0.304302
-0.304299
-0.304297
-0.304294
-0.304292
-0.304289
-0.304287
-0.304284
-0.304282
-0.304279
-0.304277
-0.304275
-0.304272
-0.30427
-0.304268
-0.304265
-0.304263
-0.304261
-0.304259
-0.304257
-0.304255
-0.304252
-0.30425
-0.304248
-0.304246
-0.304244
-0.304242
-0.30424
-0.304238
-0.304236
-0.304234
-0.304233
-0.304231
-0.304229
-0.304227
-0.304225
-0.304223
-0.304221
-0.30422
-0.304218
-0.304216
-0.304215
-0.304213
-0.304211
-0.304209
-0.304208
-0.304206
-0.304205
-0.304203
-0.304201
-0.3042
-0.304198
-0.304197
-0.304195
-0.304194
-0.304192
-0.304191
-0.304189
-0.304188
-0.304186
-0.304185
-0.304184
-0.304182
-0.304181
-0.304179
-0.304178
-0.304177
-0.304175
-0.304174
-0.304173
-0.304172
-0.30417
-0.304169
-0.304168
-0.304167
-0.304165
-0.304164
-0.304163
-0.304162
-0.304161
-0.304159
-0.304158
-0.304157
-0.304156
-0.304155
-0.304154
-0.304153
-0.304152
-0.304151
-0.30415
-0.304149
-0.304148
-0.304146
-0.304145
-0.304144
-0.304143
-0.304142
-0.304142
-0.304141
-0.30414
-0.304139
-0.304138
-0.304137
-0.304136
-0.304135
-0.304134
-0.304133
-0.304132
-0.304131
-0.304131
-0.30413
-0.304129
-0.304128
-0.304127
-0.304126
-0.304126
-0.304125
-0.304124
-0.304123
-0.304122
-0.304122
-0.304121
-0.30412
-0.304119
-0.304119
-0.304118
-0.304117
-0.304116
-0.304116
-0.304115
-0.304114
-0.304114
-0.304113
-0.304112
-0.304112
-0.304111
-0.30411
-0.30411
-0.304109
-0.304108
-0.304108
-0.304107
-0.304107
-0.304106
-0.304105
-0.304105
-0.304104
-0.304104
-0.304103
-0.304102
-0.304102
-0.304101
-0.304101
-0.3041
-0.3041
-0.304099
-0.304098
-0.304098
-0.304097
-0.304097
-0.304096
-0.304096
-0.304095
-0.304095
-0.304094
-0.304094
-0.304093
-0.304093
-0.304092
-0.304092
-0.304092
-0.304091
-0.304091
-0.30409
-0.30409
-0.304089
-0.304089
-0.304088
-0.304088
-0.304088
-0.304087
-0.304087
-0.304086
-0.304086
-0.304085
-0.304085
-0.304085
-0.304084
-0.304084
-0.304084
-0.304083
-0.304083
-0.304082
-0.304082
-0.304082
-0.304081
-0.304081
-0.304081
-0.30408
-0.30408
-0.30408
-0.304079
-0.304079
-0.304079
-0.304078
-0.304078
-0.304078
-0.304077
-0.304077
-0.304077
-0.304076
-0.304076
-0.304076
-0.304075
-0.304075
-0.304075
-0.304074
-0.304074
-0.304074
-0.304074
-0.304073
-0.304073
-0.304073
-0.304072
-0.304072
-0.304072
-0.304072
-0.304071
-0.304071
-0.304071
-0.304071
-0.30407
-0.30407
-0.30407
-0.30407
-0.304069
-0.304069
-0.304069
-0.304069
-0.304068
-0.304068
-0.304068
-0.304068
-0.304068
-0.304067
-0.304067
-0.304067
-0.304067
-0.304066
-0.304066
-0.304066
-0.304066
-0.304066
-0.304065
-0.304065
-0.304065
-0.304065
-0.304065
-0.304064
-0.304064
-0.304064
-0.304064
-0.304064
-0.304064
-0.304063
-0.304063
-0.304063
-0.304063
-0.304063
-0.304062
-0.304062
-0.304062
-0.304062
-0.304062
-0.304062
-0.304061
-0.304061
-0.304061
-0.304061
-0.304061
-0.304061
-0.304061
-0.30406
-0.30406
-0.30406
-0.30406
-0.30406
-0.30406
-0.30406
-0.304059
-0.304059
-0.304059
-0.304059
-0.304059
-0.304059
-0.304059
-0.304058
-0.304058
-0.304058
-0.304058
-0.304058
-0.304058
-0.304058
-0.304058
-0.304057
-0.304057
-0.304057
-0.304057
-0.304057
-0.304057
-0.304057
-0.304057
-0.304056
-0.304056
-0.304056
-0.304056
-0.304056
-0.304056
-0.304056
-0.304056
-0.304056
-0.304056
-0.304055
-0.304055
-0.304055
-0.304055
-0.304055
-0.304055
-0.304055
-0.304055
-0.304055
-0.304055
-0.304054
-0.304054
-0.304054
-0.304054
-0.304054
-0.304054
-0.304054
-0.304054
-0.304054
-0.304054
-0.304054
-0.304053
-0.304053
-0.304053
-0.304053
-0.304053
-0.304053
-0.304053
-0.304053
-0.304053
-0.304053
-0.304053
-0.304053
-0.304053
-0.304052
-0.304052
-0.304052
-0.304052
-0.304052
-0.304052
-0.304052
-0.304052
-0.304052
-0.304052
-0.304052
-0.304052
-0.304052
-0.304052
-0.304052
-0.304051
-0.304051
-0.304051
-0.304051
-0.304051
-0.304051
-0.304051
-0.304051
-0.304051
-0.304051
-0.304051
-0.304051
-0.304051
-0.304051
-0.304051
-0.304051
-0.304051
-0.304051
-0.30405
-0.30405
-0.30405
-0.30405
-0.30405
-0.30405
-0.30405
-0.30405
-0.30405
-0.30405
-0.30405
-0.30405
-0.30405
-0.30405
-0.30405
-0.30405
-0.30405
-0.30405
-0.30405
-0.30405
-0.30405
-0.30405
-0.304049
-0.304049
-0.304049
-0.304049
-0.304049
-0.304049
-0.304049
-0.304049
-0.304049
-0.304049
-0.304049
-0.304049
-0.304049
-0.304049
-0.304049
-0.304049
-0.304049
-0.304049
-0.304049
-0.304049
-0.304049
-0.304049
-0.304049
-0.304049
-0.304049
-0.304049
-0.304049
-0.304049
-0.304048
-0.304048
-0.304048
-0.304048
-0.304048
-0.304048
-0.304048
-0.304048
-0.304048
-0.304048
-0.304048
-0.304048
-0.304048
-0.304048
-0.304048
-0.304048
-0.304048
-0.304048
-0.304048
-0.304048
-0.304048
-0.304048
-0.304048
-0.304048
-0.304048
-0.304048
-0.304048
-0.304048
-0.304048
-0.304048
-0.304048
-0.304048
-0.304048
-0.304048
-0.304048
-0.304048
-0.304048
-0.304048
-0.304048
-0.304048
-0.304048
-0.304047
-0.304047
-0.304047
-0.304047
-0.304047
-0.304047
-0.304047
-0.304047
-0.304047
-0.304047
-0.304047
-0.304047
-0.304047
-0.304047
-0.304047
-0.304047
-0.304047
-0.304047
-0.304047
-0.304047
-0.304047
-0.304047
-0.304047
-0.304047
-0.304047
-0.304047
-0.304047
-0.304047
-0.304047
-0.304047
-0.304047
-0.304047
-0.304047
-0.304047
-0.304047
-0.304047
-0.304047
-0.304047
-0.304047
-0.304047
-0.304047
-0.304047
-0.304047
-0.304047
-0.304047
-0.304047
-0.304047
-0.304047
-0.304047
-0.304047
-0.304047
-0.304047
-0.304047
-0.304047
-0.304047
-0.304047
-0.304047
-0.304047
-0.304047
-0.304047
-0.304047
-0.304047
-0.304047
-0.304047
-0.304047
-0.304047
-0.304047
-0.304047
-0.304047
-0.304047
-0.304046
-0.304046
-0.304046
-0.304046
-0.304046
-0.304046
-0.304046
-0.304046
-0.304046
-0.304046
-0.304046
-0.304046
-0.304046
-0.304046
-0.304046
-0.304046
-0.304046
-0.304046
-0.304046
-0.304046
-0.304046
-0.304046
-0.304046
-0.304046
-0.304046
-0.304046
-0.304046
-0.304046
-0.304046
-0.304046
-0.304046
-0.304046
-0.304046
-0.304046
-0.304046
-0.304046
-0.304046
-0.304046
-0.304046
-0.304046
-0.304046
-0.304046
-0.304046
-0.304046
-0.304046
-0.304046
-0.304046
-0.304046
-0.304046
-0.304046
-0.304046
-0.304046
-0.304046
-0.304046
-0.304046
-0.304046
-0.304046
-0.304046
-0.304046
-0.304046
-0.304046
-0.304046
-0.304046
-0.304046
-0.304046
-0.304046
-0.304046
-0.304046
-0.304046
-0.304046
-0.304046
-0.304046
-0.304046
-0.304046
-0.304046
-0.304046
-0.304046
-0.304046
-0.304046
-0.304046
-0.304046
-0.304046
-0.304046
-0.304046
-0.304046
-0.304046
-0.304046
-0.304046
-0.304046
-0.304046
-0.304046
-0.304046
-0.304046
-0.304046
-0.304046
-0.304046
-0.304046
-0.304046
-0.304046
-0.304046
-0.304046
-0.304046
-0.304046
-0.304046
-0.304046
-0.304046
-0.304046
-0.304046
-0.304046
-0.304046
-0.304046
-0.304046
-0.304046
-0.304046
-0.304046
-0.304046
-0.304046
-0.304046
-0.304046
-0.304046
-0.304046
-0.304046
-0.304046
-0.304046
-0.304046
-0.304046
-0.304046
-0.304046
-0.304046
-0.304046
-0.304046
-0.304046
-0.304046
-0.304046
-0.304046
-0.304046
-0.304046
-0.304046
-0.304046
-0.304046
-0.304046
-0.304046
-0.304046
-0.304046
-0.304046
-0.304046
-0.304046
-0.304046
-0.304046
-0.304046
-0.304046
-0.304046
-0.304046
-0.304046
-0.304046
-0.304046
-0.304046
-0.304046
-0.304046
-0.304046
-0.304046
-0.304046
-0.304046
-0.304046
-0.304046
-0.304046
-0.304046
-0.304046
-0.304046
-0.304046
-0.304046
-0.304046
-0.304046
-0.304046
-0.304046
-0.304046
-0.304046
-0.304046
-0.304046
-0.304046
-0.304046
-0.304046
-0.304046
-0.304046
-0.304046
-0.304046
-0.304046
-0.304046
-0.304046
-0.304046
-0.304046
-0.304046
-0.304046
-0.304046
-0.304046
-0.304046
-0.304046
-0.304046
-0.304046
-0.304046
-0.304046
-0.304046
-0.304046
-0.304046
-0.304046
-0.304046
-0.304046
-0.304046
-0.304046
-0.304046
-0.304046
-0.304046
-0.304046
-0.304046
-0.304046
-0.304046
-0.304046
-0.304046
-0.304046
-0.304046
-0.304046
-0.304046
-0.304046
-0.304046
-0.304046
-0.304046
-0.304046
-0.304046
-0.304046
-0.304046
-0.304046
-0.304046
-0.304046
-0.304046
-0.304046
-0.304046
-0.304046
-0.304046
-0.304046
-0.304046
-0.304046
-0.304046
-0.304046
-0.304046
-0.304046
-0.304046
-0.304046
-0.304046
-0.304046
-0.304046
-0.304046
-0.304046
-0.304046
-0.304046
-0.304046
-0.304046
-0.304046
-0.304046
-0.304046
-0.304046
-0.304046
-0.304045
-0.304045
-0.304045
-0.304045
-0.304045
-0.304045
-0.304045
-0.304045
-0.304045
-0.304045
-0.304045
-0.304045
-0.304045
-0.304045
-0.304045
-0.304045
-0.304045
-0.304045
-0.304045
-0.304045
-0.304045
-0.304045
-0.304045
-0.304045
-0.304045
-0.304045
-0.304045
-0.304045
-0.304045
-0.304045
-0.304045
-0.304045
-0.304045
-0.304045
-0.304045
-0.304045
-0.304045
-0.304045
-0.304045
-0.304045
-0.304045
-0.304045
-0.304045
-0.304045
-0.304045
-0.304045
-0.304045
-0.304045
-0.304045
-0.304045
-0.304045
-0.304045
-0.304045
-0.304045
-0.304045
-0.304045
-0.304045
-0.304045
-0.304045
-0.304045
-0.304045
-0.304045
-0.304045
-0.304045
-0.304045
-0.304045
-0.304045
-0.304045
-0.304045
-0.304045
-0.304045
-0.304045
-0.304045
-0.304045
-0.304045
-0.304045
-0.304045
-0.304045
-0.304045
-0.304045
-0.304045
-0.304045
-0.304045
-0.304045
-0.304045
-0.304045
-0.304045
-0.304045
-0.304045
-0.304045
-0.304045
-0.304045
-0.304045
-0.304045
-0.304045
-0.304045
-0.304045
-0.304045
-0.304045
-0.304045
-0.304045
-0.304045
-0.304045
-0.304045
-0.304045
-0.304045
-0.304045
-0.304045
-0.304045
-0.304045
-0.304045
-0.304045
-0.304045
-0.304045
-0.304045
-0.304045
-0.304045
-0.304045
-0.304045
-0.304045
-0.304045
-0.304045
-0.304045
-0.304045
-0.304045
-0.304045
-0.304045
-0.304045
-0.304045
-0.304045
-0.304045
-0.304045
-0.304045
-0.304045
-0.304045
-0.304045
-0.304045
-0.304045
-0.304045
-0.304045
-0.304045
-0.304045
-0.304045
-0.304045
-0.304045
-0.304045
-0.304045
-0.304045
-0.304045
-0.304045
-0.304045
-0.304045
-0.304045
-0.304045
-0.304045
-0.304045
-0.304045
-0.304045
-0.304045
-0.304045
-0.304045
-0.304045
-0.304045
-0.304045
-0.304045
-0.304045
-0.304045
-0.304045
-0.304045
-0.304045
-0.304045
-0.304045
-0.304045
-0.304045
-0.304045
-0.304045
-0.304045
-0.304045
-0.304045
-0.304045
-0.304045
-0.304045
-0.304045
-0.304045
-0.304045
-0.304045
-0.304045
-0.304045
-0.304045
-0.304045
-0.304045
-0.304045
-0.304045
-0.304045
-0.304045
-0.304045
-0.304045
-0.304045
-0.304045
-0.304045
-0.304045
-0.304045
-0.304045
-0.304045
-0.304045
-0.304045
-0.304045
-0.304045
-0.304045
-0.304045
-0.304045
-0.304045
-0.304045
-0.304045
-0.304045
-0.304045
-0.304045
-0.304045
-0.304045
-0.304045
-0.304045
-0.304045
-0.304045
-0.304045
-0.304045
-0.304045
-0.304045
-0.304045
-0.304045
-0.304045
-0.304045
-0.304045
-0.304045
-0.304045
-0.304045
-0.304045
-0.304045
-0.304045
-0.304045
-0.304045
-0.304045
-0.304045
-0.304045
-0.304045
-0.304045
-0.304045
-0.304045
-0.304045
-0.304045
-0.304045
-0.304045
-0.304045
-0.304045
-0.304045
-0.304045
-0.304045
-0.304045
-0.304045
-0.304045
-0.304045
-0.304045
-0.304045
-0.304045
-0.304045
-0.304045
-0.304045
-0.304045
-0.304045
-0.304045
-0.304045
-0.304045
-0.304045
-0.304045
-0.304045
-0.304045
-0.304045
-0.304045
-0.304045
-0.304045
-0.304045
-0.304045
-0.304045
-0.304045
-0.304045
-0.304045
-0.304045
-0.304045
-0.304045
-0.304045
-0.304045
-0.304045
-0.304045
-0.304045
-0.304045
-0.304045
-0.304045
-0.304045
-0.304045
-0.304045
-0.304045
-0.304045
-0.304045
-0.304045
-0.304045
-0.304045
-0.304045
-0.304045
-0.304045
-0.304045
-0.304045
-0.304045
-0.304045
-0.304045
-0.304045
-0.304045
-0.304045
-0.304045
-0.304045
-0.304045
-0.304045
-0.304045
-0.304045
-0.304045
-0.304045
-0.304045
-0.304045
-0.304045
-0.304045
-0.304045
-0.304045
-0.304045
-0.304045
-0.304045
-0.304045
-0.304045
-0.304045
-0.304045
-0.304045
-0.304045
-0.304045
-0.304045
-0.304045
-0.304045
-0.304045
-0.304045
-0.304045
-0.304045
-0.304045
-0.304045
-0.304045
-0.304045
-0.304045
-0.304045
-0.304045
-0.304045
-0.304045
-0.304045
-0.304045
-0.304045
-0.304045
-0.304045
-0.304045
-0.304045
-0.304045
-0.304045
-0.304045
-0.304045
-0.304045
-0.304045
-0.304045
-0.304045
-0.304045
-0.304045
-0.304045
-0.304045
-0.304045
-0.304045
-0.304045
-0.304045
-0.304045
-0.304045
-0.304045
-0.304045
-0.304045
-0.304045
-0.304045
-0.304045
-0.304045
-0.304045
-0.304045
-0.304045
-0.304045
-0.304045
-0.304045
-0.304045
-0.304045
-0.304045
-0.304045
-0.304045
-0.304045
-0.304045
-0.304045
-0.304045
-0.304045
-0.304045
-0.304045
-0.304045
-0.304045
-0.304045
-0.304045
-0.304045
-0.304045
-0.304045
-0.304045
-0.304045
-0.304045
-0.304045
-0.304045
-0.304045
-0.304045
-0.304045
-0.304045
-0.304045
-0.304045
-0.304045
-0.304045
-0.304045
-0.304045
-0.304045
-0.304045
-0.304045
-0.304045
-0.304045
-0.304045
-0.304045
-0.304045
-0.304045
-0.304045
-0.304045
-0.304045
-0.304045
-0.304045
-0.304045
-0.304045
-0.304045
-0.304045
-0.304045
-0.304045
-0.304045
-0.304045
-0.304045
-0.304045
-0.304045
-0.304045
-0.304045
-0.304045
-0.304045
-0.304045
-0.304045
-0.304045
-0.304045
-0.304045
-0.304045
-0.304045
-0.304045
-0.304045
-0.304045
-0.304045
-0.304045
-0.304045
-0.304045
-0.304045
-0.304045
-0.304045
-0.304045
-0.304045
-0.304045
-0.304045
-0.304045
-0.304045
-0.304045
-0.304045
-0.304045
-0.304045
-0.304045
-0.304045
-0.304045
-0.304045
-0.304045
-0.304045
-0.304045
-0.304045
-0.304045
-0.304045
-0.304045
-0.304045
-0.304045
-0.304045
-0.304045
-0.304045
-0.304045
-0.304045
-0.304045
-0.304045
-0.304045
-0.304045
-0.304045
-0.304045
-0.304045
-0.304045
-0.304045
-0.304045
-0.304045
-0.304045
-0.304045
-0.304045
-0.304045
-0.304045
-0.304045
-0.304045
-0.304045
-0.304045
-0.304045
-0.304045
-0.304045
-0.304045
-0.304045
-0.304045
-0.304045
-0.304045
-0.304045
-0.304045
-0.304045
-0.304045
-0.304045
-0.304045
-0.304045
-0.304045
-0.304045
-0.304045
-0.304045
-0.304045
-0.304045
-0.304045
-0.304045
-0.304045
-0.304045
-0.304045
-0.304045
-0.304045
-0.304045
-0.304045
-0.304045
-0.304045
-0.304045
-0.304045
-0.304045
-0.304045
-0.304045
-0.304045
-0.304045
-0.304045
-0.304045
-0.304045
-0.304045
-0.304045
-0.304045
-0.304045
-0.304045
-0.304045
-0.304045
-0.304045
-0.304045
-0.304045
-0.304045
-0.304045
-0.304045
-0.304045
-0.304045
-0.304045
-0.304045
-0.304045
-0.304045
-0.304045
-0.304045
-0.304045
-0.304045
-0.304045
-0.304045
-0.304045
-0.304045
-0.304045
-0.304045
-0.304045
-0.304045
-0.304045
-0.304045
-0.304045
-0.304045
-0.304045
-0.304045
-0.304045
-0.304045
-0.304045
-0.304045
-0.304045
-0.304045
-0.304045
-0.304045
-0.304045
-0.304045
-0.304045
-0.304045
-0.304045
-0.304045
-0.304045
-0.304045
-0.304045
-0.304045
-0.304045
-0.304045
-0.304045
-0.304045
-0.304045
-0.304045
-0.304045
-0.304045
-0.304045
-0.304045
-0.304045
-0.304045
-0.304045
-0.304045
-0.304045
-0.304045
-0.304045
-0.304045
-0.304045
-0.304045
-0.304045
-0.304045
-0.304045
-0.304045
-0.304045
-0.304045
-0.304045
-0.304045
-0.304045
-0.304045
-0.304045
-0.304045
-0.304045
-0.304045
-0.304045
-0.304045
-0.304045
-0.304045
-0.304045
-0.304045
-0.304045
-0.304045
-0.304045
-0.304045
-0.304045
-0.304045
-0.304045
-0.304045
-0.304045
-0.304045
-0.304045
-0.304045
-0.304045
-0.304045
-0.304045
-0.304045
-0.304045
-0.304045
-0.304045
-0.304045
-0.304045
-0.304045
-0.304045
-0.304045
-0.304045
-0.304045
-0.304045
-0.304045
-0.304045
-0.304045
-0.304045
-0.304045
-0.304045
-0.304045
-0.304045
-0.304045
-0.304045
-0.304045
-0.304045
-0.304045
-0.304045
-0.304045
-0.304045
-0.304045
-0.304045
-0.304045
-0.304045
-0.304045
-0.304045
-0.304045
-0.304045
-0.304045
-0.304045
-0.304045
-0.304045
-0.304045
-0.304045
-0.304045
-0.304045
-0.304045
-0.304045
-0.304045
-0.304045
-0.304045
-0.304045
-0.304045
-0.304045
-0.304045
-0.304045
-0.304045
-0.304045
-0.304045
-0.304045
-0.304045
-0.304045
-0.304045
-0.304045
-0.304045
-0.304045
-0.304045
-0.304045
-0.304045
-0.304045
-0.304045
-0.304045
-0.304045
-0.304045
-0.304045
-0.304045
-0.304045
-0.304045
-0.304045
-0.304045
-0.304045
-0.304045
-0.304045
-0.304045
-0.304045
-0.304045
-0.304045
-0.304045
-0.304045
-0.304045
-0.304045
-0.304045
-0.304045
-0.304045
-0.304045
-0.304045
-0.304045
-0.304045
-0.304045
-0.304045
-0.304045
-0.304045
-0.304045
-0.304045
-0.304045
-0.304045
-0.304045
-0.304045
-0.304045
-0.304045
-0.304045
-0.304045
-0.304045
-0.304045
-0.304045
-0.304045
-0.304045
-0.304045
-0.304045
-0.304045
-0.304045
-0.304045
-0.304045
-0.304045
-0.304045
-0.304045
-0.304045
-0.304045
-0.304045
-0.304045
-0.304045
-0.304045
-0.304045
-0.304045
-0.304045
-0.304045
-0.304045
-0.304045
-0.304045
-0.304045
-0.304045
-0.304045
-0.304045
-0.304045
-0.304045
-0.304045
-0.304045
-0.304045
-0.304045
-0.304045
-0.304045
-0.304045
-0.304045
-0.304045
-0.304045
-0.304045
-0.304045
-0.304045
-0.304045
-0.304045
-0.304045
-0.304045
-0.304045
-0.304045
-0.304045
-0.304045
-0.304045
-0.304045
-0.304045
-0.304045
-0.304045
-0.304045
-0.304045
-0.304045
-0.304045
-0.304045
-0.304045
-0.304045
-0.304045
-0.304045
-0.304045
-0.304045
-0.304045
-0.304045
-0.304045
-0.304045
-0.304045
-0.304045
-0.304045
-0.304045
-0.304045
-0.304045
-0.304045
-0.304045
-0.304045
-0.304045
-0.304045
-0.304045
-0.304045
-0.304045
-0.304045
-0.304045
-0.304045
-0.304045
-0.304045
-0.304045
-0.304045
-0.304045
-0.304045
-0.304045
-0.304045
-0.304045
-0.304045
-0.304045
-0.304045
-0.304045
-0.304045
-0.304045
-0.304045
-0.304045
-0.304045
-0.304045
-0.304045
-0.304045
-0.304045
-0.304045
-0.304045
-0.304045
-0.304045
-0.304045
-0.304045
-0.304045
-0.304045
-0.304045
-0.304045
-0.304045
-0.304045
-0.304045
-0.304045
-0.304045
-0.304045
-0.304045
-0.304045
-0.304045
-0.304045
-0.304045
-0.304045
-0.304045
-0.304045
-0.304045
-0.304045
-0.304045
-0.304045
-0.304045
-0.304045
-0.304045
-0.304045
-0.304045
-0.304045
-0.304045
-0.304045
-0.304045
-0.304045
-0.304045
-0.304045
-0.304045
-0.304045
-0.304045
-0.304045
-0.304045
-0.304045
-0.304045
-0.304045
-0.304045
-0.304045
-0.304045
-0.304045
-0.304045
-0.304045
-0.304045
-0.304045
-0.304045
-0.304045
-0.304045
-0.304045
-0.304045
-0.304045
-0.304045
-0.304045
-0.304045
-0.304045
-0.304045
-0.304045
-0.304045
-0.304045
-0.304045
-0.304045
-0.304045
-0.304045
-0.304045
-0.304045
-0.304045
-0.304045
-0.304045
-0.304045
-0.304045
-0.304045
-0.304045
-0.304045
-0.304045
-0.304045
-0.304045
-0.304045
-0.304045
-0.304045
-0.304045
-0.304045
-0.304045
-0.304045
-0.304045
-0.304045
-0.304045
-0.304045
-0.304045
-0.304045
-0.304045
-0.304045
-0.304045
-0.304045
-0.304045
-0.304045
-0.304045
-0.304045
-0.304045
-0.304045
-0.304045
-0.304045
-0.304045
-0.304045
-0.304045
-0.304045
-0.304045
-0.304045
-0.304045
-0.304045
-0.304045
-0.304045
-0.304045
-0.304045
-0.304045
-0.304045
-0.304045
-0.304045
-0.304045
-0.304045
-0.304045
-0.304045
-0.304045
-0.304045
-0.304045
-0.304045
-0.304045
-0.304045
-0.304045
-0.304045
-0.304045
-0.304045
-0.304045
-0.304045
-0.304045
-0.304045
-0.304045
-0.304045
-0.304045
-0.304045
-0.304045
-0.304045
-0.304045
-0.304045
-0.304045
-0.304045
-0.304045
-0.304045
-0.304045
-0.304045
-0.304045
-0.304045
-0.304045
-0.304045
-0.304045
-0.304045
-0.304045
-0.304045
-0.304045
-0.304045
-0.304045
-0.304045
-0.304045
-0.304045
-0.304045
-0.304045
-0.304045
-0.304045
-0.304045
-0.304045
-0.304045
-0.304045
-0.304045
-0.304045
-0.304045
-0.304045
-0.304045
-0.304045
-0.304045
-0.304045
-0.304045
-0.304045
-0.304045
-0.304045
-0.304045
-0.304045
-0.304045
-0.304045
-0.304045
-0.304045
-0.304045
-0.304045
-0.304045
-0.304045
-0.304045
-0.304045
-0.304045
-0.304045
-0.304045
-0.304045
-0.304045
-0.304045
-0.304045
-0.304045
-0.304045
-0.304045
-0.304045
-0.304045
-0.304045
-0.304045
-0.304045
-0.304045
-0.304045
-0.304045
-0.304045
-0.304045
-0.304045
-0.304045
-0.304045
-0.304045
-0.304045
-0.304045
-0.304045
-0.304045
-0.304045
-0.304045
-0.304045
-0.304045
-0.304045
-0.304045
-0.304045
-0.304045
-0.304045
-0.304045
-0.304045
-0.304045
-0.304045
-0.304045
-0.304045
-0.304045
-0.304045
-0.304045
-0.304045
-0.304045
-0.304045
-0.304045
-0.304045
-0.304045
-0.304045
-0.304045
-0.304045
-0.304045
-0.304045
-0.304045
-0.304045
-0.304045
-0.304045
-0.304045
-0.304045
-0.304045
-0.304045
-0.304045
-0.304045
-0.304045
-0.304045
-0.304045
-0.304045
-0.304045
-0.304045
-0.304045
-0.304045
-0.304045
-0.304045
-0.304045
-0.304045
-0.304045
-0.304045
-0.304045
-0.304045
-0.304045
-0.304045
-0.304045
-0.304045
-0.304045
-0.304045
-0.304045
-0.304045
-0.304045
-0.304045
-0.304045
-0.304045
-0.304045
-0.304045
-0.304045
-0.304045
-0.304045
-0.304045
-0.304045
-0.304045
-0.304045
-0.304045
-0.304045
-0.304045
-0.304045
-0.304045
-0.304045
-0.304045
-0.304045
-0.304045
-0.304045
-0.304045
-0.304045
-0.304045
-0.304045
-0.304045
-0.304045
-0.304045
-0.304045
-0.304045
-0.304045
-0.304045
-0.304045
-0.304045
-0.304045
-0.304045
-0.304045
-0.304045
-0.304045
-0.304045
-0.304045
-0.304045
-0.304045
-0.304045
-0.304045
-0.304045
-0.304045
-0.304045
-0.304045
-0.304045
-0.304045
-0.304045
-0.304045
-0.304045
-0.304045
-0.304045
-0.304045
-0.304045
-0.304045
-0.304045
-0.304045
-0.304045
-0.304045
-0.304045
-0.304045
-0.304045
-0.304045
-0.304045
-0.304045
-0.304045
-0.304045
-0.304045
-0.304045
-0.304045
-0.304045
-0.304045
-0.304045
-0.304045
-0.304045
-0.304045
-0.304045
-0.304045
-0.304045
-0.304045
-0.304045
-0.304045
-0.304045
-0.304045
-0.304045
-0.304045
-0.304045
-0.304045
-0.304045
-0.304045
-0.304045
-0.304045
-0.304045
-0.304045
-0.304045
-0.304045
-0.304045
-0.304045
-0.304045
-0.304045
-0.304045
-0.304045
-0.304045
-0.304045
-0.304045
-0.304045
-0.304045
-0.304045
-0.304045
-0.304045
-0.304045
-0.304045
-0.304045
-0.304045
-0.304045
-0.304045
-0.304045
-0.304045
-0.304045
-0.304045
-0.304045
-0.304045
-0.304045
-0.304045
-0.304045
-0.304045
-0.304045
-0.304045
-0.304045
-0.304045
-0.304045
-0.304045
-0.304045
-0.304045
-0.304045
-0.304045
-0.304045
-0.304045
-0.304045
-0.304045
-0.304045
-0.304045
-0.304045
-0.304045
-0.304045
-0.304045
-0.304045
-0.304045
-0.304045
-0.304045
-0.304045
-0.304045
-0.304045
-0.304045
-0.304045
-0.304045
-0.304045
-0.304045
-0.304045
-0.304045
-0.304045
-0.304045
-0.304045
-0.304045
-0.304045
-0.304045
-0.304045
-0.304045
-0.304045
-0.304045
-0.304045
-0.304045
-0.304045
-0.304045
-0.304045
-0.304045
-0.304045
-0.304045
-0.304045
-0.304045
-0.304045
-0.304045
-0.304045
-0.304045
-0.304045
-0.304045
-0.304045
-0.304045
-0.304045
-0.304045
-0.304045
-0.304045
-0.304045
-0.304045
-0.304045
-0.304045
-0.304045
-0.304045
-0.304045
-0.304045
-0.304045
-0.304045
-0.304045
-0.304045
-0.304045
-0.304045
-0.304045
-0.304045
-0.304045
-0.304045
-0.304045
-0.304045
-0.304045
-0.304045
-0.304045
-0.304045
-0.304045
-0.304045
-0.304045
-0.304045
-0.304045
-0.304045
-0.304045
-0.304045
-0.304045
-0.304045
-0.304045
-0.304045
-0.304045
-0.304045
-0.304045
-0.304045
-0.304045
-0.304045
-0.304045
-0.304045
-0.304045
-0.304045
-0.304045
-0.304045
-0.304045
-0.304045
-0.304045
-0.304045
-0.304045
-0.304045
-0.304045
-0.304045
-0.304045
-0.304045
-0.304045
-0.304045
-0.304045
-0.304045
-0.304045
-0.304045
-0.304045
-0.304045
-0.304045
-0.304045
-0.304045
-0.304045
-0.304045
-0.304045
-0.304045
-0.304045
-0.304045
-0.304045
-0.304045
-0.304045
-0.304045
-0.304045
-0.304045
-0.304045
-0.304045
-0.304045
-0.304045
-0.304045
-0.304045
-0.304045
-0.304045
-0.304045
-0.304045
-0.304045
-0.304045
-0.304045
-0.304045
-0.304045
-0.304045
-0.304045
-0.304045
-0.304045
-0.304045
-0.304045
-0.304045
-0.304045
-0.304045
-0.304045
-0.304045
-0.304045
-0.304045
-0.304045
-0.304045
-0.304045
-0.304045
-0.304045
-0.304045
-0.304045
-0.304045
-0.304045
-0.304045
-0.304045
-0.304045
-0.304045
-0.304045
-0.304045
-0.304045
-0.304045
-0.304045
-0.304045
-0.304045
-0.304045
-0.304045
-0.304045
-0.304045
-0.304045
-0.304045
-0.304045
-0.304045
-0.304045
-0.304045
-0.304045
-0.304045
-0.304045
-0.304045
-0.304045
-0.304045
-0.304045
-0.304045
-0.304045
-0.304045
-0.304045
-0.304045
-0.304045
-0.304045
-0.304045
-0.304045
-0.304045
-0.304045
-0.304045
-0.304045
-0.304045
-0.304045
-0.304045
-0.304045
-0.304045
-0.304045
-0.304045
-0.304045
-0.304045
-0.304045
-0.304045
-0.304045
-0.304045
-0.304045
-0.304045
-0.304045
-0.304045
-0.304045
-0.304045
-0.304045
-0.304045
-0.304045
-0.304045
-0.304045
-0.304045
-0.304045
-0.304045
-0.304045
-0.304045
-0.304045
-0.304045
-0.304045
-0.304045
-0.304045
-0.304045
-0.304045
-0.304045
-0.304045
-0.304045
-0.304045
-0.304045
-0.304045
-0.304045
-0.304045
-0.304045
-0.304045
-0.304045
-0.304045
-0.304045
-0.304045
-0.304045
-0.304045
-0.304045
-0.304045
-0.304045
-0.304045
-0.304045
-0.304045
-0.304045
-0.304045
-0.304045
-0.304045
-0.304045
-0.304045
-0.304045
-0.304045
-0.304045
-0.304045
-0.304045
-0.304045
-0.304045
-0.304045
-0.304045
-0.304045
-0.304045
-0.304045
-0.304045
-0.304045
-0.304045
-0.304045
-0.304045
-0.304045
-0.304045
-0.304045
-0.304045
-0.304045
-0.304045
-0.304045
-0.304045
-0.304045
-0.304045
-0.304045
-0.304045
-0.304045
-0.304045
-0.304045
-0.304045
-0.304045
-0.304045
-0.304045
-0.304045
-0.304045
-0.304045
-0.304045
-0.304045
-0.304045
-0.304045
-0.304045
-0.304045
-0.304045
-0.304045
-0.304045
-0.304045
-0.304045
-0.304045
-0.304045
-0.304045
-0.304045
-0.304045
-0.304045
-0.304045
-0.304045
-0.304045
-0.304045
-0.304045
-0.304045
-0.304045
-0.304045
-0.304045
-0.304045
-0.304045
-0.304045
-0.304045
-0.304045
-0.304045
-0.304045
-0.304045
-0.304045
-0.304045
-0.304045
-0.304045
-0.304045
-0.304045
-0.304045
-0.304045
-0.304045
-0.304045
-0.304045
-0.304045
-0.304045
-0.304045
-0.304045
-0.304045
-0.304045
-0.304045
-0.304045
-0.304045
-0.304045
-0.304045
-0.304045
-0.304045
-0.304045
-0.304045
-0.304045
-0.304045
-0.304045
-0.304045
-0.304045
-0.304045
-0.304045
-0.304045
-0.304045
-0.304045
-0.304045
-0.304045
-0.304045
-0.304045
-0.304045
-0.304045
-0.304045
-0.304045
-0.304045
-0.304045
-0.304045
-0.304045
-0.304045
-0.304045
-0.304045
-0.304045
-0.304045
-0.304045
-0.304045
-0.304045
-0.304045
-0.304045
-0.304045
-0.304045
-0.304045
-0.304045
-0.304045
-0.304045
-0.304045
-0.304045
-0.304045
-0.304045
-0.304045
-0.304045
-0.304045
-0.304045
-0.304045
-0.304045
-0.304045
-0.304045
-0.304045
-0.304045
-0.304045
-0.304045
-0.304045
-0.304045
-0.304045
-0.304045
-0.304045
-0.304045
-0.304045
-0.304045
-0.304045
-0.304045
-0.304045
-0.304045
-0.304045
-0.304045
-0.304045
-0.304045
-0.304045
-0.304045
-0.304045
-0.304045
-0.304045
-0.304045
-0.304045
-0.304045
-0.304045
-0.304045
-0.304045
-0.304045
-0.304045
-0.304045
-0.304045
-0.304045
-0.304045
-0.304045
-0.304045
-0.304045
-0.304045
-0.304045
-0.304045
-0.304045
-0.304045
-0.304045
-0.304045
-0.304045
-0.304045
-0.304045
-0.304045
-0.304045
-0.304045
-0.304045
-0.304045
-0.304045
-0.304045
-0.304045
-0.304045
-0.304045
-0.304045
-0.304045
-0.304045
-0.304045
-0.304045
-0.304045
-0.304045
-0.304045
-0.304045
-0.304045
-0.304045
-0.304045
-0.304045
-0.304045
-0.304045
-0.304045
-0.304045
-0.304045
-0.304045
-0.304045
-0.304045
-0.304045
-0.304045
-0.304045
-0.304045
-0.304045
-0.304045
-0.304045
-0.304045
-0.304045
-0.304045
-0.304045
-0.304045
-0.304045
-0.304045
-0.304045
-0.304045
-0.304045
-0.304045
-0.304045
-0.304045
-0.304045
-0.304045
-0.304045
-0.304045
-0.304045
-0.304045
-0.304045
-0.304045
-0.304045
-0.304045
-0.304045
-0.304045
-0.304045
-0.304045
-0.304045
-0.304045
-0.304045
-0.304045
-0.304045
-0.304045
-0.304045
-0.304045
-0.304045
-0.304045
-0.304045
-0.304045
-0.304045
-0.304045
-0.304045
-0.304045
-0.304045
-0.304045
-0.304045
-0.304045
-0.304045
-0.304045
-0.304045
-0.304045
-0.304045
-0.304045
-0.304045
-0.304045
-0.304045
-0.304045
-0.304045
-0.304045
-0.304045
-0.304045
-0.304045
-0.304045
-0.304045
-0.304045
-0.304045
-0.304045
-0.304045
-0.304045
-0.304045
-0.304045
-0.304045
-0.304045
-0.304045
-0.304045
-0.304045
-0.304045
-0.304045
-0.304045
-0.304045
-0.304045
-0.304045
-0.304045
-0.304045
-0.304045
-0.304045
-0.304045
-0.304045
-0.304045
-0.304045
-0.304045
-0.304045
-0.304045
-0.304045
-0.304045
-0.304045
-0.304045
-0.304045
-0.304045
-0.304045
-0.304045
-0.304045
-0.304045
-0.304045
-0.304045
-0.304045
-0.304045
-0.304045
-0.304045
-0.304045
-0.304045
-0.304045
-0.304045
-0.304045
-0.304045
-0.304045
-0.304045
-0.304045
-0.304045
-0.304045
-0.304045
-0.304045
-0.304045
-0.304045
-0.304045
-0.304045
-0.304045
-0.304045
-0.304045
-0.304045
-0.304045
-0.304045
-0.304045
-0.304045
-0.304045
-0.304045
-0.304045
-0.304045
-0.304045
-0.304045
-0.304045
-0.304045
-0.304045
-0.304045
-0.304045
-0.304045
-0.304045
-0.304045
-0.304045
-0.304045
-0.304045
-0.304045
-0.304045
-0.304045
-0.304045
-0.304045
-0.304045
-0.304045
-0.304045
-0.304045
-0.304045
-0.304045
-0.304045
-0.304045
-0.304045
-0.304045
-0.304045
-0.304045
-0.304045
-0.304045
-0.304045
-0.304045
-0.304045
-0.304045
-0.304045
-0.304045
-0.304045
-0.304045
-0.304045
-0.304045
-0.304045
-0.304045
-0.304045
-0.304045
-0.304045
-0.304045
-0.304045
-0.304045
-0.304045
-0.304045
-0.304045
-0.304045
-0.304045
-0.304045
-0.304045
-0.304045
-0.304045
-0.304045
-0.304045
-0.304045
-0.304045
-0.304045
-0.304045
-0.304045
-0.304045
-0.304045
-0.304045
-0.304045
-0.304045
-0.304045
-0.304045
-0.304045
-0.304045
-0.304045
-0.304045
-0.304045
-0.304045
-0.304045
-0.304045
-0.304045
-0.304045
-0.304045
-0.304045
-0.304045
-0.304045
-0.304045
-0.304045
-0.304045
-0.304045
-0.304045
-0.304045
-0.304045
-0.304045
-0.304045
-0.304045
-0.304045
-0.304045
-0.304045
-0.304045
-0.304045
-0.304045
-0.304045
-0.304045
-0.304045
-0.304045
-0.304045
-0.304045
-0.304045
-0.304045
-0.304045
-0.304045
-0.304045
-0.304045
-0.304045
-0.304045
-0.304045
-0.304045
-0.304045
-0.304045
-0.304045
-0.304045
-0.304045
-0.304045
-0.304045
-0.304045
-0.304045
-0.304045
-0.304045
-0.304045
-0.304045
-0.304045
-0.304045
-0.304045
-0.304045
-0.304045
-0.304045
-0.304045
-0.304045
-0.304045
-0.304045
-0.304045
-0.304045
-0.304045
-0.304045
-0.304045
-0.304045
-0.304045
-0.304045
-0.304045
-0.304045
-0.304045
-0.304045
-0.304045
-0.304045
-0.304045
-0.304045
-0.304045
-0.304045
-0.304045
-0.304045
-0.304045
-0.304045
-0.304045
-0.304045
-0.304045
-0.304045
-0.304045
-0.304045
-0.304045
-0.304045
-0.304045
-0.304045
-0.304045
-0.304045
-0.304045
-0.304045
-0.304045
-0.304045
-0.304045
-0.304045
-0.304045
-0.304045
-0.304045
-0.304045
-0.304045
-0.304045
-0.304045
-0.304045
-0.304045
-0.304045
-0.304045
-0.304045
-0.304045
-0.304045
-0.304045
-0.304045
-0.304045
-0.304045
-0.304045
-0.304045
-0.304045
-0.304045
-0.304045
-0.304045
-0.304045
-0.304045
-0.304045
-0.304045
-0.304045
-0.304045
-0.304045
-0.304045
-0.304045
-0.304045
-0.304045
-0.304045
-0.304045
-0.304045
-0.304045
-0.304045
-0.304045
-0.304045
-0.304045
-0.304045
-0.304045
-0.304045
-0.304045
-0.304045
-0.304045
-0.304045
-0.304045
-0.304045
-0.304045
-0.304045
-0.304045
-0.304045
-0.304045
-0.304045
-0.304045
-0.304045
-0.304045
-0.304045
-0.304045
-0.304045
-0.304045
-0.304045
-0.304045
-0.304045
-0.304045
-0.304045
-0.304045
-0.304045
-0.304045
-0.304045
-0.304045
-0.304045
-0.304045
-0.304045
-0.304045
-0.304045
-0.304045
-0.304045
-0.304045
-0.304045
-0.304045
-0.304045
-0.304045
-0.304045
-0.304045
-0.304045
-0.304045
-0.304045
-0.304045
-0.304045
-0.304045
-0.304045
-0.304045
-0.304045
-0.304045
-0.304045
-0.304045
-0.304045
-0.304045
-0.304045
-0.304045
-0.304045
-0.304045
-0.304045
-0.304045
-0.304045
-0.304045
-0.304045
-0.304045
-0.304045
-0.304045
-0.304045
-0.304045
-0.304045
-0.304045
-0.304045
-0.304045
-0.304045
-0.304045
-0.304045
-0.304045
-0.304045
-0.304045
-0.304045
-0.304045
-0.304045
-0.304045
-0.304045
-0.304045
-0.304045
-0.304045
-0.304045
-0.304045
-0.304045
-0.304045
-0.304045
-0.304045
-0.304045
-0.304045
-0.304045
-0.304045
-0.304045
-0.304045
-0.304045
-0.304045
-0.304045
-0.304045
-0.304045
-0.304045
-0.304045
-0.304045
-0.304045
-0.304045
-0.304045
-0.304045
-0.304045
-0.304045
-0.304045
-0.304045
-0.304045
-0.304045
-0.304045
-0.304045
-0.304045
-0.304045
-0.304045
-0.304045
-0.304045
-0.304045
-0.304045
-0.304045
-0.304045
-0.304045
-0.304045
-0.304045
-0.304045
-0.304045
-0.304045
-0.304045
-0.304045
-0.304045
-0.304045
-0.304045
-0.304045
-0.304045
-0.304045
-0.304045
-0.304045
-0.304045
-0.304045
-0.304045
-0.304045
-0.304045
-0.304045
-0.304045
-0.304045
-0.304045
-0.304045
-0.304045
-0.304045
-0.304045
-0.304045
-0.304045
-0.304045
-0.304045
-0.304045
-0.304045
-0.304045
-0.304045
-0.304045
-0.304045
-0.304045
-0.304045
-0.304045
-0.304045
-0.304045
-0.304045
-0.304045
-0.304045
-0.304045
-0.304045
-0.304045
-0.304045
-0.304045
-0.304045
-0.304045
-0.304045
-0.304045
-0.304045
-0.304045
-0.304045
-0.304045
-0.304045
-0.304045
-0.304045
-0.304045
-0.304045
-0.304045
-0.304045
-0.304045
-0.304045
-0.304045
-0.304045
-0.304045
-0.304045
-0.304045
-0.304045
-0.304045
-0.304045
-0.304045
-0.304045
-0.304045
-0.304045
-0.304045
-0.304045
-0.304045
-0.304045
-0.304045
-0.304045
-0.304045
-0.304045
-0.304045
-0.304045
-0.304045
-0.304045
-0.304045
-0.304045
-0.304045
-0.304045
-0.304045
-0.304045
-0.304045
-0.304045
-0.304045
-0.304045
-0.304045
-0.304045
-0.304045
-0.304045
-0.304045
-0.304045
-0.304045
-0.304045
-0.304045
-0.304045
-0.304045
-0.304045
-0.304045
-0.304045
-0.304045
-0.304045
-0.304045
-0.304045
-0.304045
-0.304045
-0.304045
-0.304045
-0.304045
-0.304045
-0.304045
-0.304045
-0.304045
-0.304045
-0.304045
-0.304045
-0.304045
-0.304045
-0.304045
-0.304045
-0.304045
-0.304045
-0.304045
-0.304045
-0.304045
-0.304045
-0.304045
-0.304045
-0.304045
-0.304045
-0.304045
-0.304045
-0.304045
-0.304045
-0.304045
-0.304045
-0.304045
-0.304045
-0.304045
-0.304045
-0.304045
-0.304045
-0.304045
-0.304045
-0.304045
-0.304045
-0.304045
-0.304045
-0.304045
-0.304045
-0.304045
-0.304045
-0.304045
-0.304045
-0.304045
-0.304045
-0.304045
-0.304045
-0.304045
-0.304045
-0.304045
-0.304045
-0.304045
-0.304045
-0.304045
-0.304045
-0.304045
-0.304045
-0.304045
-0.304045
-0.304045
-0.304045
-0.304045
-0.304045
-0.304045
