317.95
64.1595
101.253
58.6277
36.7782
29.6453
34.1384
30.7766
34.4783
34.9532
38.4521
40.2379
41.002
40.9536
40.3916
39.5191
37.6952
34.2196
31.8018
30.5077
28.5809
25.4062
25.193
25.5084
25.5608
25.6318
33.6775
30.5706
25.3279
25.0963
24.9919
24.4654
23.9522
23.6809
23.2085
19.9655
19.4264
19.8083
19.6466
19.5474
19.597
19.5469
19.4422
19.418
19.3916
19.388
19.3867
19.3143
19.3043
19.383
19.3662
19.3562
19.4417
19.4938
19.5308
19.5905
20.5192
20.9361
20.4372
19.5506
18.4467
18.7065
19.1458
18.9483
18.5695
17.793
17.5679
17.359
16.9774
17.7038
17.2975
17.3649
17.3974
17.6728
17.7127
17.8711
17.9955
18.0872
18.1919
18.393
18.498
18.5947
18.6572
18.8201
18.9314
18.9709
19.0972
19.212
20.7844
20.5622
22.1044
22.761
23.704
24.2048
24.7957
25.1197
25.5229
25.879
26.1968
26.383
26.6923
27.0734
27.3595
27.6976
27.992
28.1968
28.5539
28.7942
29.0433
29.4319
29.7508
30.0017
30.2447
30.5227
30.8606
34.2922
33.6247
33.8461
33.8476
33.7248
33.2094
31.8918
34.3966
33.4509
32.8824
33.1743
33.4466
33.3358
33.328
33.1504
33.2196
32.9799
32.2332
31.5502
30.7548
30.1813
29.8403
30.5571
31.1477
31.4176
39.147
42.9605
42.4901
31.2546
28.9291
29.8113
30.8782
31.2888
31.21
31.3771
31.4923
31.6242
31.858
31.9653
32.1102
32.3823
32.7019
32.9533
32.861
47.4517
50.3039
48.7689
39.2368
35.925
43.71
47.3286
48.6878
46.3983
39.275
35.746
43.0264
46.6145
47.2494
39.4034
36.1284
40.3908
44.8277
44.8322
39.6994
42.4184
41.8037
43.4406
43.793
45.065
45.5168
46.411
58.5739
52.6288
57.7442
64.1497
62.8947
70.9425
72.6162
79.2239
83.6365
123.921
57.9515
117.551
110.972
124.923
132.943
159.643
162.153
131.87
161.299
163.761
56.4128
166.788
126.358
72.281
173.204
111.546
141.666
111.631
130.282
116.619
125.664
104.021
122.978
109.923
69.7507
142.694
66.8357
125.987
108.324
52.0654
145.192
70.9475
63.2073
141.199
59.7332
48.497
146.3
60.9744
43.6115
141.945
68.4404
43.1673
40.2572
146.061
52.9825
35.6172
41.7749
144.03
48.4952
37.7363
29.408
139.174
49.7729
31.3737
37.6461
128.767
47.8318
29.5175
29.0348
27.8452
133.071
47.6863
28.4816
28.171
25.7189
25.581
128.845
43.5595
27.2987
27.9497
22.3523
22.3293
119.555
44.0178
23.6238
21.2916
20.6606
17.2676
22.4105
17.816
119.099
41.5973
22.6124
20.0794
20.4359
16.8792
21.6447
17.8135
20.9937
88.1252
45.4551
21.8531
16.9042
18.7676
15.5498
20.37
6.40817
15.2317
17.7775
5.94857
14.0804
18.9716
17.2282
87.5973
36.4759
14.959
12.5229
15.0132
17.5481
12.3614
17.386
21.2953
29.7661
11.8741
10.5246
19.1287
19.4049
28.7002
13.9198
20.11
19.6338
28.5557
7.95868
8.96941
18.5551
19.2181
28.8714
12.4203
20.392
18.9035
28.3339
20.7489
29.9728
11.8638
18.5032
37.5255
0.88445
0.883354
0.878823
0.875733
13.8872
5.06333
7.70496
3.51995
5.35417
3.41284
4.98131
2.51779
6.14614
11.5714
10.2322
16.2226
19.2178
11.73
19.4789
27.9938
15.0666
18.8976
25.9606
8.65694
14.0587
48.1634
10.1346
28.8574
35.4812
5.28042
1.82018
1.3823
1.36049
17.4891
19.06
39.5577
3.71001
3.13641
16.0171
18.8951
22.8909
22.3104
57.8214
53.2906
39.5991
29.4088
21.7468
119.698
65.0304
36.3856
19.073
10.232
11.6537
36.7445
0.864376
0.862706
0.871106
7.65251
36.4209
342.102
75.4806
49.2997
26.6103
8.31462
14.1489
6.34509
1.77338
1.31844
1.20751
1.21639
1.18557
1.18871
1.18408
1.19106
1.19495
1.18174
1.19124
1.20877
1.18476
1.19235
1.20959
1.19429
1.2261
1.21021
1.23996
1.22718
1.24616
1.23702
1.24886
1.24074
1.2643
1.28457
1.28873
1.29173
1.3148
1.32187
1.3366
1.42306
1.39786
1.37374
1.34048
1.39602
1.44806
1.4463
1.48386
1.47617
1.50318
1.47598
1.47397
1.4806
1.45028
1.42056
1.42466
1.39728
1.36746
1.33416
1.31409
1.28913
1.26231
1.27089
1.24726
1.2375
1.2007
1.17555
1.17657
1.18457
1.14626
1.15441
1.1242
1.11663
1.11613
1.09582
1.09459
1.09691
1.07209
1.09793
1.07762
1.06386
1.05878
1.07122
1.03914
1.04147
1.04261
1.03762
1.0395
1.01573
1.04019
1.00785
1.01835
1.0089
1.0153
0.985471
1.00587
0.983329
1.01325
0.848342
1.12163
0.989356
0.989419
0.97688
0.983017
0.851893
1.09479
0.977917
0.852431
1.08548
0.862611
1.06716
0.846423
1.06241
0.967998
0.972218
0.958657
0.859395
1.06571
0.843388
1.03266
0.853591
1.04199
0.840122
1.03433
0.853343
1.03805
0.843752
0.99779
0.854671
1.01566
0.845327
1.17415
1.28866
1.37744
1.38887
1.32687
1.27375
1.19057
1.11522
1.08112
1.03846
1.00517
1.01251
1.00707
0.976753
0.958544
0.976909
0.959773
0.94594
0.943173
0.955564
0.931221
0.949607
0.923761
0.920279
0.936956
0.923014
0.922644
0.935357
0.923811
0.926692
0.84808
0.981576
0.847562
0.948409
0.929485
0.838624
0.945046
0.844217
0.948584
0.901045
0.901373
0.906816
0.896106
0.847065
0.94645
0.842148
0.925543
0.841807
0.932258
0.835029
0.922824
0.897846
0.845246
0.92921
0.842227
0.92262
0.843495
0.888398
0.831642
0.912463
0.833401
0.887313
0.841435
0.886953
0.833944
0.888437
0.839313
0.892354
0.838446
0.890427
0.831262
0.894842
0.835116
0.895133
0.83303
0.84047
0.879061
0.836025
0.887503
0.829607
0.828152
0.891848
0.83924
0.830404
0.881947
0.843641
0.830404
0.836276
0.891707
0.837994
0.841495
0.859226
0.839156
0.841089
0.889585
0.83679
0.832629
0.847292
0.827429
0.895353
0.830161
0.831296
0.838889
0.839936
0.839157
0.885677
0.840955
0.830592
0.842017
0.832852
0.842014
0.828139
0.831948
0.842179
0.858956
0.829709
0.845826
0.832783
0.830299
0.834468
0.836675
0.839157
0.831185
0.855181
0.844114
0.832567
0.837762
0.828782
0.834718
0.826745
0.829822
0.821426
0.829628
0.849643
0.8269
0.833033
0.830256
0.838698
0.829196
0.837547
0.827845
0.837294
0.824493
0.827879
0.828575
0.830108
0.83277
0.834681
0.829497
0.831606
0.826646
0.836209
0.829857
0.825822
0.830055
0.830226
0.826895
0.83356
0.82798
0.832413
0.828617
0.829239
0.822434
0.832968
0.829981
0.827751
0.833684
0.828094
0.831675
0.829242
0.829548
0.82132
0.833235
0.829726
0.827278
0.83337
0.828349
0.831898
0.829212
0.830543
0.823935
0.832898
0.829895
0.827606
0.83362
0.828235
0.832433
0.8285
0.830176
0.821509
0.832587
0.829884
0.826717
0.833196
0.828345
0.832386
0.828885
0.829987
0.822271
0.833174
0.829673
0.82773
0.832876
0.827934
0.83218
0.828957
0.829388
0.821918
0.833443
0.833615
0.821706
0.82892
0.822999
0.827591
0.823319
0.824593
0.816982
0.827708
0.824747
0.821569
0.828534
0.822824
0.826614
0.824329
0.825214
0.817164
0.827506
0.824476
0.821505
0.828354
0.82271
0.826753
0.823875
0.825184
0.816671
0.827811
0.82453
0.821943
0.833246
0.822974
0.826424
0.823915
0.824409
0.816501
0.82744
0.824736
0.821745
0.82842
0.822277
0.826336
0.823888
0.824077
0.817695
0.827779
0.824491
0.821857
0.828029
0.822809
0.826684
0.823641
0.824477
0.818687
0.829195
0.826094
0.822905
0.829939
0.824085
0.831498
0.82555
0.826289
0.820151
0.829719
0.827938
0.823488
0.830363
0.82401
0.828021
0.825154
0.826794
0.818395
0.828941
0.826424
0.824985
0.830228
0.824135
0.828328
0.824962
0.82065
0.81867
0.829189
0.820988
0.823224
0.824545
0.824076
0.822857
0.819812
0.820634
0.81276
0.823865
0.821373
0.818312
0.824164
0.81925
0.822932
0.819689
0.821352
0.813385
0.824188
0.82075
0.818207
0.82435
0.81972
0.823096
0.819228
0.821443
0.812746
0.823835
0.820272
0.817907
0.824419
0.819166
0.823275
0.819374
0.820345
0.813675
0.824103
0.824476
0.817896
0.824023
0.819337
0.823335
0.819812
0.82138
0.812828
0.823513
0.820688
0.818614
0.82437
0.81879
0.823351
0.820238
0.821441
0.812685
0.823813
0.821217
0.817967
0.824118
0.81916
0.823138
0.8197
0.820274
0.815227
0.818725
0.81595
0.812994
0.819156
0.813538
0.817559
0.814609
0.815025
0.808583
0.818085
0.81564
0.813056
0.819303
0.813487
0.818476
0.814518
0.814333
0.80698
0.81802
0.81417
0.812648
0.819572
0.813167
0.817537
0.814401
0.815014
0.808167
0.818522
0.81501
0.81287
0.819207
0.813731
0.819568
0.816278
0.815555
0.808261
0.819277
0.815344
0.812665
0.818649
0.813329
0.81806
0.814801
0.815487
0.807205
0.819112
0.815586
0.813132
0.820026
0.813572
0.818267
0.813958
0.814978
0.807673
0.818579
0.815776
0.813431
0.81904
0.814102
0.817926
0.81441
0.815304
0.807793
0.818726
0.815019
0.812514
0.820553
0.813705
0.817681
0.814193
0.815622
0.807431
0.819124
0.815346
0.812636
0.818978
0.813288
0.817859
0.814303
0.810162
0.807988
0.812969
0.809884
0.812909
0.814141
0.80777
0.812506
0.808943
0.809738
0.801564
0.812895
0.817206
0.809188
0.813679
0.808501
0.81227
0.809375
0.810269
0.802876
0.813531
0.811323
0.807837
0.813705
0.808371
0.812489
0.809101
0.810433
0.803838
0.812625
0.811964
0.807579
0.813083
0.808306
0.812173
0.809075
0.809891
0.802927
0.813473
0.80999
0.807431
0.813757
0.80848
0.812697
0.808972
0.81056
0.802748
0.813059
0.809166
0.807944
0.813817
0.808169
0.812112
0.809042
0.809466
0.803407
0.813768
0.81014
0.807034
0.813251
0.807647
0.812531
0.809187
0.810064
0.801369
0.813383
0.810103
0.807963
0.813952
0.808264
0.812435
0.808898
0.814139
0.797635
0.80787
0.804468
0.80203
0.80839
0.802731
0.80683
0.803494
0.804578
0.796089
0.807531
0.805429
0.801934
0.80909
0.80393
0.806845
0.803696
0.804485
0.797902
0.8079
0.803754
0.801519
0.80826
0.802544
0.80687
0.803663
0.804511
0.796574
0.807271
0.805044
0.801707
0.808492
0.804626
0.807132
0.803795
0.804625
0.798101
0.807774
0.804587
0.802246
0.808554
0.802305
0.807514
0.803605
0.804288
0.796109
0.807427
0.804502
0.80174
0.807851
0.802473
0.807024
0.80311
0.804119
0.796803
0.808426
0.804651
0.80134
0.803603
0.805161
0.801841
0.797498
0.799486
0.793425
0.802628
0.798768
0.796623
0.80364
0.797124
0.802148
0.799082
0.799819
0.792664
0.802963
0.800143
0.797623
0.802823
0.7974
0.801759
0.798531
0.799265
0.791247
0.802576
0.798979
0.796484
0.802799
0.797352
0.801637
0.798226
0.799784
0.79132
0.802772
0.799344
0.796949
0.802809
0.797893
0.801453
0.798007
0.799105
0.790719
0.802246
0.798648
0.796244
0.802829
0.798045
0.802083
0.798285
0.799329
0.791121
0.803068
0.798246
0.796158
0.802944
0.797788
0.801646
0.79826
0.798972
0.791029
0.802274
0.80415
0.796869
0.803006
0.797153
0.801912
0.798917
0.799624
0.793391
0.802092
0.79959
0.796774
0.802989
0.797304
0.801813
0.798413
0.800178
0.790893
0.802456
0.799233
0.796271
0.802456
0.797109
0.801573
0.798035
0.798738
0.792636
0.802325
0.799231
0.796013
0.802514
0.797397
0.801502
0.798351
0.79807
0.791079
0.802297
0.799036
0.791728
0.80271
0.791921
0.801744
0.792994
0.793903
0.791689
0.797374
0.794551
0.790709
0.797423
0.792152
0.796107
0.792539
0.794069
0.786108
0.797087
0.793431
0.791488
0.797711
0.792229
0.796458
0.793458
0.798229
0.78783
0.797133
0.796157
0.791378
0.797684
0.795165
0.79667
0.793297
0.793537
0.78621
0.797028
0.793576
0.791131
0.797414
0.79298
0.79797
0.792468
0.793426
0.781262
0.797384
0.788367
0.791161
0.79205
0.792111
0.791083
0.792865
0.788032
0.780464
0.796874
0.788718
0.78571
0.792211
0.786547
0.791424
0.788863
0.789052
0.782578
0.792102
0.788439
0.785633
0.79465
0.786629
0.791377
0.787497
0.788058
0.780612
0.791955
0.789605
0.785814
0.792067
0.786139
0.790957
0.787462
0.788584
0.780786
0.792279
0.788529
0.785858
0.792251
0.786696
0.794054
0.788345
0.787713
0.780221
0.792178
0.788635
0.785944
0.79252
0.786604
0.791213
0.787571
0.788305
0.780783
0.7918
0.788903
0.786996
0.794351
0.786007
0.791436
0.787675
0.787875
0.781005
0.791922
0.788232
0.786398
0.792158
0.786483
0.790965
0.787662
0.787746
0.781689
0.791578
0.788221
0.785871
0.791955
0.786985
0.790998
0.787416
0.788157
0.781369
0.791501
0.788439
0.7859
0.792302
0.78632
0.790733
0.787912
0.788236
0.780437
0.791941
0.7879
0.786217
0.791946
0.786684
0.791124
0.787365
0.78946
0.781846
0.791479
0.788576
0.785862
0.796658
0.786742
0.791235
0.787091
0.788791
0.78121
0.791672
0.788748
0.786217
0.792708
0.786247
0.790984
0.787595
0.788068
0.780507
0.792692
0.789222
0.786005
0.792006
0.78125
0.791196
0.782242
0.788637
0.781025
0.791887
0.782956
0.780187
0.78901
0.783637
0.782538
0.778762
0.785369
0.77241
0.78366
0.785924
0.777681
0.783572
0.783531
0.78217
0.779204
0.779456
0.772403
0.788913
0.780191
0.777439
0.783349
0.778647
0.782566
0.778809
0.779795
0.7722
0.782549
0.779575
0.777534
0.783432
0.778535
0.782241
0.778859
0.779474
0.773375
0.783796
0.780414
0.780434
0.784189
0.778562
0.783993
0.778939
0.780518
0.772855
0.783375
0.778919
0.772547
0.784785
0.778585
0.776854
0.779878
0.780054
0.769856
0.783354
0.780123
0.771709
0.778317
0.778565
0.782606
0.774266
0.773924
0.772206
0.777822
0.775398
0.777729
0.778254
0.772553
0.782718
0.77434
0.77432
0.773154
0.777884
0.774576
0.772493
0.778094
0.778216
0.777243
0.773494
0.774509
0.766456
0.777981
0.774442
0.777394
0.778494
0.773072
0.777071
0.774391
0.7741
0.767842
0.77759
0.774744
0.771993
0.778386
0.772329
0.776505
0.773653
0.774384
0.766996
0.778301
0.778432
0.772107
0.778289
0.77305
0.777273
0.774009
0.774366
0.766766
0.778069
0.775078
0.772182
0.778623
0.773012
0.777535
0.773706
0.776118
0.767501
0.777775
0.775138
0.772526
0.778431
0.772831
0.777089
0.773988
0.773365
0.76762
0.778516
0.774492
0.77196
0.778351
0.772864
0.777164
0.773311
0.774983
0.767553
0.777851
0.774906
0.772817
0.77892
0.772886
0.777373
0.774088
0.774787
0.768025
0.778202
0.773778
0.772488
0.778687
0.772794
0.777132
0.774126
0.775209
0.767358
0.778204
0.77484
0.772329
0.778179
0.772988
0.777487
0.773981
0.774604
0.767363
0.781816
0.774529
0.772521
0.778254
0.772831
0.777971
0.774162
0.774539
0.767118
0.778013
0.775003
0.772216
0.778224
0.772814
0.777513
0.774514
0.775389
0.767007
0.778633
0.774605
0.772314
0.778933
0.772823
0.777112
0.773856
0.774416
0.766836
0.777681
0.774043
0.772239
0.777912
0.774848
0.777241
0.773629
0.774677
0.766701
0.778758
0.775566
0.772149
0.778391
0.772784
0.777775
0.774394
0.775289
0.768144
0.778064
0.774786
0.772515
0.777747
0.772633
0.776857
0.77362
0.774155
0.766838
0.77867
0.774474
0.771976
0.778748
0.772479
0.777207
0.773528
0.775262
0.76898
0.779977
0.774538
0.77373
0.778566
0.772831
0.776695
0.773963
0.77442
0.76715
0.778262
0.774148
0.77241
0.778449
0.772901
0.777102
0.774275
0.775212
0.767354
0.778439
0.774072
0.772236
0.778401
0.773735
0.776756
0.773655
0.774359
0.768465
0.777998
0.774674
0.772545
0.778929
0.772599
0.777482
0.774212
0.774148
0.766246
0.777643
0.774362
0.772429
0.777846
0.773417
0.777062
0.774114
0.774477
0.76708
0.778329
0.774775
0.772082
0.77858
0.773243
0.777774
0.773846
0.774727
0.767164
0.777824
0.776255
0.772269
0.778002
0.773506
0.777164
0.773836
0.778534
0.766752
0.778319
0.774426
0.772243
0.77887
0.772769
0.77725
0.77344
0.775537
0.767697
0.778584
0.775012
0.772997
0.7785
0.772989
0.77844
0.773615
0.775602
0.766485
0.778418
0.775017
0.772289
0.777582
0.773569
0.777011
0.77395
0.775083
0.767513
0.778107
0.774544
0.77294
0.777876
0.774106
0.777451
0.773762
0.773668
0.767556
0.77865
0.774482
0.771951
0.778028
0.772479
0.777371
0.773876
0.774888
0.767326
0.778195
0.774472
0.772517
0.779513
0.772732
0.777157
0.774065
0.775032
0.768647
0.777786
0.774253
0.772874
0.778451
0.772875
0.777844
0.77761
0.776706
0.766826
0.779025
0.77445
0.771834
0.778095
0.772668
0.777558
0.773556
0.775589
0.766928
0.778347
0.774962
0.772492
0.778563
0.773008
0.777158
0.773762
0.774742
0.7671
0.778302
0.773957
0.771811
0.778033
0.772757
0.77721
0.773676
0.775156
0.766846
0.778437
0.774355
0.771895
0.778883
0.773074
0.777057
0.773683
0.775556
0.768406
0.777385
0.775591
0.772404
0.77815
0.772688
0.776475
0.773726
0.775458
0.766964
0.77782
0.77481
0.772096
0.778179
0.77263
0.777228
0.773875
0.775865
0.767361
0.777989
0.774496
0.772811
0.778493
0.773269
0.781309
0.774572
0.773955
0.767109
0.777817
0.7747
0.771863
0.778708
0.77321
0.777138
0.773686
0.77447
0.766779
0.778157
0.774359
0.772449
0.779203
0.773372
0.777087
0.773607
0.775172
0.767716
0.778323
0.774726
0.772431
0.778764
0.774999
0.777331
0.774156
0.775023
0.76754
0.779221
0.774673
0.772972
0.777782
0.773009
0.77708
0.774139
0.774429
0.768831
0.778409
0.775219
0.771973
0.77829
0.772837
0.777877
0.774448
0.774386
0.766589
0.778279
0.774931
0.771801
0.777924
0.773036
0.777336
0.773682
0.774812
0.767111
0.778128
0.774981
0.772317
0.778462
0.777087
0.777759
0.774534
0.775092
0.767821
0.778208
0.774668
0.772561
0.778506
0.773346
0.77703
0.773543
0.774557
0.766249
0.778428
0.774622
0.773564
0.778037
0.772312
0.777506
0.774009
0.775471
0.767992
0.77797
0.774631
0.772535
0.779034
0.772573
0.776831
0.774136
0.774414
0.767213
0.778782
0.774557
0.774788
0.778159
0.772889
0.776904
0.773803
0.775549
0.766959
0.779556
0.774993
0.772137
0.777845
0.77316
0.7772
0.773889
0.774417
0.767099
0.77816
0.774808
0.771868
0.778331
0.772415
0.777004
0.774099
0.774544
0.76716
0.778109
0.773893
0.772481
0.781681
0.773867
0.777108
0.774135
0.775113
0.768189
0.778137
0.774479
0.772225
0.778983
0.772486
0.777493
0.774078
0.774536
0.767867
0.778193
0.776253
0.773265
0.778492
0.772433
0.777452
0.773833
0.774784
0.766398
0.777785
0.774362
0.772244
0.778379
0.772997
0.777373
0.773888
0.775207
0.767308
0.777867
0.774357
0.771984
0.778226
0.773014
0.776945
0.77395
0.774705
0.766816
0.778272
0.775099
0.772241
0.778522
0.772861
0.777041
0.77406
0.775361
0.768375
0.777937
0.774624
0.772134
0.778444
0.772849
0.7772
0.774501
0.77446
0.767391
0.777918
0.774853
0.773516
0.781705
0.773196
0.777328
0.773778
0.77543
0.766915
0.778329
0.775084
0.772811
0.778653
0.772632
0.777117
0.77359
0.774688
0.767594
0.779225
0.775189
0.772822
0.77819
0.772444
0.777277
0.7738
0.774508
0.767107
0.77858
0.774815
0.771931
0.77857
0.772346
0.777882
0.775621
0.775146
0.768881
0.778699
0.774974
0.772681
0.779054
0.772215
0.777239
0.774252
0.775223
0.767641
0.777237
0.773746
0.772389
0.777678
0.773208
0.777285
0.773509
0.774564
0.766904
0.778303
0.774439
0.772268
0.778501
0.77264
0.777413
0.773971
0.774889
0.767562
0.778079
0.777795
0.774295
0.781063
0.772609
0.777239
0.773855
0.774467
0.76702
0.779393
0.773729
0.772751
0.778238
0.773289
0.777178
0.773894
0.775464
0.768712
0.77786
0.774259
0.772291
0.778365
0.77342
0.777342
0.773868
0.774523
0.766849
0.777909
0.774439
0.771688
0.778089
0.772602
0.777065
0.773495
0.775355
0.766972
0.777772
0.774779
0.772841
0.778542
0.773382
0.777282
0.774152
0.774634
0.767236
0.778061
0.774741
0.772079
0.778304
0.772512
0.777609
0.773881
0.774551
0.766997
0.778015
0.77492
0.772397
0.777998
0.772659
0.777178
0.773997
0.774669
0.767481
0.778533
0.778526
0.772116
0.778733
0.772293
0.777151
0.773956
0.774201
0.767247
0.777834
0.774123
0.772694
0.778263
0.772554
0.776908
0.773729
0.775579
0.768623
0.778013
0.774274
0.772529
0.778768
0.772544
0.776801
0.774895
0.774849
0.770802
0.777621
0.775001
0.77219
0.777723
0.772712
0.777228
0.773803
0.773892
0.766815
0.778143
0.774666
0.772155
0.778234
0.772411
0.777107
0.7741
0.774514
0.767008
0.778076
0.774406
0.771717
0.778761
0.773059
0.777479
0.773746
0.774094
0.766423
0.777989
0.774414
0.773665
0.77821
0.772608
0.777294
0.773734
0.774718
0.767047
0.782721
0.775409
0.772357
0.778089
0.772669
0.776949
0.773814
0.775381
0.767883
0.777654
0.774897
0.77257
0.778381
0.772058
0.777111
0.774745
0.775219
0.766803
0.777271
0.774493
0.772641
0.778105
0.772912
0.776949
0.774004
0.774851
0.767145
0.778259
0.774974
0.772204
0.77827
0.775493
0.778181
0.774194
0.774055
0.766856
0.777614
0.774852
0.772053
0.77746
0.775214
0.777932
0.773965
0.774359
0.76707
0.77801
0.774753
0.772415
0.77834
0.77271
0.777099
0.774056
0.775452
0.768447
0.777735
0.774197
0.772798
0.77785
0.773145
0.776935
0.773942
0.774835
0.768846
0.780099
0.7745
0.772583
0.777972
0.772167
0.777026
0.773875
0.774526
0.76774
0.778157
0.774148
0.771952
0.77726
0.772623
0.777544
0.77399
0.775186
0.767567
0.778429
0.774154
0.772084
0.778136
0.772547
0.776567
0.77303
0.77392
0.767225
0.7781
0.775756
0.773013
0.779698
0.772422
0.776715
0.773827
0.774103
0.766879
0.778548
0.774797
0.772303
0.778044
0.772478
0.77707
0.77372
0.774144
0.766635
0.778144
0.77434
0.772152
0.778215
0.772584
0.776452
0.773108
0.774737
0.766945
0.777674
0.77543
0.772251
0.778266
0.772648
0.777375
0.773746
0.775366
0.766427
0.777969
0.774071
0.772262
0.777836
0.771971
0.777096
0.773336
0.773778
0.767283
0.778387
0.774251
0.77189
0.777497
0.772743
0.778424
0.773274
0.775407
0.766815
0.777911
0.774494
0.77203
0.777644
0.772701
0.777186
0.773844
0.774891
0.767376
0.777611
0.774336
0.772371
0.777873
0.773457
0.777282
0.773356
0.773803
0.76715
0.778072
0.774377
0.771578
0.77773
0.773155
0.777346
0.773705
0.77463
0.767495
0.778258
0.774862
0.772337
0.779214
0.771765
0.776923
0.773314
0.774219
0.766963
0.777915
0.774563
0.771535
0.777934
0.772491
0.776919
0.774676
0.776878
0.766859
0.778139
0.774751
0.772106
0.778347
0.772266
0.777107
0.773873
0.773229
0.766689
0.777824
0.774311
0.772034
0.77776
0.772579
0.777192
0.773319
0.774173
0.766414
0.777752
0.774183
0.772431
0.778463
0.77243
0.777295
0.774099
0.773978
0.766856
0.778261
0.774773
0.772491
0.77782
0.77296
0.776911
0.773249
0.77394
0.766758
0.777873
0.774326
0.774785
0.777809
0.772695
0.777205
0.773494
0.773971
0.767011
0.778243
0.774694
0.772282
0.778264
0.772415
0.776745
0.773821
0.773774
0.766819
0.778122
0.773867
0.77234
0.777986
0.772639
0.777478
0.774247
0.774306
0.767052
0.777809
0.774456
0.771611
0.777624
0.772434
0.777188
0.77358
0.774562
0.767064
0.777904
0.773924
0.77246
0.778389
0.772611
0.777691
0.773341
0.774235
0.766542
0.778131
0.774718
0.771938
0.7781
0.773305
0.777249
0.773534
0.774288
0.767027
0.777967
0.774673
0.771758
0.778311
0.772652
0.777093
0.773805
0.774984
0.76717
0.777997
0.774826
0.771896
0.778064
0.771765
0.776858
0.773464
0.774682
0.767146
0.777777
0.774371
0.771536
0.777838
0.772019
0.777313
0.773422
0.773728
0.767198
0.778222
0.774496
0.772163
0.777712
0.773431
0.778219
0.773717
0.774441
0.766615
0.777614
0.774737
0.772465
0.778485
0.772213
0.776665
0.773558
0.774382
0.76762
0.777979
0.774936
0.7743
0.777992
0.772256
0.776716
0.773641
0.773707
0.766931
0.777998
0.775226
0.77161
0.778677
0.772393
0.776947
0.77339
0.77366
0.767131
0.778822
0.775558
0.771925
0.777991
0.772809
0.777222
0.773783
0.773512
0.766821
0.778866
0.774216
0.772091
0.778098
0.772251
0.777168
0.773174
0.774204
0.766475
0.777726
0.774724
0.772235
0.777564
0.772774
0.77731
0.773434
0.775544
0.767444
0.777904
0.774624
0.772262
0.778001
0.773391
0.777273
0.773837
0.774363
0.766694
0.777495
0.774608
0.771727
0.778551
0.772797
0.776976
0.773314
0.774732
0.766713
0.777941
0.776584
0.773809
0.778035
0.771841
0.777215
0.773798
0.773812
0.766619
0.778185
0.77469
0.771876
0.777289
0.77235
0.778106
0.773625
0.774241
0.767462
0.778106
0.773775
0.772541
0.777664
0.772778
0.777024
0.773292
0.774627
0.767172
0.777741
0.774994
0.773431
0.778833
0.772053
0.777164
0.773932
0.774439
0.767018
0.778017
0.774132
0.772074
0.778127
0.772649
0.778055
0.773473
0.773818
0.766688
0.777907
0.77481
0.772084
0.779185
0.772792
0.777014
0.773252
0.773787
0.767128
0.7781
0.774497
0.77237
0.777183
0.772127
0.777648
0.773706
0.773999
0.767314
0.779267
0.775048
0.772154
0.777996
0.772878
0.776997
0.773502
0.773541
0.76674
0.778296
0.774329
0.772013
0.777937
0.772715
0.777223
0.773323
0.774905
0.767402
0.777635
0.774687
0.77232
0.777402
0.772076
0.777019
0.773222
0.774157
0.766625
0.778266
0.774109
0.771892
0.777783
0.772301
0.777232
0.773823
0.773526
0.767306
0.778168
0.774424
0.771285
0.777443
0.772727
0.776979
0.773725
0.773652
0.767155
0.778159
0.775485
0.775646
0.778359
0.772953
0.776862
0.773706
0.774468
0.766511
0.777718
0.774048
0.77294
0.778032
0.77235
0.776682
0.77357
0.773927
0.767693
0.778459
0.774244
0.772208
0.777285
0.772737
0.776632
0.773836
0.774334
0.767119
0.777894
0.774732
0.773087
0.778154
0.77286
0.777119
0.775852
0.773723
0.768386
0.777812
0.77475
0.772191
0.777525
0.772161
0.777344
0.773796
0.774029
0.767144
0.7781
0.773869
0.771659
0.778435
0.773111
0.777
0.773734
0.77433
0.766979
0.777701
0.774099
0.772043
0.777314
0.772484
0.777091
0.773643
0.774224
0.766773
0.778228
0.775756
0.772415
0.777606
0.771968
0.777426
0.773602
0.774709
0.767756
0.77811
0.77386
0.773717
0.777888
0.772227
0.777018
0.773712
0.774703
0.769458
0.777991
0.774612
0.77202
0.778047
0.772493
0.77707
0.773122
0.77613
0.76633
0.778049
0.774773
0.772002
0.778538
0.772324
0.776936
0.77379
0.773542
0.76685
0.777577
0.774643
0.77182
0.77765
0.772583
0.776943
0.773824
0.773359
0.767282
0.777797
0.774722
0.772002
0.777989
0.772335
0.776742
0.773564
0.775014
0.766821
0.77758
0.77474
0.772426
0.778273
0.77195
0.776933
0.774055
0.774061
0.767383
0.779842
0.776349
0.772845
0.778158
0.771808
0.777149
0.773461
0.773182
0.767295
0.77782
0.775372
0.772038
0.77833
0.77394
0.777375
0.77357
0.775475
0.766712
0.777988
0.775097
0.772677
0.77809
0.77241
0.777072
0.773702
0.774548
0.767466
0.777762
0.773832
0.771866
0.777992
0.773562
0.777338
0.773383
0.773923
0.767329
0.777921
0.774205
0.771852
0.778557
0.773148
0.777591
0.773736
0.774566
0.767078
0.778643
0.774844
0.772092
0.776963
0.772544
0.776615
0.773471
0.7745
0.767967
0.777955
0.773561
0.771812
0.778809
0.772981
0.777011
0.773263
0.775478
0.76742
0.778592
0.775138
0.772238
0.778993
0.772491
0.777092
0.773585
0.774219
0.767483
0.777907
0.774261
0.771369
0.777985
0.772297
0.777356
0.773859
0.773802
0.766961
0.777723
0.7742
0.772159
0.778765
0.772895
0.777071
0.773644
0.774447
0.767298
0.778083
0.7751
0.772213
0.778674
0.772305
0.777029
0.773597
0.774244
0.766443
0.77827
0.774217
0.772361
0.778703
0.773088
0.777037
0.773856
0.773646
0.766444
0.778376
0.774489
0.772702
0.777427
0.772325
0.777167
0.773556
0.774067
0.766976
0.779422
0.775469
0.772205
0.778494
0.772857
0.777034
0.774052
0.775834
0.766957
0.777857
0.774082
0.772319
0.777899
0.772033
0.777154
0.773651
0.773601
0.766776
0.778509
0.774579
0.771546
0.777797
0.773803
0.777834
0.77321
0.774285
0.767385
0.777997
0.775497
0.772236
0.777989
0.772319
0.777603
0.773739
0.77395
0.767279
0.777582
0.774157
0.77231
0.778904
0.773056
0.777257
0.773765
0.77383
0.766816
0.778213
0.774814
0.771746
0.777807
0.772086
0.777247
0.773894
0.774104
0.766437
0.77802
0.774789
0.771377
0.778232
0.772506
0.776871
0.773796
0.774041
0.766758
0.77789
0.775878
0.77247
0.777714
0.77281
0.777271
0.774063
0.775503
0.766853
0.77819
0.774281
0.771755
0.778841
0.772676
0.777514
0.775066
0.774907
0.766738
0.778131
0.774626
0.773374
0.778449
0.774253
0.776941
0.77335
0.774232
0.766519
0.778148
0.774893
0.77188
0.777402
0.772022
0.777074
0.773155
0.77377
0.766815
0.778246
0.775114
0.772294
0.778086
0.772857
0.777162
0.774258
0.773614
0.768016
0.77846
0.77505
0.771732
0.777319
0.772558
0.777436
0.773437
0.773702
0.766437
0.779603
0.774412
0.772192
0.778015
0.77284
0.777746
0.773646
0.774613
0.767204
0.778464
0.774592
0.77242
0.778732
0.772657
0.777397
0.774866
0.774741
0.767702
0.779655
0.775166
0.771874
0.778223
0.77222
0.777312
0.773561
0.77456
0.766511
0.777236
0.774885
0.772242
0.778869
0.772518
0.777258
0.773643
0.773425
0.76675
0.777844
0.774689
0.772301
0.778971
0.772124
0.776838
0.773058
0.77398
0.767328
0.77842
0.774153
0.771995
0.777966
0.77271
0.776971
0.773349
0.774924
0.766737
0.778195
0.774584
0.772052
0.778613
0.771928
0.776692
0.773683
0.774835
0.767366
0.778118
0.775364
0.772456
0.778427
0.772196
0.777043
0.773684
0.774216
0.767271
0.776967
0.774608
0.772343
0.777879
0.772749
0.780088
0.773734
0.774202
0.767523
0.778456
0.774659
0.772097
0.777713
0.77284
0.777035
0.774088
0.774528
0.76778
0.777988
0.774192
0.773419
0.778319
0.772614
0.777013
0.773063
0.774152
0.766925
0.777789
0.77486
0.772067
0.778655
0.772905
0.77709
0.773472
0.774423
0.767215
0.780714
0.775019
0.772193
0.778264
0.772623
0.776797
0.773653
0.77429
0.767717
0.778113
0.774169
0.771616
0.778394
0.772573
0.778062
0.774382
0.774925
0.766809
0.777796
0.775557
0.772438
0.77837
0.772375
0.777051
0.773486
0.774102
0.766882
0.777948
0.774594
0.771925
0.777892
0.773656
0.777226
0.773492
0.774147
0.766857
0.778392
0.774462
0.772926
0.777992
0.772877
0.776946
0.773773
0.774403
0.766957
0.777805
0.775471
0.773576
0.777974
0.772292
0.777152
0.773741
0.774818
0.767203
0.778224
0.774411
0.772263
0.778103
0.772436
0.777823
0.773819
0.774088
0.767303
0.778012
0.774051
0.772454
0.778058
0.772796
0.776798
0.77334
0.774226
0.767382
0.778106
0.774902
0.772203
0.778395
0.772509
0.777425
0.773853
0.774132
0.766986
0.778507
0.774519
0.771219
0.77772
0.772951
0.77807
0.773584
0.773841
0.766544
0.778374
0.773876
0.771749
0.779456
0.773006
0.776947
0.773856
0.775013
0.767325
0.778938
0.77483
0.772876
0.7779
0.77227
0.777338
0.77382
0.774284
0.766761
0.778609
0.77603
0.773145
0.778166
0.772466
0.777177
0.773491
0.774178
0.767045
0.77811
0.774431
0.771907
0.778213
0.772809
0.777051
0.773875
0.774955
0.767355
0.778098
0.77468
0.772335
0.777372
0.772698
0.777088
0.773852
0.77414
0.766394
0.777982
0.774675
0.772754
0.777793
0.772521
0.777032
0.773752
0.774428
0.767635
0.778215
0.773918
0.772183
0.777648
0.772845
0.777005
0.774088
0.773575
0.766514
0.778214
0.774666
0.776851
0.778238
0.772749
0.777206
0.773147
0.773967
0.766991
0.778086
0.776486
0.771925
0.77814
0.772621
0.777535
0.773589
0.774265
0.767374
0.779151
0.775024
0.772314
0.777905
0.772546
0.778076
0.773723
0.774002
0.76779
0.778377
0.774751
0.773188
0.778223
0.772518
0.777064
0.774984
0.773762
0.766731
0.778481
0.774749
0.77202
0.778337
0.772959
0.776901
0.773866
0.774451
0.767163
0.778306
0.773982
0.771832
0.778021
0.773932
0.777255
0.773056
0.774185
0.767998
0.778172
0.77507
0.771863
0.777871
0.772837
0.776976
0.773554
0.77539
0.766579
0.778008
0.776534
0.772334
0.778958
0.772071
0.778092
0.773661
0.774281
0.766217
0.777748
0.774983
0.771709
0.778092
0.772439
0.777087
0.773113
0.774536
0.768153
0.777919
0.773966
0.772267
0.777853
0.772646
0.777429
0.774047
0.775339
0.767342
0.777927
0.774778
0.771977
0.778428
0.772819
0.777052
0.773786
0.774025
0.767104
0.777925
0.775647
0.772266
0.778699
0.772414
0.776764
0.773086
0.77353
0.767218
0.777741
0.775097
0.772254
0.778318
0.772676
0.777151
0.773257
0.773808
0.766525
0.778084
0.774203
0.772051
0.777511
0.772587
0.776957
0.773875
0.773917
0.767362
0.7785
0.775845
0.772156
0.778358
0.773261
0.777084
0.773295
0.773961
0.76684
0.778146
0.774223
0.772018
0.778401
0.773671
0.777501
0.774066
0.775535
0.767045
0.778313
0.775175
0.772343
0.77792
0.772239
0.776659
0.773561
0.774284
0.766554
0.778034
0.774431
0.771651
0.778744
0.773245
0.777263
0.773773
0.77422
0.766656
0.777676
0.775414
0.772348
0.779012
0.77267
0.776992
0.773305
0.7738
0.766876
0.778294
0.774041
0.771769
0.777914
0.77217
0.776841
0.773732
0.77318
0.767353
0.778302
0.774167
0.771869
0.777528
0.772808
0.777232
0.773346
0.774602
0.767019
0.779068
0.774951
0.773054
0.778456
0.771891
0.777459
0.773708
0.774064
0.767798
0.777447
0.774459
0.77242
0.777657
0.772537
0.777251
0.775565
0.773825
0.767467
0.777866
0.77403
0.772199
0.778202
0.772567
0.77686
0.773132
0.774181
0.766977
0.778007
0.774886
0.772182
0.777904
0.772301
0.776933
0.773739
0.77463
0.766823
0.777646
0.774028
0.77187
0.777529
0.772386
0.777344
0.7732
0.773872
0.767046
0.777869
0.774386
0.77212
0.777921
0.773059
0.777339
0.773402
0.775233
0.767119
0.778118
0.775068
0.772619
0.777849
0.772138
0.777174
0.77389
0.774768
0.767129
0.778134
0.774067
0.771548
0.777743
0.772692
0.776857
0.773514
0.774116
0.766813
0.777928
0.775299
0.771698
0.777898
0.772499
0.778286
0.774252
0.773681
0.767186
0.777986
0.77414
0.771825
0.777818
0.772572
0.777295
0.777291
0.773935
0.766879
0.777696
0.774265
0.772674
0.784589
0.772375
0.776881
0.773812
0.774374
0.766937
0.778169
0.77423
0.771979
0.778289
0.772673
0.776453
0.773692
0.774087
0.767108
0.778377
0.774694
0.772234
0.777361
0.77305
0.777233
0.773335
0.774382
0.766519
0.777922
0.775492
0.772337
0.778458
0.772023
0.780414
0.774806
0.775005
0.767136
0.777698
0.774671
0.772178
0.777662
0.772586
0.777407
0.775954
0.77425
0.76788
0.778167
0.774793
0.771541
0.77757
0.77336
0.777877
0.773376
0.774221
0.766914
0.778403
0.773737
0.772035
0.778091
0.771999
0.777202
0.77357
0.77488
0.767404
0.777586
0.774319
0.772031
0.777911
0.772966
0.77711
0.773309
0.774296
0.766533
0.777815
0.774196
0.772243
0.778516
0.772369
0.777079
0.77378
0.77406
0.768323
0.778139
0.775392
0.772108
0.778018
0.772053
0.777256
0.773886
0.773545
0.766969
0.777972
0.774766
0.771624
0.779781
0.772508
0.776736
0.774735
0.773795
0.766699
0.777818
0.774984
0.772154
0.778309
0.772232
0.776696
0.773475
0.774053
0.766669
0.777885
0.774066
0.771975
0.778181
0.772805
0.776778
0.773616
0.774203
0.767074
0.77804
0.774416
0.772869
0.778104
0.772245
0.776865
0.773837
0.77322
0.76739
0.777505
0.775287
0.772269
0.777408
0.772373
0.777507
0.773799
0.773903
0.766593
0.777894
0.774344
0.771932
0.777915
0.772781
0.777202
0.773526
0.774253
0.767059
0.777882
0.774308
0.772593
0.778224
0.772233
0.777158
0.77371
0.774308
0.766414
0.77824
0.774131
0.771898
0.777988
0.772166
0.779888
0.773428
0.774357
0.767283
0.778858
0.774245
0.772775
0.777246
0.77212
0.777269
0.773512
0.774225
0.767641
0.778144
0.773852
0.772493
0.779478
0.772537
0.776736
0.773237
0.774536
0.766814
0.777747
0.775001
0.772273
0.778181
0.772684
0.776702
0.773117
0.774929
0.766784
0.778017
0.774816
0.771227
0.777302
0.772086
0.777225
0.773355
0.773491
0.770881
0.778102
0.774019
0.771964
0.777819
0.772445
0.77732
0.773805
0.775164
0.766783
0.779251
0.775118
0.771931
0.77908
0.77234
0.777284
0.773757
0.773734
0.767524
0.778027
0.774258
0.772153
0.777714
0.773541
0.777442
0.773156
0.774249
0.766541
0.777781
0.774117
0.771864
0.777409
0.77243
0.777301
0.773452
0.774523
0.766545
0.778218
0.775557
0.775322
0.777712
0.772518
0.776964
0.773711
0.774251
0.767111
0.777702
0.774214
0.771929
0.777713
0.772118
0.777272
0.77321
0.774233
0.767009
0.778535
0.77441
0.772092
0.778171
0.772373
0.777035
0.773776
0.774032
0.767112
0.778187
0.77522
0.772266
0.777871
0.771811
0.777003
0.773864
0.774434
0.766799
0.777447
0.774068
0.7717
0.777616
0.773022
0.776726
0.77356
0.774444
0.766637
0.778055
0.775144
0.772666
0.779446
0.773456
0.777245
0.773256
0.773866
0.769019
0.778097
0.775166
0.771989
0.778193
0.772328
0.77702
0.773469
0.77405
0.766429
0.777939
0.775553
0.773242
0.777985
0.771958
0.776976
0.774042
0.774215
0.766891
0.778097
0.774269
0.771725
0.777374
0.772846
0.777395
0.773301
0.776974
0.766944
0.778099
0.774666
0.771939
0.778142
0.772075
0.777707
0.773641
0.773886
0.766682
0.777624
0.774584
0.773352
0.777687
0.77206
0.777161
0.773698
0.773742
0.766942
0.778566
0.774524
0.771723
0.778171
0.772867
0.777081
0.773992
0.773971
0.766967
0.779132
0.774554
0.771989
0.77902
0.772321
0.77694
0.773665
0.773807
0.766833
0.778096
0.776177
0.772312
0.777859
0.772885
0.777358
0.773602
0.774357
0.767039
0.778969
0.774774
0.772162
0.778304
0.772387
0.777065
0.773384
0.773734
0.766726
0.777716
0.774406
0.771947
0.777893
0.772786
0.776834
0.773585
0.774461
0.766662
0.778073
0.775148
0.772257
0.777879
0.771525
0.776362
0.773443
0.773523
0.766935
0.777907
0.774439
0.771673
0.777901
0.774154
0.776925
0.773749
0.773317
0.766603
0.777998
0.7747
0.772401
0.77735
0.772873
0.777595
0.773139
0.774657
0.767505
0.777866
0.77513
0.772541
0.779195
0.772317
0.777137
0.77381
0.774151
0.767291
0.777932
0.774484
0.772525
0.777969
0.772598
0.776925
0.774243
0.77333
0.767611
0.77867
0.77502
0.772135
0.777521
0.772113
0.777335
0.775063
0.773976
0.766736
0.777817
0.773928
0.772556
0.777485
0.772741
0.77718
0.774252
0.774479
0.767791
0.777596
0.774382
0.772214
0.778032
0.772172
0.776726
0.772974
0.773881
0.767994
0.777919
0.774568
0.772212
0.778736
0.772647
0.777214
0.773751
0.775136
0.767808
0.778107
0.774831
0.772664
0.777532
0.771961
0.777
0.773598
0.774591
0.767022
0.779238
0.775555
0.771843
0.778835
0.772678
