1.47913
1.25724
1.50842
1.07649
1.024
1.04634
1.0146
0.935389
0.905803
0.907119
0.908273
0.910488
0.927094
0.959357
1.01529
1.02481
1.09966
1.01214
0.950371
0.901971
0.871563
0.864748
0.870036
0.853772
0.838638
0.831814
0.836986
0.828102
0.839362
0.82311
0.834583
0.827627
0.839885
0.820679
0.838233
0.837781
0.822559
0.833895
0.829008
0.827953
0.823768
0.82778
0.820329
0.825992
0.827945
0.849074
0.851389
0.840346
0.836658
0.842119
0.849123
0.849639
0.851582
0.853736
0.850228
0.852124
0.869173
0.86576
0.857922
0.863433
0.843794
0.834226
0.831754
0.811134
0.819239
0.802966
0.800814
0.795873
0.799479
0.78132
0.788527
0.777367
0.771874
0.770029
0.754152
0.746775
0.752959
0.765402
0.74739
0.757762
0.749639
0.748832
0.739523
0.74929
0.749455
0.747037
0.744976
0.742663
0.736098
0.73728
0.734134
0.734523
0.744217
0.740314
0.745454
0.751589
0.743614
0.740195
0.734226
0.739412
0.738243
0.735089
0.733365
0.740948
0.745633
0.748813
0.743568
0.742575
0.744043
0.75286
0.75265
0.742064
0.74658
0.745469
0.754835
0.763899
0.749121
0.75728
0.754795
0.748167
0.746754
0.752489
0.751392
0.751361
0.731949
0.741426
0.733768
0.731421
0.720651
0.729935
0.727838
0.7244
0.711998
0.718963
0.722787
0.726783
0.709284
0.726417
0.714945
0.708737
0.720286
0.731922
0.709045
0.715236
0.706929
0.70215
0.705577
0.708143
0.696995
0.700505
0.69953
0.705922
0.712645
0.708354
0.710108
0.709682
0.705587
0.708818
0.720377
0.703563
0.702057
0.712918
0.700901
0.713149
0.709017
0.697497
0.702153
0.707489
0.702432
0.699046
0.700907
0.712241
0.69555
0.707634
0.705444
0.699083
0.70437
0.701803
0.693965
0.699316
0.702717
0.700615
0.700836
0.708221
0.702082
0.704088
0.705058
0.707086
0.708255
0.707884
0.719959
0.711053
0.716295
0.708533
0.71489
0.706924
0.708699
0.697923
0.701956
0.698668
0.706409
0.70619
0.706961
0.70843
0.709992
0.707415
0.710428
0.703516
0.708407
0.706523
0.710019
0.713044
0.704424
0.711008
0.7065
0.71291
0.707118
0.709144
0.702511
0.711816
0.698977
0.707626
0.702308
0.705564
0.700632
0.704743
0.707102
0.706385
0.704043
0.709745
0.70934
0.705273
0.707856
0.708243
0.699743
0.702159
0.705524
0.701629
0.704962
0.712115
0.706006
0.712923
0.707178
0.715668
0.723173
0.701165
0.711252
0.700032
0.711619
0.716621
0.70394
0.721273
0.71306
0.707854
0.705992
0.701967
0.703076
0.697978
0.702937
0.69457
0.699216
0.704536
0.711526
0.716804
0.710416
0.714994
0.713197
0.699823
0.713054
0.700254
0.714715
0.705483
0.702498
0.710455
0.703344
0.711635
0.706122
0.704084
0.698812
0.704504
0.700596
0.699684
0.701726
0.700611
0.703098
0.702649
0.71302
0.709656
0.694232
0.703618
0.704713
0.701351
0.702656
0.709107
0.707727
0.706079
0.704199
0.711569
0.701167
0.703435
0.704266
0.714393
0.699395
0.703055
0.698925
0.694092
0.687648
0.69088
0.700655
0.702655
0.696258
0.692382
0.692796
0.700935
0.702127
0.692874
0.711566
0.704409
0.707357
0.699861
0.708627
0.709612
0.708818
0.697641
0.708884
0.6999
0.709412
0.701563
0.7103
0.703964
0.708434
0.706227
0.709884
0.710153
0.705667
0.702539
0.709198
0.698772
0.696114
0.696188
0.700609
0.696696
0.700625
0.695389
0.703892
0.695608
0.703053
0.698978
0.705473
0.700567
0.698869
0.701707
0.698207
0.704975
0.698066
0.699924
0.690954
0.706366
0.69983
0.709881
0.700326
0.70299
0.70141
0.695514
0.697179
0.692629
0.698308
0.693134
0.689377
0.688053
0.692298
0.696873
0.698789
0.691418
0.696624
0.697685
0.690511
0.694907
0.689679
0.697468
0.691693
0.692171
0.692122
0.697157
0.687113
0.692368
0.690965
0.689279
0.696826
0.686847
0.67888
0.689093
0.691899
0.689481
0.692158
0.685214
0.694955
0.698414
0.680699
0.685605
0.681434
0.690007
0.685405
0.691667
0.687076
0.692503
0.695768
0.682903
0.692805
0.681772
0.686845
0.690509
0.684382
0.695296
0.69837
0.685212
0.687641
0.702684
0.690689
0.685478
0.697159
0.687445
0.684752
0.67755
0.681135
0.685154
0.680049
0.687215
0.675453
0.681388
0.681874
0.685017
0.679727
0.680472
0.680209
0.676416
0.688402
0.679906
0.680213
0.679747
0.678767
0.685035
0.680713
0.678487
0.682051
0.683871
0.678689
0.672215
0.681207
0.682767
0.683438
0.692133
0.694041
0.685641
0.675224
0.676783
0.678324
0.685855
0.674585
0.682379
0.680005
0.672519
0.671203
0.678298
0.67714
0.677593
0.681925
0.680274
0.685948
0.673648
0.696225
0.681235
0.675985
0.679017
0.677774
0.674111
0.676946
0.677745
0.67705
0.671716
0.681984
0.673245
0.679484
0.675993
0.669726
0.674423
0.676856
0.675195
0.677892
0.679703
0.680725
0.668676
0.673185
0.678717
0.677447
0.669352
0.679146
0.669051
0.68859
0.676413
0.672825
0.672055
0.686073
0.690697
0.676906
0.686235
0.676532
0.670419
0.670061
0.680616
0.677153
0.665275
0.670645
0.67791
0.675692
0.670787
0.66254
0.681501
0.679592
0.670493
0.674981
0.682805
0.689397
0.674989
0.665769
0.666876
0.666106
0.671069
0.664105
0.675258
0.668959
0.6769
0.670557
0.667732
0.67682
0.667904
0.677683
0.664241
0.660007
0.672987
0.676438
0.667849
0.667793
0.665465
0.682099
0.66794
0.668698
0.680881
0.669762
0.671925
0.675022
0.671725
0.674511
0.667052
0.674361
0.665028
0.663203
0.669994
0.666741
0.67256
0.674072
0.67941
0.668021
0.673541
0.665051
0.667145
0.671525
0.669318
0.677572
0.662708
0.66908
0.669886
0.670321
0.675587
0.66954
0.668399
0.670669
0.661356
0.65892
0.658896
0.660762
0.660276
0.667273
0.66002
0.661159
0.661366
0.666238
0.66535
0.665397
0.663756
0.658736
0.668189
0.662819
0.668297
0.660426
0.667818
0.65235
0.662139
0.660499
0.657095
0.655275
0.664556
0.666657
0.655931
0.655193
0.670024
0.657933
0.663866
0.664466
0.665421
0.667247
0.659412
0.665077
0.667898
0.662864
0.664321
0.659814
0.674368
0.654529
0.667753
0.65754
0.658778
0.66633
0.667389
0.666515
0.658791
0.66677
0.658259
0.669037
0.660594
0.669373
0.655848
0.659258
0.66947
0.659184
0.657329
0.67282
0.658082
0.657896
0.661637
0.663718
0.666631
0.657882
0.681399
0.670227
0.659484
0.663578
0.656136
0.661058
0.65438
0.657191
0.648648
0.656938
0.67001
0.652645
0.660186
0.657556
0.665741
0.656566
0.665096
0.655361
0.664616
0.651931
0.654433
0.656008
0.657549
0.659972
0.660448
0.656922
0.657448
0.65387
0.6615
0.657163
0.653439
0.65749
0.656104
0.654126
0.661016
0.655495
0.659991
0.655809
0.655667
0.64965
0.660519
0.655742
0.655039
0.660937
0.655707
0.659214
0.656488
0.655886
0.648826
0.660714
0.655571
0.654633
0.660661
0.655975
0.659479
0.656394
0.656896
0.650822
0.660238
0.655736
0.654774
0.660976
0.655674
0.659971
0.655589
0.656417
0.648955
0.660122
0.655671
0.65402
0.660529
0.655875
0.659874
0.65612
0.656347
0.649582
0.660603
0.655532
0.655016
0.660347
0.655494
0.659671
0.656067
0.655893
0.649297
0.660765
0.65888
0.648993
0.656248
0.650662
0.654964
0.650396
0.650937
0.644161
0.655092
0.65038
0.648729
0.655803
0.650369
0.654059
0.651459
0.650912
0.644245
0.654894
0.650036
0.648751
0.655543
0.650135
0.654178
0.651176
0.651397
0.644183
0.655104
0.650357
0.649082
0.660111
0.65036
0.653979
0.651096
0.650772
0.643982
0.654888
0.650391
0.648926
0.6558
0.649771
0.653787
0.651184
0.650404
0.644717
0.65494
0.650237
0.649096
0.655367
0.650213
0.654132
0.650865
0.650726
0.645438
0.656279
0.651492
0.649766
0.656783
0.651122
0.657929
0.652066
0.652257
0.646579
0.656796
0.65196
0.650198
0.657214
0.651147
0.655395
0.652214
0.652739
0.645216
0.65592
0.651837
0.651201
0.657112
0.651254
0.655386
0.651806
0.646634
0.645569
0.656167
0.646439
0.650133
0.651458
0.651186
0.650039
0.646618
0.646383
0.639626
0.65092
0.646778
0.644914
0.651121
0.64627
0.650031
0.646405
0.64727
0.640412
0.651144
0.646164
0.645055
0.651331
0.646677
0.650064
0.646098
0.647377
0.639698
0.650791
0.64565
0.644589
0.651419
0.646328
0.650265
0.646277
0.646297
0.640505
0.651227
0.649355
0.644727
0.650919
0.646413
0.650552
0.646759
0.647526
0.639827
0.650582
0.645949
0.645385
0.651251
0.645981
0.65047
0.646861
0.646933
0.639831
0.650809
0.64653
0.644827
0.651033
0.646242
0.650383
0.646396
0.646166
0.641942
0.645743
0.641266
0.639775
0.645941
0.640665
0.644458
0.641334
0.640872
0.635124
0.645117
0.64099
0.639821
0.646236
0.640486
0.645399
0.641046
0.640191
0.634087
0.644844
0.639604
0.639455
0.646284
0.640269
0.644634
0.641118
0.640967
0.634869
0.645503
0.640322
0.639681
0.646185
0.640963
0.646639
0.642289
0.641314
0.635053
0.646062
0.640759
0.639595
0.645524
0.640505
0.645094
0.641527
0.641349
0.634235
0.645966
0.640917
0.63957
0.646549
0.640634
0.645424
0.640815
0.640966
0.634514
0.645527
0.641109
0.639945
0.64601
0.641138
0.644881
0.641274
0.641194
0.634471
0.645673
0.640389
0.63937
0.646892
0.640772
0.644749
0.641017
0.641285
0.634525
0.646059
0.640617
0.639333
0.645847
0.640452
0.644775
0.64113
0.635956
0.634605
0.639987
0.635131
0.639722
0.640997
0.63504
0.639496
0.635818
0.635607
0.628573
0.639898
0.642463
0.635811
0.64057
0.635622
0.639344
0.636046
0.636134
0.629717
0.640444
0.636712
0.634197
0.640609
0.635533
0.639558
0.635825
0.636401
0.630118
0.639628
0.637129
0.634324
0.639956
0.635473
0.639316
0.63586
0.635778
0.629664
0.640268
0.635281
0.634253
0.640758
0.635604
0.639625
0.635965
0.63637
0.629613
0.640121
0.634489
0.634725
0.640733
0.635271
0.639333
0.635659
0.635445
0.630185
0.640708
0.635332
0.633792
0.640014
0.63471
0.639601
0.635895
0.63596
0.628397
0.64031
0.635485
0.634742
0.64
0.635407
0.639351
0.635782
0.639706
0.624615
0.634852
0.629739
0.628808
0.635471
0.62988
0.6339
0.630209
0.630598
0.623119
0.634519
0.63067
0.628691
0.636028
0.630576
0.633889
0.630457
0.630331
0.62459
0.634838
0.629168
0.628342
0.635124
0.629657
0.633925
0.630419
0.630449
0.623333
0.634147
0.630221
0.628557
0.635383
0.631752
0.634089
0.630568
0.63058
0.624793
0.634865
0.629746
0.629123
0.635553
0.629365
0.634344
0.630491
0.630052
0.62302
0.634546
0.629871
0.628431
0.634792
0.629624
0.634225
0.630059
0.629939
0.62363
0.635429
0.630036
0.628118
0.63045
0.632144
0.628943
0.624331
0.62534
0.620068
0.62963
0.624127
0.623462
0.63041
0.624286
0.629212
0.625781
0.625658
0.619293
0.629953
0.624845
0.624425
0.629801
0.624529
0.628895
0.625474
0.625196
0.618298
0.62951
0.624302
0.623375
0.629647
0.624491
0.628804
0.625063
0.625495
0.618277
0.629633
0.624675
0.623784
0.62966
0.624983
0.628533
0.624894
0.6249
0.61775
0.629311
0.624004
0.623001
0.629648
0.625019
0.62924
0.625104
0.625256
0.617943
0.630019
0.623533
0.622904
0.629869
0.62479
0.628855
0.624897
0.624811
0.618118
0.629277
0.628956
0.623648
0.629965
0.624196
0.628955
0.625756
0.625696
0.620121
0.629136
0.624858
0.623618
0.629801
0.624395
0.628869
0.625083
0.625179
0.617907
0.629428
0.62451
0.623032
0.629435
0.624183
0.628817
0.624947
0.624617
0.619641
0.629399
0.624555
0.623016
0.629371
0.624443
0.628536
0.625247
0.624024
0.617903
0.629326
0.624656
0.618463
0.629622
0.618926
0.62889
0.619703
0.619729
0.618557
0.624423
0.619882
0.617372
0.624234
0.619141
0.623226
0.619419
0.620153
0.613036
0.624088
0.618781
0.618287
0.624641
0.619379
0.623386
0.620224
0.623956
0.614576
0.624278
0.621328
0.618152
0.624547
0.622193
0.623593
0.619882
0.619529
0.613123
0.623881
0.619048
0.617903
0.62432
0.619976
0.624527
0.619226
0.6193
0.60811
0.624316
0.613585
0.617853
0.618949
0.619329
0.618052
0.619834
0.613904
0.607357
0.623715
0.614111
0.612394
0.61904
0.613724
0.618587
0.614563
0.615
0.609153
0.61898
0.613849
0.61244
0.621408
0.613696
0.61852
0.614408
0.614024
0.607343
0.61896
0.614971
0.612557
0.61895
0.613169
0.618052
0.614197
0.61448
0.60772
0.619285
0.613877
0.612567
0.619075
0.613803
0.620779
0.614679
0.613576
0.607379
0.618895
0.613999
0.61287
0.619385
0.613632
0.618271
0.614326
0.614239
0.607596
0.618705
0.61409
0.61383
0.620701
0.613091
0.618425
0.614515
0.613856
0.607794
0.618847
0.613379
0.613263
0.61898
0.613581
0.618003
0.61465
0.613854
0.608464
0.618473
0.613588
0.612602
0.618796
0.61407
0.61808
0.614195
0.614301
0.608112
0.618467
0.61363
0.61258
0.619286
0.613498
0.617947
0.61442
0.614019
0.607226
0.619003
0.613256
0.612922
0.618812
0.613742
0.618285
0.614208
0.615352
0.608686
0.618543
0.613966
0.612643
0.623534
0.613843
0.618303
0.613957
0.614612
0.607742
0.618643
0.614042
0.613038
0.619534
0.613276
0.618153
0.614406
0.61384
0.607414
0.619671
0.61408
0.612877
0.618925
0.608241
0.618358
0.609024
0.614533
0.607875
0.61881
0.608404
0.607096
0.616935
0.611673
0.610616
0.606517
0.612227
0.600446
0.611677
0.612239
0.605385
0.611513
0.611621
0.610325
0.60692
0.606315
0.600274
0.616814
0.606619
0.605229
0.61125
0.6067
0.610595
0.606671
0.606719
0.600258
0.610463
0.606082
0.605287
0.611312
0.606644
0.610301
0.606699
0.606433
0.601038
0.611802
0.606655
0.606726
0.61191
0.606769
0.611791
0.606718
0.607329
0.600559
0.611323
0.605399
0.600184
0.612719
0.606567
0.604777
0.60744
0.606883
0.596605
0.611259
0.606474
0.599436
0.60617
0.606681
0.610645
0.60196
0.600867
0.60012
0.605897
0.601689
0.605452
0.606027
0.600615
0.610758
0.601841
0.601092
0.600848
0.605901
0.600895
0.600205
0.605948
0.60631
0.605281
0.601156
0.601313
0.594386
0.605877
0.60078
0.605174
0.606249
0.601029
0.605186
0.601313
0.601008
0.595448
0.605472
0.601023
0.599714
0.606258
0.60044
0.604604
0.601363
0.601254
0.594876
0.606469
0.604226
0.599842
0.606109
0.60102
0.60517
0.601685
0.601222
0.594687
0.605937
0.601361
0.599921
0.606465
0.60098
0.605428
0.601269
0.602131
0.595217
0.605625
0.601335
0.600187
0.606203
0.600829
0.605089
0.601563
0.600163
0.595446
0.606391
0.600689
0.599733
0.606172
0.600985
0.604966
0.601073
0.601707
0.595371
0.605768
0.601162
0.600493
0.606668
0.600812
0.605342
0.601683
0.601509
0.595422
0.606087
0.599961
0.600234
0.606168
0.6008
0.604954
0.601785
0.601999
0.595096
0.606101
0.601161
0.599988
0.60603
0.600998
0.605523
0.601813
0.601397
0.595206
0.609612
0.60071
0.600339
0.606078
0.600824
0.605898
0.60173
0.6014
0.594879
0.605924
0.601165
0.599927
0.606024
0.600756
0.605342
0.602295
0.60158
0.59475
0.606528
0.600839
0.599918
0.6067
0.600896
0.605167
0.601609
0.601215
0.594685
0.605637
0.600407
0.599842
0.60569
0.602598
0.605177
0.601394
0.601505
0.594557
0.606714
0.601075
0.599899
0.606204
0.60085
0.605861
0.60207
0.602039
0.595768
0.605916
0.601101
0.600194
0.605542
0.600697
0.604862
0.601319
0.600951
0.594826
0.606611
0.60088
0.59961
0.606428
0.600552
0.60523
0.601192
0.602103
0.596088
0.607999
0.600819
0.601494
0.606479
0.600816
0.604688
0.601664
0.601142
0.594739
0.606156
0.600403
0.600007
0.606301
0.600876
0.605062
0.601486
0.601992
0.594955
0.606295
0.600394
0.599902
0.606122
0.601594
0.604791
0.601518
0.601204
0.595886
0.605963
0.600864
0.600245
0.606473
0.600576
0.605385
0.601891
0.600897
0.594219
0.605601
0.600687
0.600103
0.605566
0.601426
0.605051
0.601746
0.601205
0.595047
0.606212
0.600945
0.599731
0.606385
0.601148
0.605896
0.601504
0.601491
0.594895
0.605671
0.602506
0.599997
0.605733
0.60143
0.605187
0.60151
0.604944
0.594485
0.606314
0.6006
0.599921
0.606727
0.600845
0.605174
0.601143
0.602329
0.595737
0.6064
0.601187
0.600741
0.60631
0.601021
0.605892
0.601324
0.602418
0.594432
0.60627
0.601179
0.599936
0.605482
0.601491
0.604895
0.601666
0.601833
0.595285
0.606054
0.600738
0.600405
0.605627
0.602158
0.605506
0.601473
0.600346
0.595371
0.606503
0.600668
0.599608
0.605896
0.600443
0.605403
0.601519
0.601646
0.595142
0.605927
0.600581
0.600226
0.607166
0.600822
0.605125
0.60178
0.601744
0.596191
0.605698
0.600273
0.600514
0.606314
0.600941
0.605725
0.603215
0.60323
0.594801
0.606964
0.600729
0.599492
0.605952
0.600578
0.605268
0.601289
0.602402
0.594592
0.606244
0.601209
0.600114
0.606347
0.600717
0.605199
0.601316
0.601645
0.595001
0.606192
0.600243
0.5995
0.605897
0.600706
0.605307
0.601405
0.601926
0.594838
0.606332
0.60041
0.599576
0.606805
0.601119
0.605115
0.601412
0.602256
0.595854
0.605217
0.601841
0.600134
0.605948
0.600668
0.604476
0.601518
0.602191
0.5945
0.605789
0.601108
0.599791
0.605849
0.600671
0.605236
0.601652
0.602642
0.595249
0.605893
0.600749
0.600512
0.606303
0.601171
0.608692
0.601882
0.600829
0.594962
0.605872
0.600958
0.599596
0.606481
0.601222
0.605128
0.601549
0.601292
0.59464
0.606042
0.600667
0.600174
0.606392
0.600915
0.605038
0.601343
0.60194
0.595494
0.606212
0.600947
0.600098
0.606617
0.601665
0.605275
0.601853
0.601777
0.595338
0.607039
0.600761
0.600747
0.60567
0.601048
0.604973
0.601881
0.601263
0.596435
0.606328
0.601397
0.599726
0.605937
0.60078
0.605907
0.602155
0.600975
0.594493
0.606222
0.601116
0.599408
0.605768
0.601009
0.605347
0.60142
0.601669
0.59498
0.605984
0.601166
0.599944
0.606266
0.605145
0.605747
0.602174
0.601935
0.595509
0.606063
0.600884
0.600287
0.606205
0.601299
0.605141
0.601345
0.601274
0.594295
0.6063
0.600822
0.600566
0.605894
0.600411
0.605595
0.601593
0.60229
0.595769
0.605834
0.600849
0.600305
0.606768
0.600698
0.604776
0.60193
0.601262
0.595049
0.606517
0.60082
0.602393
0.605906
0.600884
0.604853
0.601621
0.602386
0.594823
0.607478
0.601322
0.59982
0.605691
0.601185
0.605219
0.60135
0.601293
0.59474
0.606021
0.601085
0.59958
0.606267
0.600417
0.604964
0.601736
0.601208
0.594952
0.605966
0.600136
0.60024
0.609335
0.601703
0.605052
0.601893
0.601889
0.595849
0.605972
0.600681
0.599877
0.606773
0.600478
0.605446
0.601692
0.60145
0.595477
0.606107
0.60164
0.60104
0.606272
0.600406
0.605403
0.601521
0.601427
0.59438
0.605591
0.600581
0.599971
0.606157
0.601074
0.604903
0.601522
0.601954
0.595016
0.605669
0.60068
0.599574
0.606011
0.600948
0.604996
0.601597
0.601533
0.59466
0.606096
0.601319
0.599905
0.606359
0.600931
0.604757
0.60171
0.602196
0.595888
0.605864
0.600873
0.59986
0.606209
0.600833
0.605204
0.60179
0.601336
0.595203
0.605824
0.601063
0.601185
0.609447
0.601151
0.605316
0.601464
0.602159
0.594817
0.606172
0.601307
0.600615
0.606339
0.600539
0.605117
0.601318
0.601468
0.595247
0.606232
0.601466
0.600514
0.606035
0.60043
0.605309
0.601516
0.601314
0.595038
0.606414
0.601132
0.599676
0.606327
0.600382
0.605777
0.603308
0.601842
0.596433
0.606642
0.600991
0.600328
0.606858
0.600148
0.605207
0.601867
0.602127
0.595371
0.605127
0.59993
0.600157
0.605481
0.601248
0.605145
0.601202
0.601421
0.594792
0.606163
0.600685
0.599887
0.606256
0.60058
0.605404
0.601636
0.601841
0.595367
0.605962
0.603987
0.60194
0.608415
0.600676
0.60518
0.601631
0.601297
0.594921
0.607353
0.599999
0.600406
0.60602
0.60123
0.605097
0.601555
0.601967
0.595612
0.605743
0.600622
0.599961
0.606184
0.601452
0.60525
0.60143
0.601327
0.594555
0.605806
0.600694
0.599458
0.605969
0.600604
0.6051
0.601135
0.602189
0.594796
0.605695
0.601054
0.600371
0.606206
0.601374
0.605293
0.601992
0.601401
0.595014
0.605872
0.601024
0.599796
0.606177
0.600423
0.605633
0.601556
0.601519
0.594905
0.605951
0.601158
0.600006
0.605716
0.600744
0.605094
0.60171
0.601429
0.595181
0.606422
0.604232
0.599797
0.606543
0.600314
0.605208
0.601591
0.600931
0.595046
0.605543
0.60049
0.600412
0.605884
0.600491
0.604924
0.601365
0.602417
0.59589
0.605897
0.60057
0.600358
0.606502
0.60052
0.604668
0.602201
0.601706
0.597764
0.605519
0.601166
0.599869
0.605459
0.600724
0.605157
0.601492
0.600676
0.594773
0.605898
0.600918
0.599787
0.606028
0.60051
0.605133
0.601707
0.601399
0.594712
0.605923
0.600636
0.599399
0.606416
0.60092
0.605203
0.60145
0.600887
0.594277
0.605919
0.600795
0.601365
0.60611
0.600632
0.605193
0.601384
0.601574
0.594967
0.610122
0.601618
0.599583
0.605835
0.600554
0.604973
0.601532
0.602148
0.59553
0.605547
0.60114
0.600304
0.606324
0.600189
0.605263
0.602486
0.601455
0.594686
0.605137
0.600707
0.600221
0.605717
0.600805
0.604963
0.601703
0.601582
0.595069
0.606116
0.601296
0.599934
0.606019
0.603196
0.606156
0.601836
0.600876
0.594718
0.605497
0.601155
0.599786
0.605433
0.60322
0.605408
0.60159
0.601116
0.594708
0.606052
0.600967
0.600055
0.606114
0.600808
0.605017
0.601796
0.601796
0.596085
0.605632
0.600451
0.600531
0.605715
0.601052
0.604962
0.601557
0.601578
0.596137
0.607924
0.600657
0.600289
0.605749
0.600131
0.605032
0.601638
0.601371
0.595318
0.606256
0.600352
0.599731
0.604979
0.60062
0.605543
0.601176
0.60202
0.595535
0.606305
0.600443
0.599916
0.60591
0.60046
0.604587
0.600774
0.60082
0.594875
0.606077
0.601902
0.600878
0.60725
0.600305
0.60466
0.601712
0.600758
0.594526
0.60635
0.601104
0.600145
0.605807
0.600327
0.605052
0.601584
0.601033
0.594562
0.606007
0.600526
0.59989
0.605963
0.600488
0.604467
0.60096
0.601633
0.594788
0.605508
0.601774
0.600146
0.606105
0.600601
0.605351
0.601584
0.601929
0.594275
0.605797
0.600202
0.600131
0.605648
0.600008
0.604933
0.601105
0.600667
0.595014
0.606309
0.600624
0.599887
0.605337
0.600634
0.605784
0.601083
0.602356
0.594639
0.605888
0.600807
0.599927
0.605409
0.600844
0.604978
0.601815
0.601508
0.595332
0.605681
0.600694
0.600039
0.605489
0.601022
0.605171
0.601322
0.600574
0.595061
0.605972
0.600622
0.59938
0.605459
0.601097
0.605297
0.601451
0.601489
0.595287
0.606007
0.601016
0.600226
0.607017
0.599731
0.604841
0.601122
0.600979
0.594859
0.605825
0.600811
0.599376
0.605652
0.600602
0.60489
0.602008
0.603643
0.594625
0.605985
0.601006
0.600115
0.606112
0.600169
0.60502
0.601642
0.600026
0.594555
0.605637
0.600632
0.599901
0.605534
0.600411
0.605154
0.601252
0.600995
0.594331
0.605503
0.600367
0.600428
0.606329
0.600498
0.60521
0.601957
0.600761
0.594867
0.606141
0.601011
0.600182
0.605531
0.600533
0.604945
0.601119
0.600726
0.594651
0.605788
0.600554
0.602727
0.605734
0.600748
0.605138
0.601326
0.600816
0.594625
0.606178
0.601004
0.600174
0.606093
0.600395
0.604796
0.601566
0.600686
0.594572
0.605925
0.600045
0.60022
0.605771
0.600647
0.605548
0.601977
0.601098
0.594767
0.605607
0.600569
0.599525
0.605406
0.600423
0.605132
0.601545
0.601322
0.594805
0.605709
0.600238
0.600292
0.60561
0.600646
0.605667
0.601121
0.601098
0.594451
0.606029
0.600944
0.59987
0.605907
0.601122
0.605129
0.601416
0.601149
0.594884
0.605849
0.600829
0.599702
0.606061
0.600557
0.605085
0.601584
0.60171
0.595123
0.605852
0.601134
0.599833
0.605844
0.599824
0.604819
0.601169
0.601204
0.595058
0.605712
0.600632
0.599421
0.605623
0.599913
0.605365
0.60122
0.600262
0.59509
0.605971
0.60068
0.600155
0.605457
0.601538
0.606099
0.601634
0.601342
0.594483
0.60558
0.600993
0.600299
0.606289
0.600176
0.604598
0.601367
0.601042
0.595549
0.605867
0.601136
0.601113
0.605741
0.600236
0.604787
0.601183
0.600507
0.59482
0.605915
0.601448
0.599571
0.606489
0.600363
0.604909
0.601276
0.60048
0.594869
0.606603
0.601023
0.599737
0.605821
0.600771
0.605147
0.60159
0.600374
0.594791
0.605819
0.600557
0.599952
0.605907
0.600217
0.605153
0.600902
0.600952
0.594346
0.605561
0.600879
0.600178
0.605298
0.600901
0.605342
0.601164
0.602253
0.595163
0.605838
0.600893
0.600271
0.605639
0.60144
0.605257
0.601591
0.601204
0.594706
0.605393
0.600727
0.599594
0.606375
0.600775
0.604948
0.601128
0.601498
0.594638
0.605817
0.601846
0.601657
0.60597
0.599813
0.605116
0.601685
0.60065
0.594581
0.606085
0.601059
0.599737
0.605134
0.600254
0.606031
0.601405
0.601057
0.595075
0.60596
0.600142
0.600305
0.605587
0.600721
0.604979
0.601067
0.601499
0.594936
0.605677
0.601121
0.601307
0.606622
0.599976
0.60496
0.601522
0.601286
0.59482
0.605872
0.600341
0.599886
0.605848
0.6006
0.605952
0.601367
0.600735
0.59453
0.605755
0.600959
0.59988
0.606776
0.600618
0.6049
0.601022
0.600644
0.594797
0.606045
0.600653
0.600309
0.60512
0.600141
0.605656
0.601478
0.600905
0.595204
0.60717
0.600745
0.599993
0.605707
0.600942
0.604914
0.601341
0.600468
0.594579
0.606168
0.600518
0.599856
0.605706
0.600653
0.605194
0.601162
0.60159
0.595368
0.605558
0.600922
0.600106
0.605242
0.600145
0.604888
0.601082
0.600953
0.594531
0.606124
0.600349
0.599764
0.6055
0.600206
0.605031
0.601627
0.60043
0.594968
0.605998
0.600776
0.599161
0.605328
0.600609
0.604868
0.601468
0.600491
0.595096
0.606028
0.60159
0.603298
0.606253
0.600824
0.604817
0.601517
0.60124
0.594481
0.605722
0.600424
0.600445
0.605861
0.600324
0.604784
0.601396
0.600812
0.595584
0.605636
0.60044
0.600112
0.605128
0.600676
0.604645
0.601601
0.601224
0.594944
0.605877
0.600995
0.600989
0.605936
0.600974
0.605211
0.603569
0.600593
0.596219
0.605817
0.601094
0.600113
0.605529
0.600193
0.60532
0.601318
0.600832
0.594958
0.606031
0.600171
0.599546
0.606226
0.60107
0.604846
0.60151
0.601152
0.594729
0.605599
0.600345
0.599871
0.605131
0.600446
0.605092
0.601439
0.601116
0.594588
0.606064
0.601846
0.600182
0.605315
0.600003
0.605108
0.601408
0.601439
0.595653
0.60602
0.60016
0.60155
0.605644
0.600327
0.604999
0.601379
0.601492
0.596646
0.605467
0.600782
0.599894
0.605759
0.600487
0.605056
0.600968
0.60298
0.594302
0.605907
0.601061
0.599968
0.60641
0.600238
0.604761
0.601485
0.600325
0.594672
0.605433
0.600771
0.599671
0.605488
0.600468
0.604945
0.601602
0.600129
0.595258
0.605598
0.600899
0.599948
0.605796
0.600408
0.604705
0.601421
0.601798
0.594523
0.605451
0.601006
0.60028
0.606076
0.600035
0.604914
0.601897
0.60101
0.595207
0.607526
0.602649
0.600212
0.605837
0.599836
0.605134
0.601079
0.600187
0.595082
0.605805
0.601572
0.59999
0.60612
0.601911
0.605268
0.601452
0.601672
0.594446
0.605844
0.601256
0.600609
0.605835
0.600472
0.605106
0.601585
0.601291
0.595467
0.605541
0.60015
0.59978
0.605891
0.601526
0.605159
0.601185
0.600798
0.595058
0.605727
0.600341
0.599771
0.606344
0.601079
0.605454
0.601493
0.60137
0.594999
0.606466
0.601049
0.599967
0.604629
0.600461
0.604555
0.601366
0.601204
0.595741
0.605777
0.599928
0.599775
0.606475
0.600945
0.604976
0.601142
0.60229
0.595379
0.60646
0.601301
0.599844
0.60674
0.600573
0.605045
0.601426
0.601018
0.59533
0.605818
0.600548
0.599299
0.605683
0.600229
0.605263
0.601189
0.600385
0.594854
0.605497
0.600473
0.600039
0.606522
0.60091
0.605032
0.601416
0.601209
0.595185
0.605933
0.601285
0.600175
0.606387
0.60023
0.604971
0.601392
0.601
0.594282
0.606191
0.60054
0.600218
0.60633
0.601064
0.605084
0.601705
0.600499
0.594354
0.606188
0.600507
0.600528
0.605228
0.600324
0.60512
0.601285
0.600828
0.594906
0.607293
0.601618
0.600074
0.606222
0.600849
0.604981
0.601848
0.602651
0.594786
0.605819
0.600451
0.600128
0.605805
0.600043
0.605223
0.601576
0.600392
0.594753
0.606329
0.600878
0.599447
0.605579
0.601738
0.605275
0.601102
0.601195
0.595326
0.6058
0.60161
0.600105
0.605777
0.600395
0.605104
0.601495
0.600724
0.59525
0.605515
0.600434
0.600103
0.606436
0.600999
0.605159
0.601597
0.60055
0.594554
0.605994
0.600965
0.59971
0.605661
0.600061
0.605175
0.601691
0.600925
0.594369
0.605691
0.601083
0.599352
0.605951
0.600319
0.604795
0.60168
0.600858
0.594473
0.605735
0.602125
0.600365
0.605556
0.600801
0.605344
0.601474
0.602132
0.594549
0.605956
0.600647
0.599618
0.606579
0.600647
0.605403
0.602942
0.601694
0.594511
0.605969
0.600881
0.601208
0.606242
0.601275
0.604903
0.601223
0.601115
0.594395
0.60611
0.601241
0.599748
0.605336
0.600048
0.605079
0.601059
0.600675
0.594625
0.605983
0.601387
0.599972
0.605931
0.600745
0.605083
0.60203
0.600395
0.595856
0.606312
0.601084
0.599547
0.605209
0.600625
0.605409
0.601219
0.600507
0.594353
0.607469
0.600663
0.600115
0.605758
0.600876
0.60569
0.601475
0.601384
0.595033
0.606266
0.600807
0.600226
0.606606
0.600515
0.605234
0.602346
0.601499
0.595495
0.607544
0.601422
0.59976
0.60595
0.600364
0.605106
0.601504
0.601298
0.594425
0.605211
0.601152
0.600152
0.606804
0.600377
0.605135
0.601503
0.600305
0.594622
0.605726
0.600949
0.600048
0.605917
0.600094
0.604885
0.600925
0.600799
0.595258
0.606218
0.600225
0.599806
0.605623
0.600812
0.604955
0.601006
0.601608
0.594523
0.605993
0.600864
0.599884
0.606496
0.599995
0.604658
0.601506
0.601722
0.595115
0.60596
0.601323
0.600295
0.606223
0.600147
0.604986
0.601423
0.601109
0.595154
0.604922
0.600907
0.600288
0.605654
0.600789
0.60793
0.601557
0.600804
0.595165
0.606232
0.600846
0.599918
0.605442
0.600799
0.60504
0.601823
0.601278
0.595564
0.605842
0.600396
0.601336
0.60548
0.600713
0.604908
0.600885
0.601055
0.59484
0.605669
0.601038
0.599864
0.606472
0.600926
0.605018
0.60142
0.601255
0.595023
0.608346
0.601247
0.600031
0.606023
0.600582
0.604816
0.60153
0.601088
0.595604
0.605704
0.600503
0.599487
0.606127
0.600483
0.606019
0.602233
0.601617
0.594692
0.605649
0.6018
0.6002
0.606207
0.600475
0.604965
0.601369
0.600874
0.594675
0.605818
0.600758
0.599877
0.605775
0.60155
0.605199
0.601336
0.600998
0.59467
0.606199
0.600705
0.600705
0.605772
0.600764
0.604945
0.601574
0.601104
0.594846
0.605609
0.601645
0.600776
0.605897
0.600313
0.605104
0.601552
0.601629
0.594963
0.606193
0.600698
0.600152
0.60586
0.600402
0.605758
0.601681
0.600918
0.595006
0.605902
0.600359
0.600453
0.605596
0.600751
0.604761
0.601132
0.600942
0.595174
0.605885
0.601027
0.6
0.606192
0.600632
0.605308
0.601578
0.600998
0.594826
0.606307
0.600826
0.599153
0.605608
0.600837
0.605665
0.601293
0.600501
0.594483
0.606132
0.600279
0.599792
0.607078
0.6009
0.604878
0.601718
0.601817
0.595111
0.606756
0.601055
0.600658
0.605643
0.600345
0.605317
0.601653
0.601058
0.594546
0.606445
0.601745
0.601087
0.606008
0.600503
0.605149
0.601336
0.601011
0.594812
0.605886
0.600782
0.599696
0.605859
0.600759
0.605053
0.601514
0.601804
0.595025
0.606014
0.600899
0.6002
0.605336
0.600729
0.605114
0.601695
0.600857
0.594276
0.605892
0.600901
0.60069
0.605609
0.600713
0.604977
0.601496
0.601159
0.595471
0.606027
0.60015
0.600075
0.605544
0.600868
0.604868
0.601557
0.600408
0.594371
0.606105
0.600827
0.603993
0.606115
0.600682
0.605137
0.601116
0.600738
0.594807
0.606017
0.602711
0.599883
0.605852
0.600575
0.605478
0.601362
0.601138
0.595261
0.606423
0.601277
0.600278
0.605666
0.600451
0.605838
0.601486
0.600709
0.595653
0.606283
0.600862
0.601025
0.606091
0.600618
0.605063
0.602747
0.60036
0.594496
0.606066
0.600973
0.599931
0.606208
0.600879
0.604907
0.601589
0.601394
0.595095
0.606179
0.600218
0.599666
0.605791
0.601805
0.605224
0.600961
0.601148
0.595844
0.606024
0.601208
0.599689
0.60575
0.600708
0.60503
0.601346
0.602176
0.594503
0.60592
0.602748
0.600204
0.606698
0.600036
0.605984
0.601461
0.601014
0.594084
0.605751
0.601152
0.599577
0.605895
0.600288
0.605085
0.60093
0.601371
0.595472
0.605813
0.600126
0.600227
0.605713
0.600638
0.60531
0.602019
0.602203
0.595161
0.605751
0.600983
0.599917
0.606124
0.600803
0.60499
0.60147
0.600845
0.595052
0.605752
0.60204
0.60009
0.606508
0.600261
0.604832
0.600912
0.600403
0.595024
0.605616
0.601317
0.60011
0.605902
0.600708
0.605029
0.601078
0.600649
0.594348
0.605972
0.600414
0.599835
0.605121
0.600597
0.604911
0.601638
0.600797
0.595145
0.606305
0.601621
0.599977
0.606061
0.601161
0.605044
0.601084
0.600537
0.59476
0.606029
0.600495
0.60001
0.606244
0.601646
0.605377
0.601914
0.601689
0.594871
0.606108
0.601417
0.59979
0.605598
0.600266
0.604661
0.601413
0.60107
0.594525
0.605802
0.600602
0.599548
0.606232
0.600844
0.605117
0.601564
0.601047
0.594654
0.60558
0.601662
0.600189
0.6068
0.600711
0.605058
0.601186
0.600605
0.594555
0.606167
0.600459
0.599591
0.60559
0.60013
0.604865
0.601442
0.60002
0.595102
0.60617
0.600495
0.599747
0.605323
0.600671
0.605246
0.60128
0.601324
0.594813
0.606871
0.601194
0.600909
0.606316
0.600057
0.605434
0.601564
0.600874
0.595501
0.605443
0.600554
0.60017
0.605347
0.60067
0.605202
0.602552
0.600594
0.595267
0.605679
0.600343
0.60012
0.606084
0.600554
0.604767
0.600922
0.600992
0.594745
0.605852
0.601138
0.600063
0.605664
0.600349
0.604854
0.601584
0.601374
0.594808
0.605572
0.600434
0.59972
0.605276
0.600324
0.605178
0.601046
0.600675
0.594919
0.605704
0.600813
0.5999
0.605729
0.600979
0.605363
0.601135
0.602011
0.594916
0.606034
0.601327
0.60045
0.605708
0.600106
0.605096
0.601613
0.601523
0.594714
0.606043
0.600492
0.599372
0.60551
0.60048
0.604849
0.601279
0.600914
0.59477
0.605826
0.601652
0.599616
0.605554
0.600362
0.60629
0.601467
0.600492
0.594998
0.605756
0.600355
0.599716
0.60551
0.600543
0.605104
0.604718
0.600682
0.594688
0.605582
0.600497
0.600595
0.612222
0.600445
0.604855
0.601567
0.601116
0.594768
0.605992
0.600624
0.599852
0.606132
0.600646
0.604594
0.60148
0.600885
0.595001
0.606208
0.600914
0.600101
0.605248
0.600967
0.605153
0.601284
0.601226
0.594311
0.605744
0.601765
0.60022
0.60638
0.600065
0.608403
0.601889
0.601718
0.594955
0.605572
0.600877
0.600124
0.605337
0.600559
0.60538
0.602721
0.600985
0.595581
0.606098
0.600987
0.599452
0.605391
0.601363
0.605356
0.601193
0.601
0.594557
0.606321
0.600025
0.599889
0.605901
0.600028
0.605066
0.601283
0.601451
0.595293
0.60535
0.600531
0.599791
0.605575
0.600887
0.605077
0.601091
0.601114
0.594443
0.605668
0.600389
0.600037
0.606382
0.600457
0.60508
0.601563
0.600923
0.596119
0.605955
0.601668
0.600013
0.605737
0.60014
0.605262
0.601424
0.600221
0.594798
0.605767
0.601039
0.599416
0.607562
0.600496
0.604803
0.601973
0.600632
0.594505
0.605539
0.600758
0.600098
0.606073
0.600184
0.604699
0.601407
0.600755
0.594652
0.60576
0.600311
0.599884
0.605993
0.600488
0.60479
0.60136
0.60093
0.594974
0.605941
0.600757
0.600706
0.605957
0.600159
0.60502
0.601534
0.600107
0.595169
0.605418
0.601339
0.600067
0.60516
0.600334
0.605406
0.601621
0.600683
0.594443
0.605823
0.600567
0.599742
0.605715
0.600827
0.605162
0.601313
0.601023
0.594934
0.605767
0.600618
0.600532
0.606043
0.600264
0.605079
0.601452
0.60108
0.594364
0.606099
0.60035
0.599766
0.605648
0.600165
0.607686
0.601445
0.601198
0.595061
0.606754
0.600446
0.600621
0.605138
0.600065
0.605179
0.601251
0.601115
0.59542
0.605995
0.600218
0.600405
0.606738
0.600519
0.604654
0.601034
0.601382
0.594573
0.605517
0.601207
0.600067
0.606075
0.600605
0.604547
0.60089
0.601697
0.594443
0.60583
0.600831
0.599069
0.605215
0.600222
0.605117
0.601266
0.600267
0.597906
0.60594
0.600411
0.599876
0.605635
0.600408
0.605234
0.60163
0.601721
0.59463
0.605755
0.601448
0.599802
0.606558
0.600369
0.605292
0.601587
0.60057
0.595091
0.605962
0.600499
0.600034
0.605492
0.601604
0.605363
0.60111
0.600947
0.594383
0.605586
0.600472
0.59985
0.605194
0.600403
0.60533
0.601348
0.601338
0.594451
0.606149
0.601838
0.602587
0.605594
0.600437
0.604874
0.601545
0.601015
0.595029
0.60571
0.600477
0.59984
0.605561
0.600114
0.605244
0.60111
0.601211
0.594857
0.606206
0.600774
0.599943
0.605958
0.600389
0.605096
0.601579
0.600944
0.595088
0.606063
0.601401
0.600166
0.605717
0.599894
0.604971
0.601492
0.601214
0.594702
0.60538
0.600277
0.599519
0.605459
0.601045
0.604745
0.601349
0.601224
0.594505
0.606008
0.601401
0.600568
0.607244
0.601403
0.605245
0.601099
0.600727
0.596896
0.605983
0.601336
0.599871
0.60602
0.600443
0.604832
0.601107
0.600886
0.594234
0.605787
0.601266
0.601169
0.605807
0.60012
0.60492
0.601755
0.601034
0.594789
0.605874
0.600602
0.599684
0.605176
0.60084
0.605356
0.601118
0.603688
0.594764
0.605891
0.600797
0.59988
0.605989
0.600226
0.60525
0.601559
0.600704
0.594477
0.60552
0.60084
0.60117
0.605619
0.599989
0.604964
0.6015
0.600528
0.594828
0.606106
0.600841
0.599723
0.606008
0.600789
0.605094
0.601857
0.600716
0.594816
0.606646
0.600737
0.599859
0.606797
0.600234
0.605005
0.601518
0.600726
0.594713
0.606013
0.602523
0.600204
0.605681
0.600931
0.605272
0.601355
0.601442
0.594969
0.60585
0.601101
0.599999
0.606018
0.600396
0.604933
0.601128
0.600493
0.594525
0.605606
0.600618
0.599877
0.605743
0.600797
0.604867
0.601432
0.601156
0.594669
0.605968
0.601488
0.600078
0.605701
0.599573
0.60445
0.601216
0.600381
0.594834
0.605735
0.600741
0.59961
0.60573
0.602003
0.604864
0.601524
0.600078
0.594424
0.605792
0.600837
0.600256
0.605121
0.600809
0.605446
0.6009
0.601486
0.595325
0.605704
0.60145
0.600325
0.606882
0.600369
0.604982
0.601612
0.600968
0.595294
0.605717
0.600773
0.600421
0.605654
0.600625
0.604912
0.602057
0.600423
0.595337
0.605961
0.601179
0.60011
0.605356
0.600137
0.60542
0.602885
0.600654
0.594722
0.605749
0.600294
0.600359
0.605328
0.600698
0.60513
0.601928
0.601366
0.595457
0.605453
0.600743
0.599891
0.605937
0.600184
0.604785
0.600772
0.600721
0.595853
0.605837
0.600726
0.600092
0.606536
0.600527
0.60512
0.601547
0.601979
0.59552
0.605985
0.601003
0.600428
0.605409
0.599914
0.60494
0.601434
0.601352
0.59487
0.607132
0.601774
0.599696
0.6067
0.600598
