4.06656
3.00525
2.16229
1.40859
0.850421
-0.552368
-0.539852
-0.528124
-0.517103
-0.506736
-0.496963
-0.487738
-0.479016
-0.470756
-0.462926
-0.455489
-0.448419
-0.441685
-0.435268
-0.429142
-0.423288
-0.417687
-0.412326
-0.407187
-0.402256
-0.397513
-0.392952
-0.388542
-0.384258
-0.380094
-0.376044
-0.372101
-0.368261
-0.364519
-0.36087
-0.357311
-0.353837
-0.350445
-0.347132
-0.343895
-0.340731
-0.337636
-0.33461
-0.331648
-0.32875
-0.325912
-0.323134
-0.320412
-0.317746
-0.31514
-0.312645
-0.310194
-0.307787
-0.305423
-0.303102
-0.300821
-0.298582
-0.296383
-0.294223
-0.292101
-0.290017
-0.28797
-0.285958
-0.283982
-0.282041
-0.280132
-0.278257
-0.276413
-0.2746
-0.272818
-0.271065
-0.26934
-0.267643
-0.265973
-0.264329
-0.26271
-0.261116
-0.259546
-0.257998
-0.256472
-0.254968
-0.253485
-0.252021
-0.250576
-0.24915
-0.247742
-0.246351
-0.244976
-0.243617
-0.242274
-0.240945
-0.239631
-0.23833
-0.237043
-0.235769
-0.234507
-0.233258
-0.232021
-0.230795
-0.229581
-0.228379
-0.227188
-0.226007
-0.224838
-0.223681
-0.222534
-0.221398
-0.220273
-0.21916
-0.218057
-0.216966
-0.215887
-0.214819
-0.213762
-0.212716
-0.211683
-0.210661
-0.20965
-0.208651
-0.207664
-0.206688
-0.205724
-0.204772
-0.203831
-0.202901
-0.201983
-0.201077
-0.200181
-0.199297
-0.198423
-0.197561
-0.196709
-0.195868
-0.195038
-0.194218
-0.193409
-0.192612
-0.191832
-0.191064
-0.190305
-0.189555
-0.188813
-0.188079
-0.187352
-0.186634
-0.185924
-0.185222
-0.184527
-0.183839
-0.183159
-0.182487
-0.181821
-0.181163
-0.180511
-0.179866
-0.179228
-0.178597
-0.177972
-0.177354
-0.176742
-0.176136
-0.175537
-0.174943
-0.174355
-0.173774
-0.173198
-0.172627
-0.172063
-0.171504
-0.17095
-0.170401
-0.169858
-0.16932
-0.168788
-0.16826
-0.167737
-0.167219
-0.166706
-0.166198
-0.165694
-0.165195
-0.1647
-0.16421
-0.163724
-0.163243
-0.162766
-0.162293
-0.161824
-0.16136
-0.1609
-0.160444
-0.159993
-0.159546
-0.159103
-0.158664
-0.158228
-0.157796
-0.157368
-0.156943
-0.156521
-0.156103
-0.155689
-0.155277
-0.154869
-0.154464
-0.154062
-0.153664
-0.153269
-0.152876
-0.152487
-0.152101
-0.151718
-0.151338
-0.15096
-0.150586
-0.150214
-0.149846
-0.14948
-0.149116
-0.148756
-0.148398
-0.148043
-0.14769
-0.14734
-0.146993
-0.146648
-0.146306
-0.145966
-0.145629
-0.145294
-0.144961
-0.144631
-0.144303
-0.143978
-0.143655
-0.143334
-0.143016
-0.142699
-0.142385
-0.142073
-0.141764
-0.141456
-0.14115
-0.140847
-0.140546
-0.140247
-0.13995
-0.139654
-0.139361
-0.13907
-0.138781
-0.138494
-0.138208
-0.137925
-0.137643
-0.137364
-0.137086
-0.13681
-0.136536
-0.136263
-0.135993
-0.135724
-0.135457
-0.135192
-0.134928
-0.134666
-0.134406
-0.134147
-0.13389
-0.133635
-0.133382
-0.13313
-0.132879
-0.13263
-0.132383
-0.132137
-0.131893
-0.13165
-0.131409
-0.131169
-0.130931
-0.130694
-0.130459
-0.130225
-0.129993
-0.129762
-0.129532
-0.129304
-0.129077
-0.128852
-0.128628
-0.128405
-0.128184
-0.127963
-0.127745
-0.127527
-0.127311
-0.127096
-0.126882
-0.12667
-0.126459
-0.126249
-0.12604
-0.125833
-0.125627
-0.125422
-0.125218
-0.125015
-0.124814
-0.124613
-0.124414
-0.124216
-0.124019
-0.123823
-0.123628
-0.123435
-0.123242
-0.123051
-0.12286
-0.122671
-0.122483
-0.122296
-0.12211
-0.121924
-0.12174
-0.121557
-0.121375
-0.121194
-0.121014
-0.120835
-0.120657
-0.12048
-0.120304
-0.120129
-0.119954
-0.119781
-0.119609
-0.119437
-0.119267
-0.119097
-0.118929
-0.118761
-0.118594
-0.118428
-0.118263
-0.118098
-0.117935
-0.117773
-0.117611
-0.11745
-0.11729
-0.117131
-0.116973
-0.116815
-0.116659
-0.116503
-0.116348
-0.116194
-0.11604
-0.115888
-0.115736
-0.115585
-0.115434
-0.115285
-0.115136
-0.114988
-0.114841
-0.114694
-0.114548
-0.114403
-0.114259
-0.114116
-0.113973
-0.113831
-0.113689
-0.113548
-0.113408
-0.113269
-0.11313
-0.112992
-0.112855
-0.112719
-0.112583
-0.112447
-0.112313
-0.112179
-0.112046
-0.111913
-0.111781
-0.11165
-0.111519
-0.111389
-0.11126
-0.111131
-0.111003
-0.110875
-0.110748
-0.110622
-0.110496
-0.110371
-0.110246
-0.110122
-0.109999
-0.109876
-0.109754
-0.109633
-0.109512
-0.109391
-0.109271
-0.109152
-0.109033
-0.108915
-0.108797
-0.10868
-0.108564
-0.108448
-0.108332
-0.108217
-0.108103
-0.107989
-0.107876
-0.107763
-0.10765
-0.107539
-0.107427
-0.107317
-0.107206
-0.107097
-0.106987
-0.106879
-0.10677
-0.106662
-0.106555
-0.106448
-0.106342
-0.106236
-0.106131
-0.106026
-0.105922
-0.105818
-0.105714
-0.105611
-0.105508
-0.105406
-0.105305
-0.105204
-0.105103
-0.105002
-0.104903
-0.104803
-0.104704
-0.104606
-0.104508
-0.10441
-0.104313
-0.104216
-0.104119
-0.104023
-0.103928
-0.103833
-0.103738
-0.103644
-0.10355
-0.103456
-0.103363
-0.10327
-0.103178
-0.103086
-0.102995
-0.102903
-0.102813
-0.102722
-0.102632
-0.102543
-0.102454
-0.102365
-0.102276
-0.102188
-0.102101
-0.102013
-0.101926
-0.10184
-0.101754
-0.101668
-0.101582
-0.101497
-0.101412
-0.101328
-0.101244
-0.10116
-0.101077
-0.100994
-0.100911
-0.100829
-0.100747
-0.100665
-0.100584
-0.100503
-0.100422
-0.100342
-0.100262
-0.100182
-0.100103
-0.100024
-0.0999451
-0.0998667
-0.0997887
-0.0997109
-0.0996335
-0.0995565
-0.0994797
-0.0994032
-0.0993271
-0.0992512
-0.0991757
-0.0991004
-0.0990255
-0.0989509
-0.0988766
-0.0988025
-0.0987288
-0.0986554
-0.0985822
-0.0985094
-0.0984368
-0.0983646
-0.0982926
-0.0982209
-0.0981495
-0.0980784
-0.0980075
-0.097937
-0.0978667
-0.0977967
-0.097727
-0.0976575
-0.0975883
-0.0975194
-0.0974508
-0.0973824
-0.0973143
-0.0972465
-0.0971789
-0.0971116
-0.0970446
-0.0969778
-0.0969113
-0.096845
-0.096779
-0.0967133
-0.0966478
-0.0965826
-0.0965176
-0.0964529
-0.0963884
-0.0963241
-0.0962602
-0.0961964
-0.0961329
-0.0960697
-0.0960067
-0.0959439
-0.0958814
-0.0958191
-0.095757
-0.0956952
-0.0956337
-0.0955723
-0.0955112
-0.0954503
-0.0953897
-0.0953293
-0.0952691
-0.0952091
-0.0951494
-0.0950899
-0.0950306
-0.0949715
-0.0949127
-0.0948541
-0.0947957
-0.0947375
-0.0946796
-0.0946218
-0.0945643
-0.094507
-0.0944499
-0.094393
-0.0943364
-0.0942799
-0.0942236
-0.0941676
-0.0941118
-0.0940561
-0.0940007
-0.0939455
-0.0938905
-0.0938357
-0.0937811
-0.0937267
-0.0936725
-0.0936185
-0.0935647
-0.0935111
-0.0934577
-0.0934044
-0.0933514
-0.0932986
-0.093246
-0.0931935
-0.0931413
-0.0930892
-0.0930374
-0.0929857
-0.0929342
-0.0928829
-0.0928318
-0.0927808
-0.0927301
-0.0926795
-0.0926291
-0.0925789
-0.0925289
-0.0924791
-0.0924294
-0.0923799
-0.0923306
-0.0922815
-0.0922325
-0.0921838
-0.0921352
-0.0920867
-0.0920385
-0.0919904
-0.0919425
-0.0918948
-0.0918472
-0.0917998
-0.0917526
-0.0917055
-0.0916586
-0.0916119
-0.0915653
-0.0915189
-0.0914727
-0.0914266
-0.0913807
-0.091335
-0.0912894
-0.0912439
-0.0911987
-0.0911536
-0.0911086
-0.0910638
-0.0910192
-0.0909747
-0.0909304
-0.0908862
-0.0908422
-0.0907984
-0.0907547
-0.0907111
-0.0906677
-0.0906245
-0.0905814
-0.0905384
-0.0904957
-0.090453
-0.0904105
-0.0903681
-0.0903259
-0.0902839
-0.090242
-0.0902002
-0.0901586
-0.0901171
-0.0900757
-0.0900345
-0.0899935
-0.0899526
-0.0899118
-0.0898712
-0.0898307
-0.0897903
-0.0897501
-0.08971
-0.0896701
-0.0896303
-0.0895906
-0.0895511
-0.0895117
-0.0894724
-0.0894333
-0.0893943
-0.0893554
-0.0893167
-0.0892781
-0.0892396
-0.0892013
-0.089163
-0.089125
-0.089087
-0.0890492
-0.0890115
-0.0889739
-0.0889365
-0.0888992
-0.088862
-0.0888249
-0.088788
-0.0887511
-0.0887144
-0.0886779
-0.0886414
-0.0886051
-0.0885689
-0.0885328
-0.0884968
-0.088461
-0.0884253
-0.0883897
-0.0883542
-0.0883188
-0.0882836
-0.0882484
-0.0882134
-0.0881785
-0.0881437
-0.0881091
-0.0880745
-0.0880401
-0.0880058
-0.0879715
-0.0879374
-0.0879035
-0.0878696
-0.0878358
-0.0878022
-0.0877686
-0.0877352
-0.0877019
-0.0876687
-0.0876356
-0.0876026
-0.0875697
-0.0875369
-0.0875043
-0.0874717
-0.0874393
-0.0874069
-0.0873747
-0.0873425
-0.0873105
-0.0872786
-0.0872467
-0.087215
-0.0871834
-0.0871519
-0.0871205
-0.0870892
-0.087058
-0.0870269
-0.0869959
-0.086965
-0.0869342
-0.0869034
-0.0868728
-0.0868423
-0.0868119
-0.0867816
-0.0867514
-0.0867213
-0.0866913
-0.0866614
-0.0866315
-0.0866018
-0.0865722
-0.0865426
-0.0865132
-0.0864838
-0.0864546
-0.0864254
-0.0863964
-0.0863674
-0.0863385
-0.0863097
-0.086281
-0.0862524
-0.0862239
-0.0861955
-0.0861672
-0.0861389
-0.0861108
-0.0860827
-0.0860547
-0.0860269
-0.0859991
-0.0859714
-0.0859437
-0.0859162
-0.0858888
-0.0858614
-0.0858341
-0.085807
-0.0857799
-0.0857529
-0.0857259
-0.0856991
-0.0856723
-0.0856457
-0.0856191
-0.0855926
-0.0855662
-0.0855398
-0.0855136
-0.0854874
-0.0854613
-0.0854353
-0.0854094
-0.0853835
-0.0853578
-0.0853321
-0.0853065
-0.085281
-0.0852555
-0.0852301
-0.0852049
-0.0851797
-0.0851545
-0.0851295
-0.0851045
-0.0850796
-0.0850548
-0.0850301
-0.0850054
-0.0849808
-0.0849563
-0.0849319
-0.0849076
-0.0848833
-0.0848591
-0.0848349
-0.0848109
-0.0847869
-0.084763
-0.0847392
-0.0847154
-0.0846917
-0.0846681
-0.0846446
-0.0846211
-0.0845977
-0.0845744
-0.0845512
-0.084528
-0.0845049
-0.0844819
-0.0844589
-0.084436
-0.0844132
-0.0843904
-0.0843677
-0.0843451
-0.0843226
-0.0843001
-0.0842777
-0.0842554
-0.0842331
-0.0842109
-0.0841888
-0.0841667
-0.0841447
-0.0841228
-0.0841009
-0.0840791
-0.0840574
-0.0840357
-0.0840142
-0.0839926
-0.0839712
-0.0839498
-0.0839284
-0.0839072
-0.083886
-0.0838648
-0.0838437
-0.0838227
-0.0838018
-0.0837809
-0.0837601
-0.0837393
-0.0837186
-0.083698
-0.0836774
-0.0836569
-0.0836365
-0.0836161
-0.0835957
-0.0835755
-0.0835553
-0.0835351
-0.0835151
-0.0834951
-0.0834751
-0.0834552
-0.0834354
-0.0834156
-0.0833959
-0.0833762
-0.0833566
-0.0833371
-0.0833176
-0.0832981
-0.0832788
-0.0832595
-0.0832402
-0.083221
-0.0832019
-0.0831828
-0.0831638
-0.0831448
-0.0831259
-0.0831071
-0.0830883
-0.0830695
-0.0830509
-0.0830322
-0.0830137
-0.0829952
-0.0829767
-0.0829583
-0.0829399
-0.0829216
-0.0829034
-0.0828852
-0.0828671
-0.082849
-0.082831
-0.082813
-0.0827951
-0.0827772
-0.0827594
-0.0827416
-0.0827239
-0.0827063
-0.0826887
-0.0826711
-0.0826536
-0.0826362
-0.0826188
-0.0826014
-0.0825841
-0.0825669
-0.0825497
-0.0825326
-0.0825155
-0.0824984
-0.0824815
-0.0824645
-0.0824476
-0.0824308
-0.082414
-0.0823973
-0.0823806
-0.0823639
-0.0823473
-0.0823308
-0.0823143
-0.0822979
-0.0822815
-0.0822651
-0.0822488
-0.0822325
-0.0822163
-0.0822002
-0.0821841
-0.082168
-0.082152
-0.082136
-0.0821201
-0.0821042
-0.0820884
-0.0820726
-0.0820568
-0.0820412
-0.0820255
-0.0820099
-0.0819943
-0.0819788
-0.0819634
-0.0819479
-0.0819326
-0.0819172
-0.081902
-0.0818867
-0.0818715
-0.0818564
-0.0818413
-0.0818262
-0.0818112
-0.0817962
-0.0817812
-0.0817664
-0.0817515
-0.0817367
-0.0817219
-0.0817072
-0.0816925
-0.0816779
-0.0816633
-0.0816488
-0.0816342
-0.0816198
-0.0816054
-0.081591
-0.0815766
-0.0815623
-0.0815481
-0.0815339
-0.0815197
-0.0815055
-0.0814915
-0.0814774
-0.0814634
-0.0814494
-0.0814355
-0.0814216
-0.0814077
-0.0813939
-0.0813801
-0.0813664
-0.0813527
-0.0813391
-0.0813254
-0.0813119
-0.0812983
-0.0812848
-0.0812714
-0.0812579
-0.0812446
-0.0812312
-0.0812179
-0.0812046
-0.0811914
-0.0811782
-0.0811651
-0.0811519
-0.0811389
-0.0811258
-0.0811128
-0.0810998
-0.0810869
-0.081074
-0.0810612
-0.0810483
-0.0810356
-0.0810228
-0.0810101
-0.0809974
-0.0809848
-0.0809722
-0.0809596
-0.0809471
-0.0809346
-0.0809221
-0.0809097
-0.0808973
-0.080885
-0.0808726
-0.0808603
-0.0808481
-0.0808359
-0.0808237
-0.0808116
-0.0807994
-0.0807874
-0.0807753
-0.0807633
-0.0807513
-0.0807394
-0.0807275
-0.0807156
-0.0807038
-0.080692
-0.0806802
-0.0806685
-0.0806568
-0.0806451
-0.0806334
-0.0806218
-0.0806103
-0.0805987
-0.0805872
-0.0805757
-0.0805643
-0.0805529
-0.0805415
-0.0805302
-0.0805188
-0.0805076
-0.0804963
-0.0804851
-0.0804739
-0.0804627
-0.0804516
-0.0804405
-0.0804295
-0.0804184
-0.0804074
-0.0803965
-0.0803855
-0.0803746
-0.0803637
-0.0803529
-0.0803421
-0.0803313
-0.0803205
-0.0803098
-0.0802991
-0.0802884
-0.0802778
-0.0802672
-0.0802566
-0.0802461
-0.0802355
-0.0802251
-0.0802146
-0.0802042
-0.0801938
-0.0801834
-0.0801731
-0.0801627
-0.0801525
-0.0801422
-0.080132
-0.0801218
-0.0801116
-0.0801015
-0.0800913
-0.0800813
-0.0800712
-0.0800612
-0.0800512
-0.0800412
-0.0800313
-0.0800213
-0.0800114
-0.0800016
-0.0799917
-0.0799819
-0.0799722
-0.0799624
-0.0799527
-0.079943
-0.0799333
-0.0799237
-0.079914
-0.0799044
-0.0798949
-0.0798853
-0.0798758
-0.0798663
-0.0798569
-0.0798475
-0.079838
-0.0798287
-0.0798193
-0.07981
-0.0798007
-0.0797914
-0.0797821
-0.0797729
-0.0797637
-0.0797545
-0.0797454
-0.0797363
-0.0797272
-0.0797181
-0.079709
-0.0797
-0.079691
-0.0796821
-0.0796731
-0.0796642
-0.0796553
-0.0796464
-0.0796376
-0.0796287
-0.0796199
-0.0796111
-0.0796024
-0.0795937
-0.079585
-0.0795763
-0.0795676
-0.079559
-0.0795504
-0.0795418
-0.0795332
-0.0795247
-0.0795162
-0.0795077
-0.0794992
-0.0794908
-0.0794823
-0.0794739
-0.0794656
-0.0794572
-0.0794489
-0.0794406
-0.0794323
-0.079424
-0.0794158
-0.0794076
-0.0793994
-0.0793912
-0.0793831
-0.0793749
-0.0793668
-0.0793587
-0.0793507
-0.0793426
-0.0793346
-0.0793266
-0.0793187
-0.0793107
-0.0793028
-0.0792949
-0.079287
-0.0792791
-0.0792713
-0.0792635
-0.0792557
-0.0792479
-0.0792401
-0.0792324
-0.0792247
-0.079217
-0.0792093
-0.0792017
-0.079194
-0.0791864
-0.0791788
-0.0791713
-0.0791637
-0.0791562
-0.0791487
-0.0791412
-0.0791337
-0.0791263
-0.0791189
-0.0791115
-0.0791041
-0.0790967
-0.0790894
-0.0790821
-0.0790747
-0.0790675
-0.0790602
-0.079053
-0.0790457
-0.0790385
-0.0790313
-0.0790242
-0.079017
-0.0790099
-0.0790028
-0.0789957
-0.0789886
-0.0789816
-0.0789746
-0.0789675
-0.0789605
-0.0789536
-0.0789466
-0.0789397
-0.0789328
-0.0789259
-0.078919
-0.0789121
-0.0789053
-0.0788985
-0.0788917
-0.0788849
-0.0788781
-0.0788713
-0.0788646
-0.0788579
-0.0788512
-0.0788445
-0.0788379
-0.0788312
-0.0788246
-0.078818
-0.0788114
-0.0788048
-0.0787983
-0.0787918
-0.0787852
-0.0787787
-0.0787723
-0.0787658
-0.0787593
-0.0787529
-0.0787465
-0.0787401
-0.0787337
-0.0787274
-0.078721
-0.0787147
-0.0787084
-0.0787021
-0.0786958
-0.0786896
-0.0786833
-0.0786771
-0.0786709
-0.0786647
-0.0786585
-0.0786524
-0.0786462
-0.0786401
-0.078634
-0.0786279
-0.0786219
-0.0786158
-0.0786098
-0.0786037
-0.0785977
-0.0785917
-0.0785857
-0.0785798
-0.0785738
-0.0785679
-0.078562
-0.0785561
-0.0785502
-0.0785444
-0.0785385
-0.0785327
-0.0785269
-0.078521
-0.0785153
-0.0785095
-0.0785037
-0.078498
-0.0784923
-0.0784866
-0.0784809
-0.0784752
-0.0784695
-0.0784639
-0.0784582
-0.0784526
-0.078447
-0.0784414
-0.0784359
-0.0784303
-0.0784248
-0.0784192
-0.0784137
-0.0784082
-0.0784027
-0.0783973
-0.0783918
-0.0783864
-0.0783809
-0.0783755
-0.0783701
-0.0783647
-0.0783594
-0.078354
-0.0783487
-0.0783434
-0.078338
-0.0783328
-0.0783275
-0.0783222
-0.0783169
-0.0783117
-0.0783065
-0.0783013
-0.0782961
-0.0782909
-0.0782857
-0.0782806
-0.0782754
-0.0782703
-0.0782652
-0.0782601
-0.078255
-0.0782499
-0.0782448
-0.0782398
-0.0782348
-0.0782297
-0.0782247
-0.0782197
-0.0782148
-0.0782098
-0.0782048
-0.0781999
-0.078195
-0.0781901
-0.0781852
-0.0781803
-0.0781754
-0.0781705
-0.0781657
-0.0781608
-0.078156
-0.0781512
-0.0781464
-0.0781416
-0.0781369
-0.0781321
-0.0781273
-0.0781226
-0.0781179
-0.0781132
-0.0781085
-0.0781038
-0.0780991
-0.0780945
-0.0780898
-0.0780852
-0.0780806
-0.0780759
-0.0780713
-0.0780668
-0.0780622
-0.0780576
-0.0780531
-0.0780485
-0.078044
-0.0780395
-0.078035
-0.0780305
-0.078026
-0.0780216
-0.0780171
-0.0780127
-0.0780082
-0.0780038
-0.0779994
-0.077995
-0.0779906
-0.0779863
-0.0779819
-0.0779776
-0.0779732
-0.0779689
-0.0779646
-0.0779603
-0.077956
-0.0779517
-0.0779474
-0.0779432
-0.0779389
-0.0779347
-0.0779305
-0.0779263
-0.0779221
-0.0779179
-0.0779137
-0.0779095
-0.0779054
-0.0779012
-0.0778971
-0.077893
-0.0778889
-0.0778848
-0.0778807
-0.0778766
-0.0778725
-0.0778685
-0.0778644
-0.0778604
-0.0778563
-0.0778523
-0.0778483
-0.0778443
-0.0778403
-0.0778364
-0.0778324
-0.0778284
-0.0778245
-0.0778206
-0.0778167
-0.0778127
-0.0778088
-0.0778049
-0.0778011
-0.0777972
-0.0777933
-0.0777895
-0.0777856
-0.0777818
-0.077778
-0.0777742
-0.0777704
-0.0777666
-0.0777628
-0.0777591
-0.0777553
-0.0777515
-0.0777478
-0.0777441
-0.0777404
-0.0777366
-0.0777329
-0.0777292
-0.0777256
-0.0777219
-0.0777182
-0.0777146
-0.0777109
-0.0777073
-0.0777037
-0.0777001
-0.0776965
-0.0776929
-0.0776893
-0.0776857
-0.0776821
-0.0776786
-0.077675
-0.0776715
-0.077668
-0.0776645
-0.0776609
-0.0776574
-0.077654
-0.0776505
-0.077647
-0.0776435
-0.0776401
-0.0776366
-0.0776332
-0.0776298
-0.0776263
-0.0776229
-0.0776195
-0.0776161
-0.0776128
-0.0776094
-0.077606
-0.0776027
-0.0775993
-0.077596
-0.0775926
-0.0775893
-0.077586
-0.0775827
-0.0775794
-0.0775761
-0.0775728
-0.0775696
-0.0775663
-0.0775631
-0.0775598
-0.0775566
-0.0775533
-0.0775501
-0.0775469
-0.0775437
-0.0775405
-0.0775373
-0.0775342
-0.077531
-0.0775278
-0.0775247
-0.0775215
-0.0775184
-0.0775153
-0.0775122
-0.077509
-0.0775059
-0.0775028
-0.0774998
-0.0774967
-0.0774936
-0.0774906
-0.0774875
-0.0774845
-0.0774814
-0.0774784
-0.0774754
-0.0774723
-0.0774693
-0.0774663
-0.0774634
-0.0774604
-0.0774574
-0.0774544
-0.0774515
-0.0774485
-0.0774456
-0.0774426
-0.0774397
-0.0774368
-0.0774339
-0.077431
-0.0774281
-0.0774252
-0.0774223
-0.0774194
-0.0774165
-0.0774137
-0.0774108
-0.077408
-0.0774051
-0.0774023
-0.0773995
-0.0773967
-0.0773939
-0.0773911
-0.0773883
-0.0773855
-0.0773827
-0.0773799
-0.0773772
-0.0773744
-0.0773717
-0.0773689
-0.0773662
-0.0773635
-0.0773607
-0.077358
-0.0773553
-0.0773526
-0.0773499
-0.0773472
-0.0773445
-0.0773419
-0.0773392
-0.0773366
-0.0773339
-0.0773313
-0.0773286
-0.077326
-0.0773234
-0.0773207
-0.0773181
-0.0773155
-0.0773129
-0.0773103
-0.0773078
-0.0773052
-0.0773026
-0.0773001
-0.0772975
-0.0772949
-0.0772924
-0.0772899
-0.0772873
-0.0772848
-0.0772823
-0.0772798
-0.0772773
-0.0772748
-0.0772723
-0.0772698
-0.0772673
-0.0772649
-0.0772624
-0.0772599
-0.0772575
-0.077255
-0.0772526
-0.0772502
-0.0772477
-0.0772453
-0.0772429
-0.0772405
-0.0772381
-0.0772357
-0.0772333
-0.0772309
-0.0772285
-0.0772262
-0.0772238
-0.0772215
-0.0772191
-0.0772168
-0.0772144
-0.0772121
-0.0772098
-0.0772074
-0.0772051
-0.0772028
-0.0772005
-0.0771982
-0.0771959
-0.0771936
-0.0771914
-0.0771891
-0.0771868
-0.0771845
-0.0771823
-0.07718
-0.0771778
-0.0771756
-0.0771733
-0.0771711
-0.0771689
-0.0771667
-0.0771645
-0.0771622
-0.0771601
-0.0771579
-0.0771557
-0.0771535
-0.0771513
-0.0771491
-0.077147
-0.0771448
-0.0771427
-0.0771405
-0.0771384
-0.0771362
-0.0771341
-0.077132
-0.0771299
-0.0771278
-0.0771256
-0.0771235
-0.0771214
-0.0771194
-0.0771173
-0.0771152
-0.0771131
-0.077111
-0.077109
-0.0771069
-0.0771049
-0.0771028
-0.0771008
-0.0770987
-0.0770967
-0.0770947
-0.0770926
-0.0770906
-0.0770886
-0.0770866
-0.0770846
-0.0770826
-0.0770806
-0.0770786
-0.0770766
-0.0770747
-0.0770727
-0.0770707
-0.0770688
-0.0770668
-0.0770649
-0.0770629
-0.077061
-0.077059
-0.0770571
-0.0770552
-0.0770533
-0.0770514
-0.0770494
-0.0770475
-0.0770456
-0.0770437
-0.0770418
-0.07704
-0.0770381
-0.0770362
-0.0770343
-0.0770325
-0.0770306
-0.0770287
-0.0770269
-0.077025
-0.0770232
-0.0770214
-0.0770195
-0.0770177
-0.0770159
-0.0770141
-0.0770123
-0.0770104
-0.0770086
-0.0770068
-0.077005
-0.0770033
-0.0770015
-0.0769997
-0.0769979
-0.0769961
-0.0769944
-0.0769926
-0.0769908
-0.0769891
-0.0769873
-0.0769856
-0.0769839
-0.0769821
-0.0769804
-0.0769787
-0.0769769
-0.0769752
-0.0769735
-0.0769718
-0.0769701
-0.0769684
-0.0769667
-0.076965
-0.0769633
-0.0769616
-0.07696
-0.0769583
-0.0769566
-0.0769549
-0.0769533
-0.0769516
-0.07695
-0.0769483
-0.0769467
-0.076945
-0.0769434
-0.0769418
-0.0769401
-0.0769385
-0.0769369
-0.0769353
-0.0769337
-0.0769321
-0.0769305
-0.0769289
-0.0769273
-0.0769257
-0.0769241
-0.0769225
-0.0769209
-0.0769194
-0.0769178
-0.0769162
-0.0769147
-0.0769131
-0.0769116
-0.07691
-0.0769085
-0.0769069
-0.0769054
-0.0769039
-0.0769023
-0.0769008
-0.0768993
-0.0768978
-0.0768962
-0.0768947
-0.0768932
-0.0768917
-0.0768902
-0.0768887
-0.0768872
-0.0768858
-0.0768843
-0.0768828
-0.0768813
-0.0768799
-0.0768784
-0.0768769
-0.0768755
-0.076874
-0.0768726
-0.0768711
-0.0768697
-0.0768682
-0.0768668
-0.0768653
-0.0768639
-0.0768625
-0.0768611
-0.0768596
-0.0768582
-0.0768568
-0.0768554
-0.076854
-0.0768526
-0.0768512
-0.0768498
-0.0768484
-0.076847
-0.0768457
-0.0768443
-0.0768429
-0.0768415
-0.0768402
-0.0768388
-0.0768374
-0.0768361
-0.0768347
-0.0768334
-0.076832
-0.0768307
-0.0768293
-0.076828
-0.0768267
-0.0768253
-0.076824
-0.0768227
-0.0768214
-0.07682
-0.0768187
-0.0768174
-0.0768161
-0.0768148
-0.0768135
-0.0768122
-0.0768109
-0.0768096
-0.0768083
-0.0768071
-0.0768058
-0.0768045
-0.0768032
-0.076802
-0.0768007
-0.0767994
-0.0767982
-0.0767969
-0.0767957
-0.0767944
-0.0767932
-0.0767919
-0.0767907
-0.0767894
-0.0767882
-0.076787
-0.0767857
-0.0767845
-0.0767833
-0.0767821
-0.0767809
-0.0767796
-0.0767784
-0.0767772
-0.076776
-0.0767748
-0.0767736
-0.0767724
-0.0767712
-0.0767701
-0.0767689
-0.0767677
-0.0767665
-0.0767653
-0.0767642
-0.076763
-0.0767618
-0.0767607
-0.0767595
-0.0767583
-0.0767572
-0.076756
-0.0767549
-0.0767537
-0.0767526
-0.0767515
-0.0767503
-0.0767492
-0.0767481
-0.0767469
-0.0767458
-0.0767447
-0.0767436
-0.0767424
-0.0767413
-0.0767402
-0.0767391
-0.076738
-0.0767369
-0.0767358
-0.0767347
-0.0767336
-0.0767325
-0.0767314
-0.0767303
-0.0767293
-0.0767282
-0.0767271
-0.076726
-0.076725
-0.0767239
-0.0767228
-0.0767218
-0.0767207
-0.0767196
-0.0767186
-0.0767175
-0.0767165
-0.0767154
-0.0767144
-0.0767134
-0.0767123
-0.0767113
-0.0767102
-0.0767092
-0.0767082
-0.0767072
-0.0767061
-0.0767051
-0.0767041
-0.0767031
-0.0767021
-0.0767011
-0.0767
-0.076699
-0.076698
-0.076697
-0.076696
-0.076695
-0.0766941
-0.0766931
-0.0766921
-0.0766911
-0.0766901
-0.0766891
-0.0766882
-0.0766872
-0.0766862
-0.0766852
-0.0766843
-0.0766833
-0.0766823
-0.0766814
-0.0766804
-0.0766795
-0.0766785
-0.0766776
-0.0766766
-0.0766757
-0.0766747
-0.0766738
-0.0766729
-0.0766719
-0.076671
-0.0766701
-0.0766691
-0.0766682
-0.0766673
-0.0766664
-0.0766654
-0.0766645
-0.0766636
-0.0766627
-0.0766618
-0.0766609
-0.07666
-0.0766591
-0.0766582
-0.0766573
-0.0766564
-0.0766555
-0.0766546
-0.0766537
-0.0766528
-0.0766519
-0.0766511
-0.0766502
-0.0766493
-0.0766484
-0.0766476
-0.0766467
-0.0766458
-0.076645
-0.0766441
-0.0766432
-0.0766424
-0.0766415
-0.0766407
-0.0766398
-0.076639
-0.0766381
-0.0766373
-0.0766364
-0.0766356
-0.0766347
-0.0766339
-0.0766331
-0.0766322
-0.0766314
-0.0766306
-0.0766297
-0.0766289
-0.0766281
-0.0766273
-0.0766265
-0.0766256
-0.0766248
-0.076624
-0.0766232
-0.0766224
-0.0766216
-0.0766208
-0.07662
-0.0766192
-0.0766184
-0.0766176
-0.0766168
-0.076616
-0.0766152
-0.0766144
-0.0766136
-0.0766129
-0.0766121
-0.0766113
-0.0766105
-0.0766097
-0.076609
-0.0766082
-0.0766074
-0.0766067
-0.0766059
-0.0766051
-0.0766044
-0.0766036
-0.0766028
-0.0766021
-0.0766013
-0.0766006
-0.0765998
-0.0765991
-0.0765983
-0.0765976
-0.0765969
-0.0765961
-0.0765954
-0.0765946
-0.0765939
-0.0765932
-0.0765924
-0.0765917
-0.076591
-0.0765903
-0.0765895
-0.0765888
-0.0765881
-0.0765874
-0.0765867
-0.0765859
-0.0765852
-0.0765845
-0.0765838
-0.0765831
-0.0765824
-0.0765817
-0.076581
-0.0765803
-0.0765796
-0.0765789
-0.0765782
-0.0765775
-0.0765768
-0.0765761
-0.0765754
-0.0765748
-0.0765741
-0.0765734
-0.0765727
-0.076572
-0.0765714
-0.0765707
-0.07657
-0.0765693
-0.0765687
-0.076568
-0.0765673
-0.0765667
-0.076566
-0.0765653
-0.0765647
-0.076564
-0.0765634
-0.0765627
-0.0765621
-0.0765614
-0.0765608
-0.0765601
-0.0765595
-0.0765588
-0.0765582
-0.0765575
-0.0765569
-0.0765562
-0.0765556
-0.076555
-0.0765543
-0.0765537
-0.0765531
-0.0765525
-0.0765518
-0.0765512
-0.0765506
-0.07655
-0.0765493
-0.0765487
-0.0765481
-0.0765475
-0.0765469
-0.0765463
-0.0765456
-0.076545
-0.0765444
-0.0765438
-0.0765432
-0.0765426
-0.076542
-0.0765414
-0.0765408
-0.0765402
-0.0765396
-0.076539
-0.0765384
-0.0765378
-0.0765372
-0.0765367
-0.0765361
-0.0765355
-0.0765349
-0.0765343
-0.0765337
-0.0765332
-0.0765326
-0.076532
-0.0765314
-0.0765309
-0.0765303
-0.0765297
-0.0765292
-0.0765286
-0.076528
-0.0765275
-0.0765269
-0.0765263
-0.0765258
-0.0765252
-0.0765247
-0.0765241
-0.0765235
-0.076523
-0.0765224
-0.0765219
-0.0765213
-0.0765208
-0.0765202
-0.0765197
-0.0765192
-0.0765186
-0.0765181
-0.0765175
-0.076517
-0.0765165
-0.0765159
-0.0765154
-0.0765149
-0.0765143
-0.0765138
-0.0765133
-0.0765127
-0.0765122
-0.0765117
-0.0765112
-0.0765106
-0.0765101
-0.0765096
-0.0765091
-0.0765086
-0.0765081
-0.0765075
-0.076507
-0.0765065
-0.076506
-0.0765055
-0.076505
-0.0765045
-0.076504
-0.0765035
-0.076503
-0.0765025
-0.076502
-0.0765015
-0.076501
-0.0765005
-0.0765
-0.0764995
-0.076499
-0.0764985
-0.076498
-0.0764975
-0.0764971
-0.0764966
-0.0764961
-0.0764956
-0.0764951
-0.0764946
-0.0764942
-0.0764937
-0.0764932
-0.0764927
-0.0764923
-0.0764918
-0.0764913
-0.0764908
-0.0764904
-0.0764899
-0.0764894
-0.076489
-0.0764885
-0.076488
-0.0764876
-0.0764871
-0.0764867
-0.0764862
-0.0764857
-0.0764853
-0.0764848
-0.0764844
-0.0764839
-0.0764835
-0.076483
-0.0764826
-0.0764821
-0.0764817
-0.0764812
-0.0764808
-0.0764803
-0.0764799
-0.0764795
-0.076479
-0.0764786
-0.0764781
-0.0764777
-0.0764773
-0.0764768
-0.0764764
-0.076476
-0.0764755
-0.0764751
-0.0764747
-0.0764742
-0.0764738
-0.0764734
-0.076473
-0.0764725
-0.0764721
-0.0764717
-0.0764713
-0.0764709
-0.0764704
-0.07647
-0.0764696
-0.0764692
-0.0764688
-0.0764684
-0.0764679
-0.0764675
-0.0764671
-0.0764667
-0.0764663
-0.0764659
-0.0764655
-0.0764651
-0.0764647
-0.0764643
-0.0764639
-0.0764635
-0.0764631
-0.0764627
-0.0764623
-0.0764619
-0.0764615
-0.0764611
-0.0764607
-0.0764603
-0.0764599
-0.0764595
-0.0764591
-0.0764587
-0.0764584
-0.076458
-0.0764576
-0.0764572
-0.0764568
-0.0764564
-0.0764561
-0.0764557
-0.0764553
-0.0764549
-0.0764545
-0.0764542
-0.0764538
-0.0764534
-0.076453
-0.0764527
-0.0764523
-0.0764519
-0.0764515
-0.0764512
-0.0764508
-0.0764504
-0.0764501
-0.0764497
-0.0764493
-0.076449
-0.0764486
-0.0764483
-0.0764479
-0.0764475
-0.0764472
-0.0764468
-0.0764465
-0.0764461
-0.0764457
-0.0764454
-0.076445
-0.0764447
-0.0764443
-0.076444
-0.0764436
-0.0764433
-0.0764429
-0.0764426
-0.0764422
-0.0764419
-0.0764416
-0.0764412
-0.0764409
-0.0764405
-0.0764402
-0.0764398
-0.0764395
-0.0764392
-0.0764388
-0.0764385
-0.0764382
-0.0764378
-0.0764375
-0.0764371
-0.0764368
-0.0764365
-0.0764362
-0.0764358
-0.0764355
-0.0764352
-0.0764348
-0.0764345
-0.0764342
-0.0764339
-0.0764335
-0.0764332
-0.0764329
-0.0764326
-0.0764322
-0.0764319
-0.0764316
-0.0764313
-0.076431
-0.0764307
-0.0764303
-0.07643
-0.0764297
-0.0764294
-0.0764291
-0.0764288
-0.0764285
-0.0764281
-0.0764278
-0.0764275
-0.0764272
-0.0764269
-0.0764266
-0.0764263
-0.076426
-0.0764257
-0.0764254
-0.0764251
-0.0764248
-0.0764245
-0.0764242
-0.0764239
-0.0764236
-0.0764233
-0.076423
-0.0764227
-0.0764224
-0.0764221
-0.0764218
-0.0764215
-0.0764212
-0.0764209
-0.0764206
-0.0764203
-0.0764201
-0.0764198
-0.0764195
-0.0764192
-0.0764189
-0.0764186
-0.0764183
-0.076418
-0.0764178
-0.0764175
-0.0764172
-0.0764169
-0.0764166
-0.0764164
-0.0764161
-0.0764158
-0.0764155
-0.0764152
-0.076415
-0.0764147
-0.0764144
-0.0764141
-0.0764139
-0.0764136
-0.0764133
-0.076413
-0.0764128
-0.0764125
-0.0764122
-0.076412
-0.0764117
-0.0764114
-0.0764112
-0.0764109
-0.0764106
-0.0764104
-0.0764101
-0.0764098
-0.0764096
-0.0764093
-0.076409
-0.0764088
-0.0764085
-0.0764083
-0.076408
-0.0764077
-0.0764075
-0.0764072
-0.076407
-0.0764067
-0.0764065
-0.0764062
-0.076406
-0.0764057
-0.0764055
-0.0764052
-0.0764049
-0.0764047
-0.0764044
-0.0764042
-0.0764039
-0.0764037
-0.0764035
-0.0764032
-0.076403
-0.0764027
-0.0764025
-0.0764022
-0.076402
-0.0764017
-0.0764015
-0.0764013
-0.076401
-0.0764008
-0.0764005
-0.0764003
-0.0764001
-0.0763998
-0.0763996
-0.0763993
-0.0763991
-0.0763989
-0.0763986
-0.0763984
-0.0763982
-0.0763979
-0.0763977
-0.0763975
-0.0763972
-0.076397
-0.0763968
-0.0763965
-0.0763963
-0.0763961
-0.0763959
-0.0763956
-0.0763954
-0.0763952
-0.076395
-0.0763947
-0.0763945
-0.0763943
-0.0763941
-0.0763938
-0.0763936
-0.0763934
-0.0763932
-0.0763929
-0.0763927
-0.0763925
-0.0763923
-0.0763921
-0.0763919
-0.0763916
-0.0763914
-0.0763912
-0.076391
-0.0763908
-0.0763906
-0.0763903
-0.0763901
-0.0763899
-0.0763897
-0.0763895
-0.0763893
-0.0763891
-0.0763889
-0.0763886
-0.0763884
-0.0763882
-0.076388
-0.0763878
-0.0763876
-0.0763874
-0.0763872
-0.076387
-0.0763868
-0.0763866
-0.0763864
-0.0763862
-0.076386
-0.0763858
-0.0763856
-0.0763854
-0.0763852
-0.076385
-0.0763848
-0.0763846
-0.0763844
-0.0763842
-0.076384
-0.0763838
-0.0763836
-0.0763834
-0.0763832
-0.076383
-0.0763828
-0.0763826
-0.0763824
-0.0763822
-0.076382
-0.0763818
-0.0763816
-0.0763814
-0.0763813
-0.0763811
-0.0763809
-0.0763807
-0.0763805
-0.0763803
-0.0763801
-0.0763799
-0.0763797
-0.0763796
-0.0763794
-0.0763792
-0.076379
-0.0763788
-0.0763786
-0.0763784
-0.0763783
-0.0763781
-0.0763779
-0.0763777
-0.0763775
-0.0763774
-0.0763772
-0.076377
-0.0763768
-0.0763766
-0.0763765
-0.0763763
-0.0763761
-0.0763759
-0.0763758
-0.0763756
-0.0763754
-0.0763752
-0.076375
-0.0763749
-0.0763747
-0.0763745
-0.0763744
-0.0763742
-0.076374
-0.0763738
-0.0763737
-0.0763735
-0.0763733
-0.0763732
-0.076373
-0.0763728
-0.0763726
-0.0763725
-0.0763723
-0.0763721
-0.076372
-0.0763718
-0.0763716
-0.0763715
-0.0763713
-0.0763711
-0.076371
-0.0763708
-0.0763707
-0.0763705
-0.0763703
-0.0763702
-0.07637
-0.0763698
-0.0763697
-0.0763695
-0.0763694
-0.0763692
-0.076369
-0.0763689
-0.0763687
-0.0763686
-0.0763684
-0.0763682
-0.0763681
-0.0763679
-0.0763678
-0.0763676
-0.0763675
-0.0763673
-0.0763672
-0.076367
-0.0763668
-0.0763667
-0.0763665
-0.0763664
-0.0763662
-0.0763661
-0.0763659
-0.0763658
-0.0763656
-0.0763655
-0.0763653
-0.0763652
-0.076365
-0.0763649
-0.0763647
-0.0763646
-0.0763644
-0.0763643
-0.0763641
-0.076364
-0.0763638
-0.0763637
-0.0763636
-0.0763634
-0.0763633
-0.0763631
-0.076363
-0.0763628
-0.0763627
-0.0763625
-0.0763624
-0.0763623
-0.0763621
-0.076362
-0.0763618
-0.0763617
-0.0763616
-0.0763614
-0.0763613
-0.0763611
-0.076361
-0.0763609
-0.0763607
-0.0763606
-0.0763604
-0.0763603
-0.0763602
-0.07636
-0.0763599
-0.0763598
-0.0763596
-0.0763595
-0.0763594
-0.0763592
-0.0763591
-0.0763589
-0.0763588
-0.0763587
-0.0763585
-0.0763584
-0.0763583
-0.0763582
-0.076358
-0.0763579
-0.0763578
-0.0763576
-0.0763575
-0.0763574
-0.0763572
-0.0763571
-0.076357
-0.0763569
-0.0763567
-0.0763566
-0.0763565
-0.0763563
-0.0763562
-0.0763561
-0.076356
-0.0763558
-0.0763557
-0.0763556
-0.0763555
-0.0763553
-0.0763552
-0.0763551
-0.076355
-0.0763548
-0.0763547
-0.0763546
-0.0763545
-0.0763543
-0.0763542
-0.0763541
-0.076354
-0.0763539
-0.0763537
-0.0763536
-0.0763535
-0.0763534
-0.0763533
-0.0763531
-0.076353
-0.0763529
-0.0763528
-0.0763527
-0.0763526
-0.0763524
-0.0763523
-0.0763522
-0.0763521
-0.076352
-0.0763519
-0.0763517
-0.0763516
-0.0763515
-0.0763514
-0.0763513
-0.0763512
-0.0763511
-0.0763509
-0.0763508
-0.0763507
-0.0763506
-0.0763505
-0.0763504
-0.0763503
-0.0763502
-0.07635
-0.0763499
-0.0763498
-0.0763497
-0.0763496
-0.0763495
-0.0763494
-0.0763493
-0.0763492
-0.0763491
-0.0763489
-0.0763488
-0.0763487
-0.0763486
-0.0763485
-0.0763484
-0.0763483
-0.0763482
-0.0763481
-0.076348
-0.0763479
-0.0763478
-0.0763477
-0.0763476
-0.0763475
-0.0763473
-0.0763472
-0.0763471
-0.076347
-0.0763469
-0.0763468
-0.0763467
-0.0763466
-0.0763465
-0.0763464
-0.0763463
-0.0763462
-0.0763461
-0.076346
-0.0763459
-0.0763458
-0.0763457
-0.0763456
-0.0763455
-0.0763454
-0.0763453
-0.0763452
-0.0763451
-0.076345
-0.0763449
-0.0763448
-0.0763447
-0.0763446
-0.0763445
-0.0763444
-0.0763443
-0.0763442
-0.0763441
-0.0763441
-0.076344
-0.0763439
-0.0763438
-0.0763437
-0.0763436
-0.0763435
-0.0763434
-0.0763433
-0.0763432
-0.0763431
-0.076343
-0.0763429
-0.0763428
-0.0763427
-0.0763426
-0.0763425
-0.0763425
-0.0763424
-0.0763423
-0.0763422
-0.0763421
-0.076342
-0.0763419
-0.0763418
-0.0763417
-0.0763416
-0.0763416
-0.0763415
-0.0763414
-0.0763413
-0.0763412
-0.0763411
-0.076341
-0.0763409
-0.0763408
-0.0763408
-0.0763407
-0.0763406
-0.0763405
-0.0763404
-0.0763403
-0.0763402
-0.0763401
-0.0763401
-0.07634
-0.0763399
-0.0763398
-0.0763397
-0.0763396
-0.0763396
-0.0763395
-0.0763394
-0.0763393
-0.0763392
-0.0763391
-0.0763391
-0.076339
-0.0763389
-0.0763388
-0.0763387
-0.0763386
-0.0763386
-0.0763385
-0.0763384
-0.0763383
-0.0763382
-0.0763382
-0.0763381
-0.076338
-0.0763379
-0.0763378
-0.0763377
-0.0763377
-0.0763376
-0.0763375
-0.0763374
-0.0763374
-0.0763373
-0.0763372
-0.0763371
-0.076337
-0.076337
-0.0763369
-0.0763368
-0.0763367
-0.0763367
-0.0763366
-0.0763365
-0.0763364
-0.0763363
-0.0763363
-0.0763362
-0.0763361
-0.076336
-0.076336
-0.0763359
-0.0763358
-0.0763357
-0.0763357
-0.0763356
-0.0763355
-0.0763354
-0.0763354
-0.0763353
-0.0763352
-0.0763352
-0.0763351
-0.076335
-0.0763349
-0.0763349
-0.0763348
-0.0763347
-0.0763346
-0.0763346
-0.0763345
-0.0763344
-0.0763344
-0.0763343
-0.0763342
-0.0763341
-0.0763341
-0.076334
-0.0763339
-0.0763339
-0.0763338
-0.0763337
-0.0763337
-0.0763336
-0.0763335
-0.0763334
-0.0763334
-0.0763333
-0.0763332
-0.0763332
-0.0763331
-0.076333
-0.076333
-0.0763329
-0.0763328
-0.0763328
-0.0763327
-0.0763326
-0.0763326
-0.0763325
-0.0763324
-0.0763324
-0.0763323
-0.0763322
-0.0763322
-0.0763321
-0.076332
-0.076332
-0.0763319
-0.0763318
-0.0763318
-0.0763317
-0.0763317
-0.0763316
-0.0763315
-0.0763315
-0.0763314
-0.0763313
-0.0763313
-0.0763312
-0.0763311
-0.0763311
-0.076331
-0.076331
-0.0763309
-0.0763308
-0.0763308
-0.0763307
-0.0763306
-0.0763306
-0.0763305
-0.0763305
-0.0763304
-0.0763303
-0.0763303
-0.0763302
-0.0763302
-0.0763301
-0.07633
-0.07633
-0.0763299
-0.0763299
-0.0763298
-0.0763297
-0.0763297
-0.0763296
-0.0763296
-0.0763295
-0.0763294
-0.0763294
-0.0763293
-0.0763293
-0.0763292
-0.0763292
-0.0763291
-0.076329
-0.076329
-0.0763289
-0.0763289
-0.0763288
-0.0763288
-0.0763287
-0.0763286
-0.0763286
-0.0763285
-0.0763285
-0.0763284
-0.0763284
-0.0763283
-0.0763282
-0.0763282
-0.0763281
-0.0763281
-0.076328
-0.076328
-0.0763279
-0.0763279
-0.0763278
-0.0763277
-0.0763277
-0.0763276
-0.0763276
-0.0763275
-0.0763275
-0.0763274
-0.0763274
-0.0763273
-0.0763273
-0.0763272
-0.0763272
-0.0763271
-0.0763271
-0.076327
-0.076327
-0.0763269
-0.0763268
-0.0763268
-0.0763267
-0.0763267
-0.0763266
-0.0763266
-0.0763265
-0.0763265
-0.0763264
-0.0763264
-0.0763263
-0.0763263
-0.0763262
-0.0763262
-0.0763261
-0.0763261
-0.076326
-0.076326
-0.0763259
-0.0763259
-0.0763258
-0.0763258
-0.0763257
-0.0763257
-0.0763256
-0.0763256
-0.0763255
-0.0763255
-0.0763254
-0.0763254
-0.0763253
-0.0763253
-0.0763252
-0.0763252
-0.0763252
-0.0763251
-0.0763251
-0.076325
-0.076325
-0.0763249
-0.0763249
-0.0763248
-0.0763248
-0.0763247
-0.0763247
-0.0763246
-0.0763246
-0.0763245
-0.0763245
-0.0763245
-0.0763244
-0.0763244
-0.0763243
-0.0763243
-0.0763242
-0.0763242
-0.0763241
-0.0763241
-0.076324
-0.076324
-0.076324
-0.0763239
-0.0763239
-0.0763238
-0.0763238
-0.0763237
-0.0763237
-0.0763236
-0.0763236
-0.0763236
-0.0763235
-0.0763235
-0.0763234
-0.0763234
-0.0763233
-0.0763233
-0.0763233
-0.0763232
-0.0763232
-0.0763231
-0.0763231
-0.076323
-0.076323
-0.076323
-0.0763229
-0.0763229
-0.0763228
-0.0763228
-0.0763227
-0.0763227
-0.0763227
-0.0763226
-0.0763226
-0.0763225
-0.0763225
-0.0763225
-0.0763224
-0.0763224
-0.0763223
-0.0763223
-0.0763223
-0.0763222
-0.0763222
-0.0763221
-0.0763221
-0.0763221
-0.076322
-0.076322
-0.0763219
-0.0763219
-0.0763219
-0.0763218
-0.0763218
-0.0763217
-0.0763217
-0.0763217
-0.0763216
-0.0763216
-0.0763215
-0.0763215
-0.0763215
-0.0763214
-0.0763214
-0.0763214
-0.0763213
-0.0763213
-0.0763212
-0.0763212
-0.0763212
-0.0763211
-0.0763211
-0.0763211
-0.076321
-0.076321
-0.0763209
-0.0763209
-0.0763209
-0.0763208
-0.0763208
-0.0763208
-0.0763207
-0.0763207
-0.0763206
-0.0763206
-0.0763206
-0.0763205
-0.0763205
-0.0763205
-0.0763204
-0.0763204
-0.0763204
-0.0763203
-0.0763203
-0.0763203
-0.0763202
-0.0763202
-0.0763202
-0.0763201
-0.0763201
-0.07632
-0.07632
-0.07632
-0.0763199
-0.0763199
-0.0763199
-0.0763198
-0.0763198
-0.0763198
-0.0763197
-0.0763197
-0.0763197
-0.0763196
-0.0763196
-0.0763196
-0.0763195
-0.0763195
-0.0763195
-0.0763194
-0.0763194
-0.0763194
-0.0763193
-0.0763193
-0.0763193
-0.0763192
-0.0763192
-0.0763192
-0.0763191
-0.0763191
-0.0763191
-0.076319
-0.076319
-0.076319
-0.0763189
-0.0763189
-0.0763189
-0.0763189
-0.0763188
-0.0763188
-0.0763188
-0.0763187
-0.0763187
-0.0763187
-0.0763186
-0.0763186
-0.0763186
-0.0763185
-0.0763185
-0.0763185
-0.0763184
-0.0763184
-0.0763184
-0.0763184
-0.0763183
-0.0763183
-0.0763183
-0.0763182
-0.0763182
-0.0763182
-0.0763181
-0.0763181
-0.0763181
-0.0763181
-0.076318
-0.076318
-0.076318
-0.0763179
-0.0763179
-0.0763179
-0.0763178
-0.0763178
-0.0763178
-0.0763178
-0.0763177
-0.0763177
-0.0763177
-0.0763176
-0.0763176
-0.0763176
-0.0763176
-0.0763175
-0.0763175
-0.0763175
-0.0763174
-0.0763174
-0.0763174
-0.0763174
-0.0763173
-0.0763173
-0.0763173
-0.0763173
-0.0763172
-0.0763172
-0.0763172
-0.0763171
-0.0763171
-0.0763171
-0.0763171
-0.076317
-0.076317
-0.076317
-0.076317
-0.0763169
-0.0763169
-0.0763169
-0.0763168
-0.0763168
-0.0763168
-0.0763168
-0.0763167
-0.0763167
-0.0763167
-0.0763167
-0.0763166
-0.0763166
-0.0763166
-0.0763166
-0.0763165
-0.0763165
-0.0763165
-0.0763165
-0.0763164
-0.0763164
-0.0763164
-0.0763164
-0.0763163
-0.0763163
-0.0763163
-0.0763163
-0.0763162
-0.0763162
-0.0763162
-0.0763162
-0.0763161
-0.0763161
-0.0763161
-0.0763161
-0.076316
-0.076316
-0.076316
-0.076316
-0.0763159
-0.0763159
-0.0763159
-0.0763159
-0.0763158
-0.0763158
-0.0763158
-0.0763158
-0.0763157
-0.0763157
-0.0763157
-0.0763157
-0.0763156
-0.0763156
-0.0763156
-0.0763156
-0.0763156
-0.0763155
-0.0763155
-0.0763155
-0.0763155
-0.0763154
-0.0763154
-0.0763154
-0.0763154
-0.0763153
-0.0763153
-0.0763153
-0.0763153
-0.0763153
-0.0763152
-0.0763152
-0.0763152
-0.0763152
-0.0763151
-0.0763151
-0.0763151
-0.0763151
-0.0763151
-0.076315
-0.076315
-0.076315
-0.076315
-0.0763149
-0.0763149
-0.0763149
-0.0763149
-0.0763149
-0.0763148
-0.0763148
-0.0763148
-0.0763148
-0.0763148
-0.0763147
-0.0763147
-0.0763147
-0.0763147
-0.0763146
-0.0763146
-0.0763146
-0.0763146
-0.0763146
-0.0763145
-0.0763145
-0.0763145
-0.0763145
-0.0763145
-0.0763144
-0.0763144
-0.0763144
-0.0763144
-0.0763144
-0.0763143
-0.0763143
-0.0763143
-0.0763143
-0.0763143
-0.0763142
-0.0763142
-0.0763142
-0.0763142
-0.0763142
-0.0763141
-0.0763141
-0.0763141
-0.0763141
-0.0763141
-0.076314
-0.076314
-0.076314
-0.076314
-0.076314
-0.0763139
-0.0763139
-0.0763139
-0.0763139
-0.0763139
-0.0763139
-0.0763138
-0.0763138
-0.0763138
-0.0763138
-0.0763138
-0.0763137
-0.0763137
-0.0763137
-0.0763137
-0.0763137
-0.0763136
-0.0763136
-0.0763136
-0.0763136
-0.0763136
-0.0763136
-0.0763135
-0.0763135
-0.0763135
-0.0763135
-0.0763135
-0.0763134
-0.0763134
-0.0763134
-0.0763134
-0.0763134
-0.0763134
-0.0763133
-0.0763133
-0.0763133
-0.0763133
-0.0763133
-0.0763133
-0.0763132
-0.0763132
-0.0763132
-0.0763132
-0.0763132
-0.0763131
-0.0763131
-0.0763131
-0.0763131
-0.0763131
-0.0763131
-0.076313
-0.076313
-0.076313
-0.076313
-0.076313
-0.076313
-0.0763129
-0.0763129
-0.0763129
-0.0763129
-0.0763129
-0.0763129
-0.0763128
-0.0763128
-0.0763128
-0.0763128
-0.0763128
-0.0763128
-0.0763127
-0.0763127
-0.0763127
-0.0763127
-0.0763127
-0.0763127
-0.0763127
-0.0763126
-0.0763126
-0.0763126
-0.0763126
-0.0763126
-0.0763126
-0.0763125
-0.0763125
-0.0763125
-0.0763125
-0.0763125
-0.0763125
-0.0763124
-0.0763124
-0.0763124
-0.0763124
-0.0763124
-0.0763124
-0.0763124
-0.0763123
-0.0763123
-0.0763123
-0.0763123
-0.0763123
-0.0763123
-0.0763123
-0.0763122
-0.0763122
-0.0763122
-0.0763122
-0.0763122
-0.0763122
-0.0763121
-0.0763121
-0.0763121
-0.0763121
-0.0763121
-0.0763121
-0.0763121
-0.076312
-0.076312
-0.076312
-0.076312
-0.076312
-0.076312
-0.076312
-0.0763119
-0.0763119
-0.0763119
-0.0763119
-0.0763119
-0.0763119
-0.0763119
-0.0763119
-0.0763118
-0.0763118
-0.0763118
-0.0763118
-0.0763118
-0.0763118
-0.0763118
-0.0763117
-0.0763117
-0.0763117
-0.0763117
-0.0763117
-0.0763117
-0.0763117
-0.0763116
-0.0763116
-0.0763116
-0.0763116
-0.0763116
-0.0763116
-0.0763116
-0.0763116
-0.0763115
-0.0763115
-0.0763115
-0.0763115
-0.0763115
-0.0763115
-0.0763115
-0.0763115
-0.0763114
-0.0763114
-0.0763114
-0.0763114
-0.0763114
-0.0763114
-0.0763114
-0.0763113
-0.0763113
-0.0763113
-0.0763113
-0.0763113
-0.0763113
-0.0763113
-0.0763113
-0.0763112
-0.0763112
-0.0763112
-0.0763112
-0.0763112
-0.0763112
-0.0763112
-0.0763112
-0.0763112
-0.0763111
-0.0763111
-0.0763111
-0.0763111
-0.0763111
-0.0763111
-0.0763111
-0.0763111
-0.076311
-0.076311
-0.076311
-0.076311
-0.076311
-0.076311
-0.076311
-0.076311
-0.076311
-0.0763109
-0.0763109
-0.0763109
-0.0763109
-0.0763109
-0.0763109
-0.0763109
-0.0763109
-0.0763108
-0.0763108
-0.0763108
-0.0763108
-0.0763108
-0.0763108
-0.0763108
-0.0763108
-0.0763108
-0.0763107
-0.0763107
-0.0763107
-0.0763107
-0.0763107
-0.0763107
-0.0763107
-0.0763107
-0.0763107
-0.0763106
-0.0763106
-0.0763106
-0.0763106
-0.0763106
-0.0763106
-0.0763106
-0.0763106
-0.0763106
-0.0763106
-0.0763105
-0.0763105
-0.0763105
-0.0763105
-0.0763105
-0.0763105
-0.0763105
-0.0763105
-0.0763105
-0.0763104
-0.0763104
-0.0763104
-0.0763104
-0.0763104
-0.0763104
-0.0763104
-0.0763104
-0.0763104
-0.0763104
-0.0763103
-0.0763103
-0.0763103
-0.0763103
-0.0763103
-0.0763103
-0.0763103
-0.0763103
-0.0763103
-0.0763103
-0.0763102
-0.0763102
-0.0763102
-0.0763102
-0.0763102
-0.0763102
-0.0763102
-0.0763102
-0.0763102
-0.0763102
-0.0763102
-0.0763101
-0.0763101
-0.0763101
-0.0763101
-0.0763101
-0.0763101
-0.0763101
-0.0763101
-0.0763101
-0.0763101
-0.07631
-0.07631
-0.07631
-0.07631
-0.07631
-0.07631
-0.07631
-0.07631
-0.07631
-0.07631
-0.07631
-0.0763099
-0.0763099
-0.0763099
-0.0763099
-0.0763099
-0.0763099
-0.0763099
-0.0763099
-0.0763099
-0.0763099
-0.0763099
-0.0763098
-0.0763098
-0.0763098
-0.0763098
-0.0763098
-0.0763098
-0.0763098
-0.0763098
-0.0763098
-0.0763098
-0.0763098
-0.0763098
-0.0763097
-0.0763097
-0.0763097
-0.0763097
-0.0763097
-0.0763097
-0.0763097
-0.0763097
-0.0763097
-0.0763097
-0.0763097
-0.0763097
-0.0763096
-0.0763096
-0.0763096
-0.0763096
-0.0763096
-0.0763096
-0.0763096
-0.0763096
-0.0763096
-0.0763096
-0.0763096
-0.0763096
-0.0763095
-0.0763095
-0.0763095
-0.0763095
-0.0763095
-0.0763095
-0.0763095
-0.0763095
-0.0763095
-0.0763095
-0.0763095
-0.0763095
-0.0763095
-0.0763094
-0.0763094
-0.0763094
-0.0763094
-0.0763094
-0.0763094
-0.0763094
-0.0763094
-0.0763094
-0.0763094
-0.0763094
-0.0763094
-0.0763094
-0.0763093
-0.0763093
-0.0763093
-0.0763093
-0.0763093
-0.0763093
-0.0763093
-0.0763093
-0.0763093
-0.0763093
-0.0763093
-0.0763093
-0.0763093
-0.0763093
-0.0763092
-0.0763092
-0.0763092
-0.0763092
-0.0763092
-0.0763092
-0.0763092
-0.0763092
-0.0763092
-0.0763092
-0.0763092
-0.0763092
-0.0763092
-0.0763092
-0.0763091
-0.0763091
-0.0763091
-0.0763091
-0.0763091
-0.0763091
-0.0763091
-0.0763091
-0.0763091
-0.0763091
-0.0763091
-0.0763091
-0.0763091
-0.0763091
-0.076309
-0.076309
-0.076309
-0.076309
-0.076309
-0.076309
-0.076309
-0.076309
-0.076309
-0.076309
-0.076309
-0.076309
-0.076309
-0.076309
-0.076309
-0.076309
-0.0763089
-0.0763089
-0.0763089
-0.0763089
-0.0763089
-0.0763089
