-2.28164
-1.79655
-1.50397
-1.3147
-1.18269
-1.08497
-1.00937
-0.970424
-0.941068
-0.912439
-0.884842
-0.859093
-0.835251
-0.813179
-0.792855
-0.774179
-0.756618
-0.739954
-0.724128
-0.709281
-0.696551
-0.68498
-0.674283
-0.664225
-0.654759
-0.64583
-0.637392
-0.62942
-0.621871
-0.614717
-0.607935
-0.601502
-0.595398
-0.589604
-0.584131
-0.578904
-0.57394
-0.569232
-0.56477
-0.560545
-0.556554
-0.552783
-0.549234
-0.545896
-0.54277
-0.539851
-0.537134
-0.534617
-0.532277
-0.530004
-0.527633
-0.525162
-0.522589
-0.519912
-0.517127
-0.514232
-0.511223
-0.508099
-0.504854
-0.501487
-0.497993
-0.49437
-0.490615
-0.486723
-0.482693
-0.478521
-0.474204
-0.469741
-0.46528
-0.461065
-0.457084
-0.453315
-0.449759
-0.446411
-0.443197
-0.439859
-0.436363
-0.432707
-0.428891
-0.424912
-0.42077
-0.416464
-0.411995
-0.407362
-0.402567
-0.397611
-0.392495
-0.387222
-0.381795
-0.376216
-0.37049
-0.364622
-0.358616
-0.352478
-0.346214
-0.339831
-0.333337
-0.326739
-0.320045
-0.313265
-0.306407
-0.299482
-0.292499
-0.285469
-0.278401
-0.271307
-0.264197
-0.257082
-0.249974
-0.242882
-0.235817
-0.22879
-0.221811
-0.21489
-0.208036
-0.201258
-0.194565
-0.187966
-0.181468
-0.175078
-0.168802
-0.162648
-0.156619
-0.150722
-0.144959
-0.139336
-0.133855
-0.128518
-0.123327
-0.118285
-0.113391
-0.108647
-0.104051
-0.0996048
-0.0953064
-0.0911547
-0.0871482
-0.0832851
-0.0795633
-0.0759803
-0.0725336
-0.0692203
-0.0660375
-0.0629822
-0.0600509
-0.0572406
-0.0545476
-0.0519687
-0.0495003
-0.0471388
-0.0448808
-0.0427227
-0.0406611
-0.0386925
-0.0368135
-0.0350206
-0.0333107
-0.0316804
-0.0301265
-0.028646
-0.0272358
-0.025893
-0.0246147
-0.0233981
-0.0222405
-0.0211394
-0.0200922
-0.0190965
-0.0181499
-0.0172503
-0.0163953
-0.015583
-0.0148113
-0.0140783
-0.0133821
-0.0127211
-0.0120935
-0.0114976
-0.010932
-0.0103951
-0.00988561
-0.00940207
-0.00894322
-0.00850784
-0.00809475
-0.00770283
-0.00733102
-0.00697831
-0.00664372
-0.00632634
-0.00602528
-0.00573972
-0.00546887
-0.00521197
-0.0049683
-0.00473719
-0.00451798
-0.00431007
-0.00411286
-0.00392581
-0.00374839
-0.00358009
-0.00342045
-0.00326901
-0.00312535
-0.00298906
-0.00285975
-0.00273707
-0.00262066
-0.0025102
-0.00240538
-0.0023059
-0.00221148
-0.00212186
-0.00203678
-0.00195601
-0.00187932
-0.0018065
-0.00173735
-0.00167167
-0.00160928
-0.00155
-0.00149368
-0.00144016
-0.0013893
-0.00134094
-0.00129497
-0.00125126
-0.00120968
-0.00117014
-0.00113251
-0.0010967
-0.00106262
-0.00103018
-0.000999282
0.000994136
0.000997903
0.00100113
0.00100386
0.00100612
0.00100792
0.0010093
0.00101029
0.00101091
0.00101118
0.00101112
0.00101075
0.00101009
0.00100916
0.00100798
0.00100656
0.00100491
0.00100306
0.00100101
0.000998775
0.000996373
0.000993811
0.0009911
0.00098825
0.000985273
0.000982175
0.000978966
0.000975654
0.000972247
0.000968751
0.000965174
0.000961523
0.000957802
0.000954016
0.000950173
0.000946277
0.000942333
0.000938346
0.000934317
0.000930256
0.000926164
0.000922041
0.000917894
0.000913726
0.000909539
0.000905336
0.00090112
0.000896893
0.000892657
0.000888415
0.000884169
0.000879921
0.000875672
0.000871424
0.000867179
0.000862938
0.000858702
0.000854474
0.000850254
0.000846042
0.00084184
0.00083765
0.000833472
0.000829307
0.000825156
0.000821019
0.000816897
0.000812792
0.000808702
0.00080463
0.000800575
0.000796538
0.000792519
0.00078852
0.000784539
0.000780577
0.000776636
0.000772714
0.000768812
0.000764931
0.000761071
0.000757231
0.000753412
0.000749614
0.000745838
0.000742083
0.000738349
0.000734636
0.000730945
0.000727276
0.000723628
0.000720002
0.000716397
0.000712813
0.000709252
0.000705712
0.000702193
0.000698696
0.00069522
0.000691765
0.000688332
0.00068492
0.000681529
0.000678159
0.00067481
0.000671482
0.000668174
0.000664888
0.000661623
0.000658377
0.000655151
0.000651946
0.000648762
0.000645597
0.000642452
0.000639327
0.000636222
0.000633137
0.00063007
0.000627024
0.000623996
0.000620988
0.000617998
0.000615027
0.000612075
0.000609142
0.000606227
0.000603331
0.000600452
0.000597592
0.00059475
0.000591925
0.000589118
0.000586329
0.000583557
0.000580803
0.000578066
0.000575346
0.000572643
0.000569956
0.000567287
0.000564633
0.000561998
0.000559377
0.000556773
0.000554184
0.000551612
0.000549056
0.000546516
0.000543991
0.000541481
0.000538987
0.000536508
0.000534045
0.000531596
0.000529162
0.000526743
0.000524339
0.00052195
0.000519574
0.000517214
0.000514867
0.000512535
0.000510216
0.000507912
0.000505621
0.000503344
0.000501081
0.000498831
0.000496594
0.000494371
0.000492161
0.000489964
0.00048778
0.00048561
0.000483451
0.000481306
0.000479173
0.000477053
0.000474945
0.00047285
0.000470767
0.000468695
0.000466636
0.000464589
0.000462553
0.00046053
0.000458518
0.000456518
0.000454529
0.000452552
0.000450586
0.000448631
0.000446688
0.000444756
0.000442834
0.000440924
0.000439025
0.000437136
0.000435258
0.000433391
0.000431533
0.000429687
0.000427851
0.000426026
0.00042421
0.000422405
0.00042061
0.000418825
0.00041705
0.000415284
0.000413529
0.000411783
0.000410047
0.00040832
0.000406604
0.000404896
0.000403198
0.000401509
0.000399828
0.000398161
0.000396498
0.000394846
0.000393203
0.000391569
0.000389944
0.000388327
0.000386719
0.00038512
0.00038353
0.000381947
0.000380374
0.000378809
0.000377253
0.000375705
0.000374165
0.000372633
0.000371109
0.000369594
0.000368086
0.000366588
0.000365094
0.000363614
0.000362136
0.000360668
0.000359208
0.000357755
0.000356311
0.000354873
0.000353443
0.000352021
0.000350606
0.000349198
0.000347798
0.000346404
0.000345019
0.00034364
0.000342269
0.000340904
0.000339547
0.000338196
0.000336853
0.000335516
0.000334186
0.000332864
0.000331544
0.00033024
0.000328934
0.000327638
0.000326348
0.000325067
0.000323788
0.000322519
0.000321254
0.000319998
0.000318746
0.000317501
0.000316263
0.00031503
0.000313804
0.000312583
0.00031137
0.000310161
0.00030896
0.000307763
0.000306574
0.000305389
0.000304211
0.000303038
0.000301872
0.000300711
0.000299553
0.000298404
0.000297263
0.000296122
0.000294991
0.000293861
0.000292742
0.000291623
0.000290515
0.000289405
0.00028831
0.000287209
0.000286127
0.000285031
0.000283966
0.000282868
0.000289618
0.000280751
0.000286942
0.000278636
0.000287132
0.000276546
0.000284529
0.000274471
0.00028341
0.00027242
0.000281088
0.000270386
0.000288039
0.000268367
0.00027457
0.000266378
0.000281381
0.000264403
0.000274459
0.000262442
0.000275186
0.000260506
0.000271554
0.000258581
0.000270967
0.00025668
0.000268395
0.000254792
0.000266775
0.000252925
0.000265087
0.000251074
0.000263338
0.000249239
0.000260652
0.00024742
0.00025901
0.000245621
0.000257336
0.000243836
0.000255568
0.000242068
0.000252777
0.000240315
0.000258618
0.000238575
0.000247435
0.000236856
0.000251967
0.000235161
0.00024431
0.00023346
0.000243995
0.00023179
0.000241764
0.000230128
0.000240447
0.000228484
0.000238894
0.000226852
0.000238035
0.000225238
0.000236944
0.000223637
0.000235831
0.000222049
0.0002341
0.000220478
0.00023216
0.000218917
0.000229293
0.000217371
0.000227849
0.00021584
0.000224738
0.000214318
0.000223485
0.000212815
0.000220593
0.000211319
0.000219487
0.000209842
0.000217144
0.000208372
0.000215747
0.000206921
0.000213399
0.000205476
0.000211959
0.000204049
0.000210147
0.000202629
0.00020836
0.000201225
0.000207502
0.000199832
0.000205708
0.000198449
0.000204726
0.000197083
0.00020318
0.000195721
0.000201539
0.000194376
0.00020082
0.000193041
0.000199105
0.000191712
0.000199136
0.000190408
0.000197177
0.00018901
0.000203189
0.000187877
0.000195709
0.000186446
0.000201979
0.000185292
0.000199184
0.000184023
0.000200942
0.0001827
0.000199108
0.00018155
0.000197786
0.000180245
0.000198113
0.000179051
0.000196318
0.000177848
0.000195263
0.000176654
0.000193898
0.000175468
0.000192448
0.000174292
0.000190569
0.000173125
0.000189323
0.000171966
0.000188095
0.000170817
0.000186369
0.000169678
0.000185856
0.000168547
0.000183578
0.000167425
0.000183093
0.000166312
0.000181434
0.000165208
0.000180381
0.000164113
0.000179338
0.000163026
0.000178281
0.000161948
0.000176639
0.000160878
0.00017558
0.000159817
0.000174522
0.000158765
0.000172899
0.00015772
0.00017248
0.000156684
0.00017029
0.000155656
0.000169879
0.000154636
0.000168901
0.000153624
0.000167325
0.00015262
0.000166349
0.000151624
0.000165365
0.000150636
0.000163791
0.000149655
0.00016284
0.000148682
0.000161914
0.000147716
0.000160989
0.000146758
0.000159481
0.000145808
0.000158563
0.000144864
0.000157657
0.000143928
0.000156756
0.000142999
0.000155272
0.000142077
0.000154976
0.000141162
0.000152894
0.000140255
0.000152582
0.000139354
0.000151749
0.00013846
0.00015028
0.000137573
0.000149412
0.000136692
0.000148569
0.000135818
0.000147111
0.000134951
0.000146874
0.00013409
0.000145481
0.000133236
0.000144635
0.000132389
0.000143826
0.000131547
0.000142401
0.000130712
0.00014218
0.000129883
0.000140197
0.000129061
0.00014058
0.000128244
0.000138653
0.000127434
0.000137807
0.000126629
0.000137678
0.000125831
0.000135727
0.000125038
0.000136136
0.000124251
0.000134246
0.000123471
0.000133416
0.000122695
0.000133305
0.000121926
0.000131376
0.000121162
0.00013119
0.000120404
0.000130537
0.000119651
0.000129207
0.000118904
0.000128454
0.000118162
0.000127764
0.000117426
0.000127073
0.000116695
0.00012576
0.000115969
0.000125659
0.000115249
0.000124414
0.000114534
0.000123684
0.000113824
0.000123013
0.000113119
0.000121723
0.000112419
0.000121642
0.000111725
0.000111501
0.000122418
0.000110767
0.000110513
0.000131246
0.000109686
0.000109429
0.000111814
0.000108739
0.000108492
0.000121948
0.000107667
0.000107423
0.000116117
0.000106704
0.000106443
0.000122261
0.00010573
0.000105471
0.000114651
0.000104765
0.000104508
0.000118401
0.000103808
0.000103554
0.000113475
0.000102861
0.000102609
0.00011569
0.000101924
0.000101675
0.000112167
0.000100996
0.00010075
0.000112996
0.000100078
9.98339e-05
0.000109888
9.91693e-05
9.89279e-05
0.00011072
9.82699e-05
9.80311e-05
0.000108614
9.73799e-05
9.71436e-05
0.00010817
9.6499e-05
9.62652e-05
0.000106428
9.56271e-05
9.53959e-05
0.000106896
9.47647e-05
9.45353e-05
0.000103928
9.39106e-05
9.36838e-05
0.000104742
9.30653e-05
9.28408e-05
0.000102713
9.22287e-05
9.20066e-05
0.000102296
9.14006e-05
9.11808e-05
0.000100617
9.0581e-05
9.03636e-05
0.000101125
8.97697e-05
8.95545e-05
9.82386e-05
8.89668e-05
8.87543e-05
9.99648e-05
8.81716e-05
8.79614e-05
9.58479e-05
8.7385e-05
8.71771e-05
9.79084e-05
8.66061e-05
8.64001e-05
9.47614e-05
8.58351e-05
8.56315e-05
9.55983e-05
8.50719e-05
8.48703e-05
9.27955e-05
8.43165e-05
8.4117e-05
9.45549e-05
8.35685e-05
8.3371e-05
9.14657e-05
8.28281e-05
8.26328e-05
9.22468e-05
8.20951e-05
8.19014e-05
8.94834e-05
8.13694e-05
8.11779e-05
9.03293e-05
8.06509e-05
8.04613e-05
8.85554e-05
7.99396e-05
7.9752e-05
8.90902e-05
7.92354e-05
7.90496e-05
8.63537e-05
7.85382e-05
7.83545e-05
8.71713e-05
7.78478e-05
7.76658e-05
8.54186e-05
7.71646e-05
7.69843e-05
8.50656e-05
7.64878e-05
7.63092e-05
8.4499e-05
7.58177e-05
7.56409e-05
8.29618e-05
7.51542e-05
7.49792e-05
8.35811e-05
7.44971e-05
7.43238e-05
8.08909e-05
7.38466e-05
7.36753e-05
8.17717e-05
7.32024e-05
7.30325e-05
8.00777e-05
7.25644e-05
7.23968e-05
8.06723e-05
7.19326e-05
7.17665e-05
7.80406e-05
7.1307e-05
7.11429e-05
7.8878e-05
7.06876e-05
7.05247e-05
7.72441e-05
7.0074e-05
6.99131e-05
7.78328e-05
6.94665e-05
6.93069e-05
7.52463e-05
6.88648e-05
6.87072e-05
7.60818e-05
6.8269e-05
6.81125e-05
7.44877e-05
6.76788e-05
6.75242e-05
7.50899e-05
6.70943e-05
6.6941e-05
7.25423e-05
6.65154e-05
6.6364e-05
7.42834e-05
6.59422e-05
6.57917e-05
7.06289e-05
6.53742e-05
6.5226e-05
7.3516e-05
6.4812e-05
6.46643e-05
6.8769e-05
6.42548e-05
6.41097e-05
7.27661e-05
6.37034e-05
6.35581e-05
6.69472e-05
6.31564e-05
6.30145e-05
7.20357e-05
6.26157e-05
6.2473e-05
6.51571e-05
6.20865e-05
6.19533e-05
7.04315e-05
6.15452e-05
6.14067e-05
6.44023e-05
6.10202e-05
6.0884e-05
6.94548e-05
6.05002e-05
6.03629e-05
6.36364e-05
5.99836e-05
5.98499e-05
6.76501e-05
5.94733e-05
5.93386e-05
6.29737e-05
5.89663e-05
5.88347e-05
6.58885e-05
5.8465e-05
5.83331e-05
6.23343e-05
5.79675e-05
5.78383e-05
6.50738e-05
5.74755e-05
5.73461e-05
6.05564e-05
5.69872e-05
5.68608e-05
6.44322e-05
5.65045e-05
5.63772e-05
5.88326e-05
5.60249e-05
5.59014e-05
6.38216e-05
5.55514e-05
5.54265e-05
5.80675e-05
5.50804e-05
5.49596e-05
6.20641e-05
5.46156e-05
5.44934e-05
5.74844e-05
5.41535e-05
5.40349e-05
6.03729e-05
5.36972e-05
5.35776e-05
5.6926e-05
5.32437e-05
5.31271e-05
5.96515e-05
5.27957e-05
5.26783e-05
5.52433e-05
5.23504e-05
5.22365e-05
5.90915e-05
5.19109e-05
5.17954e-05
5.45075e-05
5.14735e-05
5.13618e-05
5.74067e-05
5.1042e-05
5.0929e-05
5.39653e-05
5.06128e-05
5.05029e-05
5.57864e-05
5.0189e-05
5.00782e-05
5.34554e-05
4.97677e-05
4.96595e-05
5.51349e-05
4.93514e-05
4.92427e-05
5.18368e-05
4.89377e-05
4.88321e-05
5.46372e-05
4.85293e-05
4.84222e-05
5.1168e-05
4.81229e-05
4.80192e-05
5.30248e-05
4.77218e-05
4.76171e-05
5.06811e-05
4.73229e-05
4.72209e-05
5.23751e-05
4.69292e-05
4.68262e-05
4.9106e-05
4.6537e-05
4.64375e-05
5.19004e-05
4.61508e-05
4.60493e-05
4.84796e-05
4.57656e-05
4.56678e-05
5.03288e-05
4.5386e-05
4.52868e-05
4.80261e-05
4.5008e-05
4.49117e-05
4.97209e-05
4.4635e-05
4.45379e-05
4.64923e-05
4.42635e-05
4.41697e-05
4.92833e-05
4.38977e-05
4.38019e-05
4.59082e-05
4.35325e-05
4.34408e-05
4.86578e-05
4.31732e-05
4.30792e-05
4.43947e-05
4.28143e-05
4.27251e-05
4.81899e-05
4.2462e-05
4.23692e-05
4.29337e-05
4.21145e-05
4.20316e-05
4.69337e-05
4.1761e-05
4.16709e-05
4.25064e-05
4.14208e-05
4.13394e-05
4.63514e-05
4.10738e-05
4.09854e-05
4.106e-05
4.07439e-05
4.06667e-05
4.51044e-05
4.03966e-05
4.03115e-05
4.06227e-05
4.00746e-05
3.99986e-05
4.36328e-05
3.97333e-05
3.96505e-05
4.11597e-05
3.94083e-05
3.93273e-05
4.37185e-05
3.90869e-05
3.90027e-05
4.05764e-05
3.87645e-05
3.86849e-05
4.23265e-05
3.84481e-05
3.8366e-05
4.01682e-05
3.81315e-05
3.80529e-05
4.18551e-05
3.78202e-05
3.77395e-05
3.96339e-05
3.7509e-05
3.74318e-05
4.04288e-05
3.72028e-05
3.71244e-05
3.9255e-05
3.68976e-05
3.68213e-05
3.99561e-05
3.65967e-05
3.65194e-05
3.78435e-05
3.62963e-05
3.62223e-05
3.96335e-05
3.60012e-05
3.59246e-05
3.73945e-05
3.57055e-05
3.56329e-05
3.91543e-05
3.54155e-05
3.53406e-05
3.69249e-05
3.51249e-05
3.50539e-05
3.77368e-05
3.48396e-05
3.47671e-05
3.65843e-05
3.45548e-05
3.44846e-05
3.72927e-05
3.42741e-05
3.42028e-05
3.521e-05
3.39937e-05
3.39261e-05
3.69998e-05
3.37189e-05
3.36482e-05
3.47961e-05
3.34428e-05
3.33763e-05
3.65589e-05
3.31727e-05
3.31032e-05
3.43659e-05
3.29013e-05
3.28361e-05
3.51834e-05
3.26355e-05
3.25684e-05
3.40576e-05
3.23696e-05
3.23049e-05
3.47776e-05
3.2108e-05
3.20418e-05
3.36196e-05
3.18466e-05
3.17829e-05
3.34555e-05
3.15889e-05
3.15252e-05
3.33214e-05
3.1333e-05
3.12698e-05
3.3081e-05
3.10792e-05
3.10166e-05
3.29047e-05
3.08277e-05
3.07656e-05
3.17834e-05
3.05776e-05
3.05176e-05
3.35274e-05
3.03321e-05
3.02691e-05
3.03817e-05
3.00839e-05
3.00274e-05
3.32019e-05
2.98445e-05
2.97818e-05
2.96053e-05
2.96036e-05
2.95526e-05
3.21035e-05
2.93629e-05
2.93028e-05
2.97937e-05
2.91238e-05
2.90688e-05
3.14634e-05
2.88919e-05
2.88325e-05
2.94508e-05
2.86565e-05
2.86023e-05
3.02185e-05
2.84277e-05
2.83708e-05
3.0082e-05
2.81982e-05
2.81425e-05
2.8875e-05
2.79704e-05
2.7917e-05
2.97876e-05
2.77468e-05
2.76914e-05
2.85716e-05
2.75223e-05
2.74697e-05
2.93868e-05
2.73027e-05
2.72479e-05
2.73329e-05
2.70805e-05
2.70311e-05
2.91375e-05
2.68666e-05
2.68121e-05
2.7021e-05
2.66475e-05
2.65989e-05
2.87858e-05
2.64368e-05
2.63834e-05
2.66956e-05
2.62215e-05
2.61738e-05
2.75244e-05
2.60136e-05
2.59628e-05
2.64745e-05
2.58033e-05
2.57558e-05
2.72257e-05
2.55985e-05
2.55482e-05
2.6141e-05
2.53917e-05
2.53446e-05
2.69179e-05
2.51901e-05
2.51407e-05
2.58033e-05
2.49868e-05
2.49406e-05
2.56807e-05
2.47876e-05
2.47411e-05
2.5587e-05
2.45894e-05
2.45432e-05
2.53931e-05
2.43929e-05
2.4347e-05
2.52658e-05
2.41979e-05
2.41525e-05
2.50987e-05
2.40047e-05
2.39596e-05
2.40418e-05
2.38116e-05
2.37694e-05
2.58079e-05
2.36249e-05
2.35776e-05
2.34342e-05
2.34306e-05
2.33928e-05
2.55693e-05
2.32506e-05
2.32031e-05
2.30621e-05
2.30585e-05
2.30212e-05
2.43273e-05
2.28804e-05
2.28357e-05
2.32568e-05
2.26951e-05
2.26547e-05
2.30465e-05
2.25149e-05
2.24744e-05
2.3043e-05
2.23358e-05
2.22954e-05
2.28245e-05
2.2158e-05
2.2118e-05
2.27284e-05
2.19817e-05
2.1942e-05
2.25745e-05
2.18069e-05
2.17676e-05
2.24336e-05
2.16335e-05
2.15945e-05
2.1463e-05
2.14598e-05
2.14241e-05
2.22577e-05
2.12922e-05
2.12531e-05
2.11481e-05
2.11203e-05
2.10852e-05
2.19831e-05
2.09554e-05
2.09169e-05
2.0903e-05
2.07864e-05
2.07519e-05
2.17104e-05
2.06242e-05
2.0586e-05
2.06387e-05
2.04581e-05
2.04237e-05
2.05356e-05
2.02967e-05
2.0262e-05
2.0474e-05
2.0136e-05
2.01014e-05
2.03082e-05
1.99765e-05
1.99421e-05
2.02125e-05
1.98182e-05
1.97841e-05
2.0079e-05
1.96613e-05
1.96275e-05
1.99567e-05
1.95056e-05
1.94721e-05
1.93511e-05
1.93489e-05
1.93191e-05
2.07107e-05
1.92011e-05
1.91643e-05
1.90421e-05
1.90446e-05
1.89874e-05
1.89344e-05
1.89172e-05
1.96242e-05
1.87988e-05
1.8765e-05
1.8648e-05
1.86458e-05
1.86165e-05
1.92163e-05
1.85013e-05
1.84685e-05
1.8354e-05
1.83519e-05
1.83234e-05
1.82099e-05
1.82079e-05
1.81791e-05
1.89594e-05
1.80666e-05
1.80345e-05
1.79194e-05
1.79176e-05
1.78939e-05
1.87821e-05
1.77841e-05
1.77516e-05
1.76382e-05
1.76364e-05
1.76129e-05
1.85233e-05
1.7505e-05
1.7473e-05
1.73611e-05
1.73594e-05
1.73364e-05
1.73895e-05
1.72281e-05
1.72e-05
1.73279e-05
1.70911e-05
1.70639e-05
1.69549e-05
1.69532e-05
1.69304e-05
1.71687e-05
1.68244e-05
1.67966e-05
1.69631e-05
1.66908e-05
1.66639e-05
1.65577e-05
1.65562e-05
1.65336e-05
1.68446e-05
1.64303e-05
1.64031e-05
1.62986e-05
1.6297e-05
1.62746e-05
1.61713e-05
1.617e-05
1.61472e-05
1.6562e-05
1.60462e-05
1.60193e-05
1.59133e-05
1.59116e-05
1.5868e-05
1.58288e-05
1.58136e-05
1.63586e-05
1.57134e-05
1.56868e-05
1.55826e-05
1.55809e-05
1.5538e-05
1.54996e-05
1.54846e-05
1.60888e-05
1.53865e-05
1.53604e-05
1.52584e-05
1.52568e-05
1.524e-05
1.51442e-05
1.51435e-05
1.51212e-05
1.5025e-05
1.50237e-05
1.50019e-05
1.49068e-05
1.49055e-05
1.48841e-05
1.47859e-05
1.47846e-05
1.47679e-05
1.46751e-05
1.46743e-05
1.46525e-05
1.45556e-05
1.45544e-05
1.45377e-05
1.53609e-05
1.44482e-05
1.4423e-05
1.43226e-05
1.43476e-05
1.45178e-05
1.42579e-05
1.42376e-05
1.41424e-05
1.41413e-05
1.41248e-05
1.41614e-05
1.40354e-05
1.40146e-05
1.39217e-05
1.39203e-05
1.39046e-05
1.38133e-05
1.38124e-05
1.37965e-05
1.39383e-05
1.37086e-05
1.36881e-05
1.35929e-05
1.35906e-05
1.35544e-05
1.35256e-05
1.34918e-05
1.34775e-05
1.33875e-05
1.33857e-05
1.33705e-05
1.32823e-05
1.32814e-05
1.32658e-05
1.31787e-05
1.31777e-05
1.31618e-05
1.30755e-05
1.30747e-05
1.3059e-05
1.29685e-05
1.29669e-05
1.29322e-05
1.29002e-05
1.28672e-05
1.28334e-05
1.28001e-05
1.27666e-05
1.27334e-05
1.27002e-05
1.26914e-05
1.26262e-05
1.29886e-05
1.25768e-05
1.25579e-05
1.24709e-05
1.24685e-05
1.2435e-05
1.24046e-05
1.23729e-05
1.23639e-05
1.23005e-05
1.27146e-05
1.22528e-05
1.22343e-05
1.21496e-05
1.21704e-05
1.21064e-05
1.25307e-05
1.2063e-05
1.20445e-05
1.1961e-05
1.19815e-05
1.19186e-05
1.23743e-05
1.1876e-05
1.18577e-05
1.17755e-05
1.17957e-05
1.17339e-05
1.16874e-05
1.16878e-05
1.16744e-05
1.16154e-05
1.15672e-05
1.15662e-05
1.15534e-05
1.14735e-05
1.1472e-05
1.14628e-05
1.14051e-05
1.13586e-05
1.13579e-05
1.13452e-05
1.12667e-05
1.1265e-05
1.12559e-05
1.11992e-05
1.11536e-05
1.11529e-05
1.11403e-05
1.10837e-05
1.10529e-05
1.18562e-05
1.10123e-05
1.0996e-05
1.09399e-05
1.09094e-05
1.08588e-05
1.08601e-05
1.08338e-05
1.08277e-05
1.07721e-05
1.07274e-05
1.07269e-05
1.07144e-05
1.066e-05
1.06302e-05
1.06299e-05
1.05877e-05
1.0576e-05
1.05222e-05
1.04931e-05
1.05168e-05
1.04511e-05
1.04395e-05
1.03864e-05
1.03577e-05
1.03102e-05
1.0311e-05
1.03047e-05
1.02529e-05
1.02872e-05
1.02109e-05
1.01985e-05
1.01466e-05
1.01184e-05
1.0072e-05
1.0073e-05
1.00666e-05
1.00158e-05
9.97142e-06
9.97029e-06
9.96292e-06
9.91251e-06
9.86832e-06
9.86722e-06
9.8599e-06
9.81006e-06
9.76634e-06
9.76526e-06
9.75802e-06
9.70893e-06
9.66543e-06
9.6642e-06
9.65709e-06
9.60863e-06
9.56561e-06
9.56436e-06
9.55731e-06
9.50935e-06
9.48353e-06
9.45651e-06
9.69912e-06
9.42222e-06
9.41104e-06
9.36283e-06
9.33671e-06
9.30985e-06
9.2852e-06
9.5986e-06
9.25315e-06
9.24223e-06
9.19472e-06
9.16907e-06
9.14268e-06
9.11845e-06
9.07968e-06
9.08198e-06
9.07632e-06
9.03016e-06
9.00547e-06
8.97962e-06
8.94041e-06
8.94231e-06
8.93632e-06
8.89093e-06
8.8666e-06
8.84117e-06
8.80258e-06
8.80444e-06
8.79853e-06
8.75385e-06
8.7299e-06
8.70485e-06
8.66716e-06
8.66861e-06
8.66268e-06
8.61878e-06
8.59529e-06
8.5707e-06
8.53355e-06
8.53496e-06
8.52911e-06
8.48591e-06
8.46278e-06
8.43858e-06
8.41601e-06
8.39437e-06
8.35922e-06
8.36146e-06
8.35524e-06
8.31246e-06
8.28981e-06
8.26606e-06
8.24395e-06
8.22265e-06
8.18821e-06
8.19039e-06
8.18422e-06
8.14231e-06
8.12013e-06
8.09686e-06
8.0752e-06
8.05433e-06
8.0206e-06
8.02272e-06
8.01666e-06
7.97588e-06
7.95409e-06
7.93112e-06
7.90981e-06
7.88937e-06
7.8692e-06
7.84929e-06
7.81646e-06
7.81862e-06
7.8129e-06
7.7727e-06
7.75128e-06
7.72889e-06
7.70816e-06
7.68829e-06
7.66859e-06
7.64917e-06
7.62974e-06
7.61034e-06
7.57854e-06
7.58057e-06
7.57479e-06
7.53569e-06
7.51489e-06
7.49314e-06
7.47302e-06
7.45374e-06
7.43462e-06
7.41579e-06
7.39694e-06
7.37813e-06
7.35932e-06
7.34052e-06
7.32173e-06
7.30297e-06
7.27274e-06
7.27423e-06
7.26838e-06
7.23087e-06
7.21098e-06
7.19013e-06
7.17078e-06
7.15225e-06
7.13389e-06
7.11581e-06
7.09772e-06
7.07966e-06
7.06161e-06
7.04355e-06
7.02552e-06
7.00751e-06
6.98954e-06
6.97159e-06
6.95369e-06
6.93582e-06
6.918e-06
6.90021e-06
6.88247e-06
6.86477e-06
6.84711e-06
6.82977e-06
6.81182e-06
6.79452e-06
6.77673e-06
6.75958e-06
6.74194e-06
6.72486e-06
6.70757e-06
6.69019e-06
6.67293e-06
6.6893e-06
6.64678e-06
6.64105e-06
6.60703e-06
6.58886e-06
6.56964e-06
6.55191e-06
6.53493e-06
6.51818e-06
6.50165e-06
6.48512e-06
6.46862e-06
6.45212e-06
6.43563e-06
6.41916e-06
6.40271e-06
6.3863e-06
6.36991e-06
6.35355e-06
6.33723e-06
6.32095e-06
6.3047e-06
6.2885e-06
6.27233e-06
6.25621e-06
6.24012e-06
6.22407e-06
6.20807e-06
6.19211e-06
6.17618e-06
6.1603e-06
6.14446e-06
6.12865e-06
6.11289e-06
6.09717e-06
6.08149e-06
6.06585e-06
6.05025e-06
6.03468e-06
6.01916e-06
6.00368e-06
5.98824e-06
5.97284e-06
5.95748e-06
5.94215e-06
5.92687e-06
5.91163e-06
5.89643e-06
5.88126e-06
5.86614e-06
5.85105e-06
5.836e-06
5.821e-06
5.80603e-06
5.7911e-06
5.7762e-06
5.76135e-06
5.74654e-06
5.73199e-06
5.71719e-06
5.70234e-06
5.68764e-06
5.67301e-06
5.65844e-06
5.64392e-06
5.62944e-06
5.61499e-06
5.60057e-06
5.58617e-06
5.57181e-06
5.55747e-06
5.54317e-06
5.5289e-06
5.51468e-06
5.5005e-06
5.48635e-06
5.47225e-06
5.45818e-06
5.44416e-06
5.43016e-06
5.41621e-06
5.40229e-06
5.38841e-06
5.37456e-06
5.36075e-06
5.34698e-06
5.33324e-06
5.31954e-06
5.30587e-06
5.29224e-06
5.27864e-06
5.26508e-06
5.25155e-06
5.23806e-06
5.2246e-06
5.21118e-06
5.1978e-06
5.18445e-06
5.17113e-06
5.15785e-06
5.1446e-06
5.13138e-06
5.11821e-06
5.10506e-06
5.09195e-06
5.07887e-06
5.06583e-06
5.05282e-06
5.03984e-06
5.0269e-06
5.014e-06
5.00112e-06
4.98828e-06
4.97547e-06
4.9627e-06
4.94995e-06
4.93725e-06
4.92457e-06
4.91193e-06
4.89932e-06
4.88674e-06
4.8742e-06
4.86168e-06
4.8492e-06
4.83676e-06
4.82434e-06
4.81196e-06
4.79961e-06
4.78729e-06
4.775e-06
4.76275e-06
4.75053e-06
4.73833e-06
4.72617e-06
4.71405e-06
4.70195e-06
4.69004e-06
4.67802e-06
4.66587e-06
4.65388e-06
4.64194e-06
4.63001e-06
4.61815e-06
4.60633e-06
4.59453e-06
4.58274e-06
4.57098e-06
4.55924e-06
4.54753e-06
4.53585e-06
4.5242e-06
4.5126e-06
4.50102e-06
4.48948e-06
4.47796e-06
4.46648e-06
4.45503e-06
4.4436e-06
4.43221e-06
4.42084e-06
4.4095e-06
4.39819e-06
4.38691e-06
4.37566e-06
4.36444e-06
4.35325e-06
4.34209e-06
4.33096e-06
4.31985e-06
4.30877e-06
4.29773e-06
4.28671e-06
4.27572e-06
4.26476e-06
4.25382e-06
4.24292e-06
4.23204e-06
4.22119e-06
4.21037e-06
4.19958e-06
4.18881e-06
4.17808e-06
4.16737e-06
4.15669e-06
4.14603e-06
4.13541e-06
4.12481e-06
4.11424e-06
4.10369e-06
4.09318e-06
4.08269e-06
4.07222e-06
4.06179e-06
4.05138e-06
4.041e-06
4.03064e-06
4.02031e-06
4.01001e-06
3.99974e-06
3.98949e-06
3.97927e-06
3.96907e-06
3.9589e-06
3.94876e-06
3.93864e-06
3.92855e-06
3.91849e-06
3.90845e-06
3.89844e-06
3.88845e-06
3.87849e-06
3.86856e-06
3.85874e-06
3.84883e-06
3.83888e-06
3.82915e-06
3.81924e-06
3.8095e-06
3.79969e-06
3.79011e-06
3.78031e-06
3.77059e-06
3.76097e-06
3.75129e-06
3.74168e-06
3.73211e-06
3.72255e-06
3.71302e-06
3.70351e-06
3.69403e-06
3.68457e-06
3.67513e-06
3.66573e-06
3.65635e-06
3.64699e-06
3.63765e-06
3.62834e-06
3.61906e-06
3.60979e-06
3.60055e-06
3.59133e-06
3.58214e-06
3.57297e-06
3.56382e-06
3.5547e-06
3.5456e-06
3.53652e-06
3.52747e-06
3.51844e-06
3.50944e-06
3.50045e-06
3.49149e-06
3.48256e-06
3.47364e-06
3.46475e-06
3.45589e-06
3.44704e-06
3.43822e-06
3.42942e-06
3.42064e-06
3.41189e-06
3.40316e-06
3.39445e-06
3.38577e-06
3.3771e-06
3.36846e-06
3.35984e-06
3.35124e-06
3.34267e-06
3.33412e-06
3.32559e-06
3.31708e-06
3.30859e-06
3.30013e-06
3.29168e-06
3.28326e-06
3.27486e-06
3.26648e-06
3.25813e-06
3.24979e-06
3.24148e-06
3.23319e-06
3.22492e-06
3.21667e-06
3.20844e-06
3.20023e-06
3.19205e-06
3.18388e-06
3.17574e-06
3.16761e-06
3.15951e-06
3.15143e-06
3.14337e-06
3.13533e-06
3.12731e-06
3.11932e-06
3.11134e-06
3.10338e-06
3.09544e-06
3.08753e-06
3.07963e-06
3.07176e-06
3.0639e-06
3.05607e-06
3.04825e-06
3.04046e-06
3.03268e-06
3.02493e-06
3.01726e-06
3.00963e-06
3.00184e-06
2.9942e-06
2.98653e-06
2.97882e-06
2.97117e-06
2.96355e-06
2.95596e-06
2.94839e-06
2.94085e-06
2.93334e-06
2.92586e-06
2.9184e-06
2.91096e-06
2.90352e-06
2.89611e-06
2.88871e-06
2.88133e-06
2.87396e-06
2.86662e-06
2.85929e-06
2.85198e-06
2.84469e-06
2.83742e-06
2.83017e-06
2.82294e-06
2.81572e-06
2.80853e-06
2.80135e-06
2.79419e-06
2.78705e-06
2.77993e-06
2.77282e-06
2.76574e-06
2.75867e-06
2.75162e-06
2.74459e-06
2.73757e-06
2.73058e-06
2.7236e-06
2.71664e-06
2.7097e-06
2.70277e-06
2.69587e-06
2.68898e-06
2.68211e-06
2.67526e-06
2.66842e-06
2.6616e-06
2.6548e-06
2.64802e-06
2.64125e-06
2.63451e-06
2.62778e-06
2.62106e-06
2.61437e-06
2.60769e-06
2.60103e-06
2.59438e-06
2.58775e-06
2.58114e-06
2.57455e-06
2.56797e-06
2.56141e-06
2.55487e-06
2.54834e-06
2.54184e-06
2.53534e-06
2.52887e-06
2.52241e-06
2.51596e-06
2.50954e-06
2.50313e-06
2.49674e-06
2.49036e-06
2.484e-06
2.47765e-06
2.47133e-06
2.46502e-06
2.45872e-06
2.45244e-06
2.44618e-06
2.43993e-06
2.4337e-06
2.42749e-06
2.42129e-06
2.4151e-06
2.40894e-06
2.40279e-06
2.39674e-06
2.39056e-06
2.38438e-06
2.37847e-06
2.37227e-06
2.36617e-06
2.3602e-06
2.35412e-06
2.34812e-06
2.34211e-06
2.33614e-06
2.33017e-06
2.32423e-06
2.31829e-06
2.31239e-06
2.30648e-06
2.3006e-06
2.29472e-06
2.28895e-06
2.28305e-06
2.27724e-06
2.27145e-06
2.2656e-06
2.25979e-06
2.25401e-06
2.24824e-06
2.2425e-06
2.23678e-06
2.23108e-06
2.22539e-06
2.21972e-06
2.21406e-06
2.20841e-06
2.20277e-06
2.19715e-06
2.19154e-06
2.18595e-06
2.18037e-06
2.1748e-06
2.16925e-06
2.16372e-06
2.15819e-06
2.15269e-06
2.14719e-06
2.14171e-06
2.13625e-06
2.13079e-06
2.12536e-06
2.11993e-06
2.11452e-06
2.10913e-06
2.10374e-06
2.09838e-06
2.09302e-06
2.08768e-06
2.08235e-06
2.07704e-06
2.07174e-06
2.06645e-06
2.06118e-06
2.05592e-06
2.05067e-06
2.04544e-06
2.04022e-06
2.03502e-06
2.02983e-06
2.02465e-06
2.01948e-06
2.01433e-06
2.00919e-06
2.00406e-06
1.99895e-06
1.99385e-06
1.98876e-06
1.98369e-06
1.97863e-06
1.97358e-06
1.96854e-06
1.96352e-06
1.95851e-06
1.95352e-06
1.94853e-06
1.94356e-06
1.93861e-06
1.93366e-06
1.92873e-06
1.92381e-06
1.9189e-06
1.914e-06
1.90912e-06
1.90425e-06
1.8994e-06
1.89455e-06
1.88972e-06
1.8849e-06
1.88009e-06
1.87529e-06
1.87051e-06
1.86574e-06
1.86098e-06
1.85624e-06
1.8515e-06
1.84678e-06
1.84207e-06
1.83737e-06
1.83268e-06
1.82801e-06
1.82335e-06
1.81882e-06
1.81416e-06
1.80953e-06
1.80496e-06
1.80032e-06
1.79568e-06
1.79106e-06
1.78646e-06
1.7819e-06
1.77737e-06
1.77285e-06
1.76834e-06
1.76384e-06
1.75934e-06
1.75485e-06
1.75037e-06
1.7459e-06
1.74145e-06
1.737e-06
1.73257e-06
1.72816e-06
1.72375e-06
1.71935e-06
1.71497e-06
1.71059e-06
1.70623e-06
1.70188e-06
1.69754e-06
1.69321e-06
1.68889e-06
1.68459e-06
1.68029e-06
1.67601e-06
1.67174e-06
1.66747e-06
1.66322e-06
1.65898e-06
1.65475e-06
1.65054e-06
1.64633e-06
1.64213e-06
1.63794e-06
1.63377e-06
1.6296e-06
1.62545e-06
1.62131e-06
1.61717e-06
1.61321e-06
1.60885e-06
1.60487e-06
1.60093e-06
1.59653e-06
1.59262e-06
1.5887e-06
1.58435e-06
1.58048e-06
1.57659e-06
1.57227e-06
1.56857e-06
1.56431e-06
1.56053e-06
1.55635e-06
1.55257e-06
1.54841e-06
1.54467e-06
1.54053e-06
1.53681e-06
1.53269e-06
1.52898e-06
1.52504e-06
1.52111e-06
1.5173e-06
1.51339e-06
1.50953e-06
1.50567e-06
1.50183e-06
1.498e-06
1.49419e-06
1.49038e-06
1.48658e-06
1.48279e-06
1.479e-06
1.47523e-06
1.47146e-06
1.46771e-06
1.46397e-06
1.46024e-06
1.45652e-06
1.4528e-06
1.4491e-06
1.44541e-06
1.44173e-06
1.43805e-06
1.43439e-06
1.43073e-06
1.42709e-06
1.42345e-06
1.41982e-06
1.41621e-06
1.4126e-06
1.409e-06
1.40541e-06
1.40183e-06
1.39825e-06
1.39469e-06
1.39114e-06
1.38759e-06
1.38406e-06
1.38053e-06
1.37701e-06
1.3735e-06
1.37e-06
1.36651e-06
1.36303e-06
1.35956e-06
1.3561e-06
1.35264e-06
1.34919e-06
1.34576e-06
1.34233e-06
1.33891e-06
1.3355e-06
1.3321e-06
1.3287e-06
1.32532e-06
1.32194e-06
1.31857e-06
1.31521e-06
1.31186e-06
1.30852e-06
1.30519e-06
1.30186e-06
1.29855e-06
1.29524e-06
1.29194e-06
1.28865e-06
1.28537e-06
1.28209e-06
1.27882e-06
1.27557e-06
1.27232e-06
1.26908e-06
1.26584e-06
1.26262e-06
1.2594e-06
1.2562e-06
1.253e-06
1.2498e-06
1.24662e-06
1.24345e-06
1.24028e-06
1.23712e-06
1.23397e-06
1.23082e-06
1.22769e-06
1.22456e-06
1.22144e-06
1.21833e-06
1.21523e-06
1.21226e-06
1.20911e-06
1.20606e-06
1.20298e-06
1.19987e-06
1.19684e-06
1.1938e-06
1.19077e-06
1.18774e-06
1.18471e-06
1.18167e-06
1.17864e-06
1.17563e-06
1.17262e-06
1.16963e-06
1.16664e-06
1.16367e-06
1.16071e-06
1.15775e-06
1.1548e-06
1.15186e-06
1.14893e-06
1.146e-06
1.14308e-06
1.14017e-06
1.13727e-06
1.13438e-06
1.13149e-06
1.12861e-06
1.12573e-06
1.12287e-06
1.12001e-06
1.11716e-06
1.11431e-06
1.11147e-06
1.10864e-06
1.10582e-06
1.10301e-06
1.1002e-06
1.09739e-06
1.0946e-06
1.09181e-06
1.08903e-06
1.08626e-06
1.08349e-06
1.08073e-06
1.07798e-06
1.07524e-06
1.0725e-06
1.06977e-06
1.06704e-06
1.06433e-06
1.06162e-06
1.05891e-06
1.05622e-06
1.05353e-06
1.05084e-06
1.04817e-06
1.0455e-06
1.04284e-06
1.04018e-06
1.03753e-06
1.03489e-06
1.03226e-06
1.02963e-06
1.02701e-06
1.02439e-06
1.02178e-06
1.01918e-06
1.01659e-06
1.014e-06
1.01142e-06
1.00884e-06
1.00628e-06
1.00371e-06
1.00116e-06
9.9861e-07
9.96068e-07
9.93532e-07
9.91002e-07
9.88479e-07
9.85963e-07
9.83453e-07
9.80949e-07
9.78452e-07
9.76022e-07
9.73484e-07
9.71022e-07
9.6846e-07
9.66032e-07
9.63703e-07
9.61178e-07
9.58735e-07
9.5619e-07
9.53837e-07
9.51424e-07
9.49007e-07
9.46559e-07
9.44122e-07
9.41793e-07
9.3935e-07
9.36933e-07
9.34686e-07
9.32138e-07
9.29867e-07
9.27419e-07
9.25144e-07
9.2271e-07
9.20448e-07
9.18075e-07
9.15765e-07
9.13423e-07
9.11044e-07
9.08747e-07
9.0645e-07
9.04148e-07
9.01851e-07
8.99547e-07
8.97247e-07
8.94953e-07
8.92669e-07
8.90394e-07
8.88128e-07
8.85868e-07
8.83614e-07
8.81365e-07
8.79122e-07
8.76885e-07
8.74653e-07
8.72426e-07
8.70206e-07
8.67991e-07
8.65782e-07
8.63578e-07
8.61381e-07
8.59188e-07
8.57002e-07
8.54821e-07
8.52646e-07
8.50476e-07
8.48312e-07
8.46154e-07
8.44e-07
8.41853e-07
8.39711e-07
8.37574e-07
8.35442e-07
8.33316e-07
8.31196e-07
8.2908e-07
8.26971e-07
8.24866e-07
8.22767e-07
8.20673e-07
8.18585e-07
8.16502e-07
8.14424e-07
8.12351e-07
8.10284e-07
8.08222e-07
8.06165e-07
8.04114e-07
8.02067e-07
8.00026e-07
7.97991e-07
7.9596e-07
7.93934e-07
7.91914e-07
7.89899e-07
7.87889e-07
7.85884e-07
7.83884e-07
7.81889e-07
7.799e-07
7.77915e-07
7.75936e-07
7.73961e-07
7.71992e-07
7.70027e-07
7.68068e-07
7.66113e-07
7.64164e-07
7.6222e-07
7.6028e-07
7.58346e-07
7.56416e-07
7.54491e-07
7.52571e-07
7.50638e-07
7.48832e-07
7.46918e-07
7.44921e-07
7.43005e-07
7.41149e-07
7.39282e-07
7.37403e-07
7.35517e-07
7.3363e-07
7.31753e-07
7.29889e-07
7.28036e-07
7.26188e-07
7.24345e-07
7.22506e-07
7.20671e-07
7.18839e-07
7.17012e-07
7.15188e-07
7.13369e-07
7.11554e-07
7.09743e-07
7.07936e-07
7.06134e-07
7.04336e-07
7.02543e-07
7.00755e-07
6.98971e-07
6.97192e-07
6.95418e-07
6.93648e-07
6.91883e-07
6.90123e-07
6.88367e-07
6.86615e-07
6.84869e-07
6.83127e-07
6.81389e-07
6.79656e-07
6.77927e-07
6.76203e-07
6.74483e-07
6.72767e-07
6.71056e-07
6.69349e-07
6.67647e-07
6.65948e-07
6.64255e-07
6.62565e-07
6.6088e-07
6.59199e-07
6.57522e-07
6.55849e-07
6.54181e-07
6.52517e-07
6.50857e-07
6.49202e-07
6.4755e-07
6.45903e-07
6.4426e-07
6.42622e-07
6.40987e-07
6.39356e-07
6.3773e-07
6.36108e-07
6.3449e-07
6.32876e-07
6.31266e-07
6.2966e-07
6.28059e-07
6.26461e-07
6.24867e-07
6.23278e-07
6.21693e-07
6.20111e-07
6.18534e-07
6.1696e-07
6.15391e-07
6.13741e-07
6.12442e-07
6.10683e-07
6.0901e-07
6.07602e-07
6.06076e-07
6.04446e-07
6.0315e-07
6.01418e-07
5.99778e-07
5.98317e-07
5.97071e-07
5.95351e-07
5.937e-07
5.92241e-07
5.9101e-07
5.89316e-07
5.8761e-07
5.86495e-07
5.84756e-07
5.83323e-07
5.81934e-07
5.80336e-07
5.78854e-07
5.77388e-07
5.75929e-07
5.74466e-07
5.73002e-07
5.71548e-07
5.70099e-07
5.68657e-07
5.67219e-07
5.65781e-07
5.64344e-07
5.62911e-07
5.6148e-07
5.60053e-07
5.58629e-07
5.57209e-07
5.55793e-07
5.5438e-07
5.52971e-07
5.51565e-07
5.50162e-07
5.48763e-07
5.47368e-07
5.45975e-07
5.44586e-07
5.43201e-07
5.41819e-07
5.40441e-07
5.39066e-07
5.37694e-07
5.36326e-07
5.34962e-07
5.33601e-07
5.32243e-07
5.3089e-07
5.29539e-07
5.28192e-07
5.26849e-07
5.25508e-07
5.24172e-07
5.22839e-07
5.21509e-07
5.20182e-07
5.18859e-07
5.1754e-07
5.16223e-07
5.14911e-07
5.13601e-07
5.12295e-07
5.10992e-07
5.09692e-07
5.08396e-07
5.07103e-07
5.05814e-07
5.04527e-07
5.03244e-07
5.01964e-07
5.00688e-07
4.99415e-07
4.98145e-07
4.96878e-07
4.95614e-07
4.94354e-07
4.93097e-07
4.91843e-07
4.90592e-07
4.89344e-07
4.881e-07
4.86859e-07
4.85621e-07
4.84386e-07
4.83154e-07
4.81925e-07
4.807e-07
4.79477e-07
4.78258e-07
4.76927e-07
4.75925e-07
4.7466e-07
4.73323e-07
4.7212e-07
4.70922e-07
4.69726e-07
4.68534e-07
4.67349e-07
4.66181e-07
4.65016e-07
4.6385e-07
4.62681e-07
4.6151e-07
4.60338e-07
4.59168e-07
4.58e-07
4.56835e-07
4.55672e-07
4.54513e-07
4.53357e-07
4.52205e-07
4.51055e-07
4.49909e-07
4.48766e-07
4.47626e-07
4.46489e-07
4.45355e-07
4.44223e-07
4.43094e-07
4.41968e-07
4.40845e-07
4.39724e-07
4.38607e-07
4.37492e-07
4.36379e-07
4.3527e-07
4.34163e-07
4.33059e-07
4.31958e-07
4.30859e-07
4.29763e-07
4.2867e-07
4.2758e-07
4.26493e-07
4.25408e-07
4.24326e-07
4.23247e-07
4.2217e-07
4.21097e-07
4.20026e-07
4.18957e-07
4.17892e-07
4.16829e-07
4.15769e-07
4.14712e-07
4.13657e-07
4.12605e-07
4.11556e-07
4.1051e-07
4.09466e-07
4.08425e-07
4.07386e-07
4.0635e-07
4.05317e-07
4.04286e-07
4.03258e-07
4.02233e-07
4.0121e-07
4.0019e-07
3.99172e-07
3.98157e-07
3.97145e-07
3.96135e-07
3.95128e-07
3.94123e-07
3.93121e-07
3.92122e-07
3.91124e-07
3.9013e-07
3.89138e-07
3.88149e-07
3.87162e-07
3.86178e-07
3.85196e-07
3.84216e-07
3.83149e-07
3.82424e-07
3.81254e-07
3.80201e-07
3.79375e-07
3.78386e-07
3.77435e-07
3.76486e-07
3.75444e-07
3.7474e-07
3.73584e-07
3.72544e-07
3.71729e-07
3.7067e-07
3.6998e-07
3.68857e-07
3.67755e-07
3.67201e-07
3.65957e-07
3.65106e-07
3.64272e-07
3.63214e-07
3.62319e-07
3.61394e-07
3.60474e-07
3.59571e-07
3.58665e-07
3.57767e-07
3.56868e-07
3.55966e-07
3.55063e-07
3.5416e-07
3.5326e-07
3.52362e-07
3.51465e-07
3.50572e-07
3.49678e-07
3.48789e-07
3.47901e-07
3.47016e-07
3.46132e-07
3.45252e-07
3.44374e-07
3.43498e-07
3.42625e-07
3.41753e-07
3.40885e-07
3.40018e-07
3.39154e-07
3.38293e-07
3.37433e-07
3.36576e-07
3.3572e-07
3.34867e-07
3.34017e-07
3.33168e-07
3.32321e-07
3.31477e-07
3.30635e-07
3.29794e-07
3.28956e-07
3.2812e-07
3.27287e-07
3.26455e-07
3.25625e-07
3.24797e-07
3.23972e-07
3.23149e-07
3.22327e-07
3.21508e-07
3.20736e-07
3.19984e-07
3.19234e-07
3.18486e-07
3.17739e-07
3.16994e-07
3.16251e-07
3.1551e-07
3.14771e-07
3.14034e-07
3.13298e-07
3.12564e-07
3.11832e-07
3.11102e-07
3.10373e-07
3.09647e-07
3.08922e-07
3.08199e-07
3.07478e-07
3.06758e-07
3.0604e-07
3.05324e-07
3.0461e-07
3.03898e-07
3.03187e-07
3.02478e-07
3.01771e-07
3.01065e-07
3.00362e-07
2.9966e-07
2.98959e-07
2.98261e-07
2.97564e-07
2.96869e-07
2.96175e-07
2.95483e-07
2.94793e-07
2.94105e-07
2.93418e-07
2.92733e-07
2.9205e-07
2.91369e-07
2.90689e-07
2.89964e-07
2.89419e-07
2.88762e-07
2.88054e-07
2.87329e-07
2.86633e-07
2.85966e-07
2.85293e-07
2.84603e-07
2.83913e-07
2.83242e-07
2.82593e-07
2.81958e-07
2.81324e-07
2.80685e-07
2.80039e-07
2.79389e-07
2.78738e-07
2.78088e-07
2.77439e-07
2.76793e-07
2.76149e-07
2.75506e-07
2.74865e-07
2.74225e-07
2.73587e-07
2.72951e-07
2.72316e-07
2.71682e-07
2.7105e-07
2.70419e-07
2.6979e-07
2.69163e-07
2.68537e-07
2.67913e-07
2.6729e-07
2.66669e-07
2.66049e-07
2.65431e-07
2.64815e-07
2.642e-07
2.63586e-07
2.62975e-07
2.62364e-07
2.61756e-07
2.61154e-07
2.60594e-07
2.59929e-07
2.59335e-07
2.58701e-07
2.581e-07
2.57519e-07
2.56932e-07
2.56335e-07
2.55747e-07
2.55161e-07
2.54663e-07
2.53988e-07
2.53408e-07
2.52761e-07
2.52265e-07
2.51645e-07
2.51082e-07
2.50467e-07
2.49859e-07
2.49282e-07
2.4871e-07
2.48128e-07
2.4754e-07
2.46968e-07
2.46412e-07
2.45865e-07
2.45313e-07
2.44754e-07
2.44188e-07
2.4362e-07
2.43054e-07
2.42489e-07
2.41928e-07
2.41368e-07
2.40811e-07
2.40256e-07
2.39702e-07
2.39149e-07
2.38598e-07
2.38049e-07
2.375e-07
2.36953e-07
2.36407e-07
2.35863e-07
2.35319e-07
2.34777e-07
2.34236e-07
2.33696e-07
2.33157e-07
2.3262e-07
2.32084e-07
2.31549e-07
2.31016e-07
2.30483e-07
2.29952e-07
2.29423e-07
2.28894e-07
2.28367e-07
2.27842e-07
2.27317e-07
2.26794e-07
2.26272e-07
2.25752e-07
2.25232e-07
2.24714e-07
2.24197e-07
2.23682e-07
2.23168e-07
2.22655e-07
2.22143e-07
2.21633e-07
2.21124e-07
2.20616e-07
2.20109e-07
2.19604e-07
2.191e-07
2.18597e-07
2.18095e-07
2.17595e-07
2.17095e-07
2.16598e-07
2.16101e-07
2.15605e-07
2.15111e-07
2.14618e-07
2.14126e-07
2.13635e-07
2.13146e-07
2.12657e-07
2.1217e-07
2.11684e-07
2.11199e-07
2.10716e-07
2.10233e-07
2.09752e-07
2.09272e-07
2.08793e-07
2.08446e-07
2.07762e-07
2.07335e-07
2.06887e-07
2.06413e-07
2.0591e-07
2.05412e-07
2.04936e-07
2.04479e-07
2.04031e-07
2.03589e-07
2.03145e-07
2.02693e-07
2.02233e-07
2.01767e-07
2.01301e-07
2.00837e-07
2.00375e-07
1.99916e-07
1.99458e-07
1.99002e-07
1.98547e-07
1.98094e-07
1.97642e-07
1.97192e-07
1.96742e-07
1.96294e-07
1.95847e-07
1.95402e-07
1.94957e-07
1.94513e-07
1.94071e-07
1.9363e-07
1.93189e-07
1.9275e-07
1.92312e-07
1.91875e-07
1.91439e-07
1.91004e-07
1.9057e-07
1.90136e-07
1.89704e-07
1.89273e-07
1.88843e-07
1.88414e-07
1.87986e-07
1.87559e-07
1.87133e-07
1.86708e-07
1.86284e-07
1.85861e-07
1.85439e-07
1.85018e-07
1.84598e-07
1.84179e-07
1.83761e-07
1.83344e-07
1.82929e-07
1.82514e-07
1.821e-07
1.81687e-07
1.81275e-07
1.80864e-07
1.80455e-07
1.80046e-07
1.79638e-07
1.79231e-07
1.78825e-07
1.78421e-07
1.78017e-07
1.77614e-07
1.77212e-07
1.76811e-07
1.76411e-07
1.76012e-07
1.75338e-07
1.75452e-07
1.74756e-07
1.74483e-07
1.74064e-07
1.73626e-07
1.73217e-07
1.72852e-07
1.72493e-07
1.71836e-07
1.71958e-07
1.70959e-07
1.70972e-07
1.70425e-07
1.70072e-07
1.69704e-07
1.69336e-07
1.68958e-07
1.68584e-07
1.68223e-07
1.67863e-07
1.67499e-07
1.67126e-07
1.66747e-07
1.66365e-07
1.65985e-07
1.65606e-07
1.65232e-07
1.64859e-07
1.64488e-07
1.64117e-07
1.63748e-07
1.63379e-07
1.63011e-07
1.62644e-07
1.62278e-07
1.61912e-07
1.61548e-07
1.61184e-07
1.60822e-07
1.6046e-07
1.601e-07
1.5974e-07
1.59381e-07
1.59023e-07
1.58667e-07
1.58311e-07
1.57956e-07
1.57602e-07
1.57249e-07
1.56896e-07
1.56545e-07
1.56195e-07
1.55845e-07
1.55496e-07
1.55149e-07
1.54801e-07
1.54455e-07
1.54109e-07
1.53765e-07
1.53421e-07
1.53078e-07
1.52736e-07
1.52395e-07
1.52054e-07
1.51714e-07
1.51375e-07
1.51037e-07
1.507e-07
1.50364e-07
1.50028e-07
1.49693e-07
1.49359e-07
1.49026e-07
1.48693e-07
1.48361e-07
1.4803e-07
1.477e-07
1.47371e-07
1.47043e-07
1.46715e-07
1.46388e-07
1.46061e-07
1.45736e-07
1.45412e-07
1.45088e-07
1.44765e-07
1.44443e-07
1.44121e-07
1.438e-07
1.4348e-07
1.43161e-07
1.42843e-07
1.42525e-07
1.42208e-07
1.41892e-07
1.41577e-07
1.41262e-07
1.40948e-07
1.40636e-07
1.40323e-07
1.40012e-07
1.39701e-07
1.39391e-07
1.39081e-07
1.38773e-07
1.38465e-07
1.38158e-07
1.37852e-07
1.37546e-07
1.37241e-07
1.37025e-07
1.36464e-07
1.36199e-07
1.35921e-07
1.35682e-07
1.35395e-07
1.35076e-07
1.34776e-07
1.3451e-07
1.34251e-07
1.33977e-07
1.33682e-07
1.33374e-07
1.33065e-07
1.32761e-07
1.32464e-07
1.3217e-07
1.31879e-07
1.31589e-07
1.313e-07
1.3101e-07
1.30722e-07
1.30433e-07
1.30145e-07
1.29858e-07
1.29571e-07
1.29285e-07
1.29e-07
1.28715e-07
1.28431e-07
1.28148e-07
1.27865e-07
1.27583e-07
1.27302e-07
1.27021e-07
1.26741e-07
1.26462e-07
1.26184e-07
1.25906e-07
1.25629e-07
1.25352e-07
1.25077e-07
1.24802e-07
1.24527e-07
1.24254e-07
1.23981e-07
1.23709e-07
1.23437e-07
1.23166e-07
1.22896e-07
1.22626e-07
1.22357e-07
1.22089e-07
1.21821e-07
1.21554e-07
1.21288e-07
1.21022e-07
1.20757e-07
1.20493e-07
1.20229e-07
1.19966e-07
1.19703e-07
1.19441e-07
1.1918e-07
1.18919e-07
1.18659e-07
1.184e-07
1.18141e-07
1.17883e-07
1.17625e-07
1.17368e-07
1.17112e-07
1.16856e-07
1.16601e-07
1.16347e-07
1.16093e-07
1.15737e-07
1.15658e-07
1.15125e-07
1.15156e-07
1.14922e-07
1.14533e-07
1.1437e-07
1.13868e-07
1.1364e-07
1.13811e-07
1.13225e-07
1.12981e-07
1.12764e-07
1.1259e-07
1.12379e-07
1.12125e-07
1.11873e-07
1.11633e-07
1.11399e-07
1.11156e-07
1.1091e-07
1.10662e-07
1.1042e-07
1.10177e-07
1.09939e-07
1.09699e-07
1.09463e-07
1.09225e-07
1.0899e-07
1.08753e-07
1.08519e-07
1.08283e-07
1.08051e-07
1.07815e-07
1.07584e-07
1.07349e-07
1.07119e-07
1.06886e-07
1.06656e-07
1.06424e-07
1.06195e-07
1.05964e-07
1.05736e-07
1.05506e-07
1.05279e-07
1.0505e-07
1.04825e-07
1.04597e-07
1.04372e-07
1.04145e-07
1.03921e-07
1.03696e-07
1.03473e-07
1.03248e-07
1.03027e-07
1.02803e-07
1.02583e-07
1.0236e-07
1.02141e-07
1.0192e-07
1.01701e-07
1.01481e-07
1.01263e-07
1.01044e-07
1.00827e-07
1.0061e-07
1.00394e-07
1.00178e-07
9.99627e-08
9.97473e-08
9.95333e-08
9.93191e-08
9.91061e-08
9.88929e-08
9.86808e-08
9.84687e-08
9.82577e-08
9.80466e-08
9.78365e-08
9.76265e-08
9.73905e-08
9.70379e-08
9.67969e-08
9.65957e-08
9.64744e-08
9.63555e-08
9.61835e-08
9.59875e-08
9.57876e-08
9.55854e-08
9.53733e-08
9.51586e-08
9.49469e-08
9.47415e-08
9.45387e-08
9.43364e-08
9.41337e-08
9.39312e-08
9.37296e-08
9.35291e-08
9.33296e-08
9.31309e-08
9.2933e-08
9.27356e-08
9.25386e-08
9.23419e-08
9.21456e-08
9.19498e-08
9.17542e-08
9.15592e-08
9.13647e-08
9.11705e-08
9.09769e-08
9.07837e-08
9.05909e-08
9.03986e-08
9.02067e-08
9.00152e-08
8.98243e-08
8.96337e-08
8.94435e-08
8.92537e-08
8.90645e-08
8.88756e-08
8.86871e-08
8.84991e-08
8.83115e-08
8.81244e-08
8.79376e-08
8.77513e-08
8.75654e-08
8.73801e-08
8.7195e-08
8.70104e-08
8.68263e-08
8.66426e-08
8.64593e-08
8.62765e-08
8.60941e-08
8.5692e-08
8.58913e-08
8.5413e-08
8.51418e-08
8.54212e-08
8.47589e-08
8.50453e-08
8.43976e-08
8.46191e-08
8.41724e-08
8.402e-08
8.38578e-08
8.37335e-08
8.36014e-08
8.34399e-08
8.32629e-08
8.30751e-08
8.28909e-08
8.27055e-08
8.25321e-08
8.23566e-08
8.21896e-08
8.20151e-08
8.18473e-08
8.16718e-08
8.15035e-08
8.13281e-08
8.11603e-08
8.09858e-08
8.08188e-08
8.06456e-08
8.04794e-08
8.03073e-08
8.01417e-08
7.99709e-08
7.98058e-08
7.96362e-08
7.94715e-08
7.9303e-08
7.9139e-08
7.89717e-08
7.88082e-08
7.8642e-08
7.84791e-08
7.83139e-08
7.81516e-08
7.79874e-08
7.78258e-08
7.76626e-08
7.75014e-08
7.73393e-08
7.71786e-08
7.70174e-08
7.68575e-08
7.66971e-08
7.65377e-08
7.63782e-08
7.62194e-08
7.60608e-08
7.59028e-08
7.57448e-08
7.55874e-08
7.54304e-08
7.52736e-08
7.51172e-08
7.49612e-08
7.48056e-08
7.46503e-08
7.44954e-08
7.43408e-08
7.41867e-08
7.40327e-08
7.38795e-08
7.37261e-08
7.35735e-08
7.3421e-08
7.3269e-08
7.31172e-08
7.2966e-08
7.28148e-08
7.26644e-08
7.25139e-08
7.23641e-08
7.22143e-08
7.20653e-08
7.19162e-08
7.17678e-08
7.16194e-08
7.14717e-08
7.1324e-08
7.1177e-08
7.10301e-08
7.08838e-08
7.07374e-08
7.05918e-08
7.04461e-08
7.03012e-08
7.01562e-08
7.0012e-08
6.98676e-08
6.97241e-08
6.95804e-08
6.94376e-08
6.92946e-08
6.91524e-08
6.901e-08
6.88685e-08
6.87269e-08
6.86449e-08
6.8491e-08
6.8089e-08
6.80007e-08
6.78934e-08
6.78612e-08
6.78076e-08
6.76948e-08
6.7531e-08
6.73538e-08
6.71872e-08
6.70408e-08
6.69059e-08
6.67758e-08
6.66446e-08
6.65127e-08
6.63792e-08
6.62452e-08
6.611e-08
6.59746e-08
6.58388e-08
6.57031e-08
6.55679e-08
6.54331e-08
6.52989e-08
6.51652e-08
6.50321e-08
6.48993e-08
6.4767e-08
6.4635e-08
6.45033e-08
6.43718e-08
6.42407e-08
6.41099e-08
6.39793e-08
6.38491e-08
6.37192e-08
6.35896e-08
6.34602e-08
6.33313e-08
6.32026e-08
6.30743e-08
6.29462e-08
6.28185e-08
6.26911e-08
6.2564e-08
6.24372e-08
6.23107e-08
6.21845e-08
6.20586e-08
6.19331e-08
6.18077e-08
6.16827e-08
6.1558e-08
6.14336e-08
6.13095e-08
6.11857e-08
6.10621e-08
6.09389e-08
6.08159e-08
6.06932e-08
6.05708e-08
6.04487e-08
6.03268e-08
6.02053e-08
5.99926e-08
5.99053e-08
5.98249e-08
5.95805e-08
5.96218e-08
5.95683e-08
5.93341e-08
5.92371e-08
5.90624e-08
5.89711e-08
5.8892e-08
5.88198e-08
5.86886e-08
5.85574e-08
5.84102e-08
5.82945e-08
5.81709e-08
5.80647e-08
5.79436e-08
5.7835e-08
5.77144e-08
5.76054e-08
5.74861e-08
5.73765e-08
5.72581e-08
5.71477e-08
5.70299e-08
5.6919e-08
5.68022e-08
5.66912e-08
5.65755e-08
5.64646e-08
5.63501e-08
5.62394e-08
5.61259e-08
5.60154e-08
5.59026e-08
5.57924e-08
5.56804e-08
5.55703e-08
5.5459e-08
5.53493e-08
5.52385e-08
5.51292e-08
5.5019e-08
5.491e-08
5.48005e-08
5.46918e-08
5.4583e-08
5.44747e-08
5.43664e-08
5.42585e-08
5.41508e-08
5.40434e-08
5.39362e-08
5.38293e-08
5.37226e-08
5.36162e-08
5.35101e-08
5.3404e-08
5.32984e-08
5.31929e-08
5.30878e-08
5.29828e-08
5.28781e-08
5.27735e-08
5.26696e-08
5.25653e-08
5.24618e-08
5.23582e-08
5.2255e-08
5.21518e-08
5.20493e-08
5.19465e-08
5.15006e-08
5.20186e-08
5.14965e-08
5.15024e-08
5.1369e-08
5.13199e-08
5.12871e-08
5.12096e-08
5.10866e-08
5.09521e-08
5.08311e-08
5.07271e-08
5.06286e-08
5.05308e-08
5.04311e-08
5.03318e-08
5.02327e-08
5.01349e-08
5.00377e-08
4.99412e-08
4.98449e-08
4.97489e-08
4.96525e-08
4.95561e-08
4.94595e-08
4.93628e-08
4.92662e-08
4.91698e-08
4.90736e-08
4.89776e-08
4.8882e-08
4.87867e-08
4.86916e-08
4.85968e-08
4.85023e-08
4.8408e-08
4.83139e-08
4.82201e-08
4.81264e-08
4.8033e-08
4.79398e-08
4.78467e-08
4.77539e-08
4.76613e-08
4.75689e-08
4.74766e-08
4.73847e-08
4.72927e-08
4.72012e-08
4.71098e-08
4.70186e-08
4.69275e-08
4.68367e-08
4.67461e-08
4.66557e-08
4.65655e-08
4.64755e-08
4.63857e-08
4.62961e-08
4.62067e-08
4.61176e-08
4.60285e-08
4.59397e-08
4.58512e-08
4.57628e-08
4.56746e-08
4.58803e-08
4.54978e-08
4.54562e-08
4.53906e-08
4.52585e-08
4.51671e-08
4.5088e-08
4.50078e-08
4.49077e-08
4.48107e-08
4.47177e-08
4.46341e-08
4.45497e-08
4.4467e-08
4.43811e-08
4.42951e-08
4.42069e-08
4.41197e-08
4.40322e-08
4.39468e-08
4.38618e-08
4.37786e-08
4.36954e-08
4.36132e-08
4.35306e-08
4.34487e-08
4.3366e-08
4.32838e-08
4.32011e-08
4.31188e-08
4.30362e-08
4.29542e-08
4.28719e-08
4.27903e-08
4.27084e-08
4.26272e-08
4.25458e-08
4.24651e-08
4.23842e-08
4.23037e-08
4.22233e-08
4.21432e-08
4.20632e-08
4.19835e-08
4.19039e-08
4.18246e-08
4.17453e-08
4.16663e-08
4.15874e-08
4.15088e-08
4.14303e-08
4.1352e-08
4.12739e-08
4.11959e-08
4.11181e-08
4.10405e-08
4.09631e-08
4.08857e-08
4.08087e-08
4.07317e-08
4.0655e-08
4.05783e-08
4.0502e-08
