507.042
289.792
285.21
178.862
82.1304
51.4658
58.8592
67.8446
118.706
93.4877
92.5182
72.0967
56.7394
42.2851
27.089
18.675
26.0954
29.6046
30.4914
33.4776
39.3204
43.2519
45.5812
46.9061
47.0636
47.105
56.5669
56.3562
56.1381
55.6294
55.5991
55.3981
55.2086
54.9548
59.145
55.8208
42.9077
41.9021
39.302
37.1166
36.251
36.0115
35.7041
37.8212
54.5293
41.9283
43.2705
57.1068
56.8607
45.3301
58.7324
45.8548
56.6826
44.8758
57.0176
48.8356
45.439
55.6958
44.3064
51.3465
44.3461
51.9015
42.9196
41.5831
40.6987
39.8705
38.8658
37.9677
38.3869
33.165
32.1248
31.8829
31.2206
30.7934
30.4718
30.4634
30.5585
30.6071
30.5713
30.7236
29.3729
29.6438
26.871
26.8796
26.0382
24.7587
24.3555
24.4514
24.6989
24.1305
24.3488
24.4256
24.0106
23.4314
22.8114
22.0999
21.2552
20.3012
18.5324
18.5922
18.5147
18.4261
18.5024
18.2864
18.1948
18.0723
17.7649
17.4623
16.987
16.5101
15.6566
14.5346
14.3653
14.0418
13.8518
13.7576
13.7447
13.7931
13.1924
12.9447
12.8696
12.6679
12.3495
12.5889
11.574
11.4208
11.3946
11.3005
11.1997
11.0747
10.971
10.8907
10.8014
10.7145
10.5508
10.4745
10.3483
10.1538
9.9933
9.78243
8.7498
8.71101
8.63016
8.56188
8.50581
8.45641
8.4456
8.3981
8.33657
8.27236
8.23481
8.16838
8.13761
8.04024
8.04864
7.9792
7.91098
7.83427
7.7967
7.73638
7.67762
7.6285
7.49948
7.40537
7.25326
7.08551
7.2458
7.09325
7.20258
6.91596
7.07585
6.97535
6.94553
6.79667
6.75859
6.81131
6.85938
6.51378
6.33587
6.36481
6.33567
6.34157
6.37017
6.18557
6.18954
6.15654
6.05695
6.12995
6.07866
6.01689
6.0526
6.01815
5.99548
5.99524
6.00243
5.94072
5.92284
5.91482
5.91347
5.89083
5.87384
5.8187
5.80533
5.82345
5.74054
5.78746
5.80037
5.73954
5.74693
5.72071
5.69178
5.70389
5.69216
5.63888
5.6352
5.60101
5.56161
5.53963
5.50846
5.4598
5.42028
5.38735
5.30984
5.28631
5.26035
5.20273
5.21277
5.19259
5.14533
5.12495
5.08467
5.056
5.0993
5.02937
4.96542
4.99112
4.88744
4.99838
5.00949
4.97002
4.75921
4.77706
4.77624
4.78296
4.80018
4.81781
4.76339
4.77725
4.75082
4.84052
4.82899
4.83778
4.78167
4.75105
4.75115
4.70831
4.74323
4.74395
4.695
4.72508
4.68389
4.65863
4.67469
4.64961
4.60938
4.6559
4.66254
4.51984
4.54408
4.51383
4.47955
4.48945
4.45679
4.44189
4.52696
4.41982
4.40125
4.43654
4.41811
4.39787
4.40106
4.38568
4.36795
4.3726
4.36709
4.32552
4.32907
4.32844
4.28823
4.3514
4.32162
4.29752
4.32803
4.28011
4.25629
4.28341
4.24641
4.1506
4.17725
4.22894
4.21172
4.11544
4.11493
4.09116
4.07904
4.05871
4.04712
4.03695
4.03478
4.03043
4.01607
3.99749
4.00074
3.99371
3.97526
3.96967
3.96364
3.96484
3.91645
3.93026
3.92881
3.88477
4.00304
3.9909
3.95965
4.01631
3.97673
3.97661
3.97361
3.98332
3.94878
3.92299
3.91711
3.90074
3.89722
3.79166
3.7869
3.76885
3.76419
3.76375
3.73455
3.73193
3.7182
3.72819
3.70339
3.68756
3.68683
3.67581
3.65944
3.65398
3.64797
3.63591
3.64444
3.61921
3.6135
3.62786
3.58522
3.58236
3.60288
3.56038
3.54935
3.56159
3.56918
3.54962
3.57458
3.56376
3.52726
3.5413
3.53905
3.52278
3.50411
3.48379
3.47858
3.46535
3.45897
3.45329
3.46478
3.42026
3.41903
3.43777
3.39352
3.42079
3.4117
3.411
3.37822
3.3699
3.37399
3.36203
3.36596
3.35264
3.347
3.35511
3.3212
3.30528
3.33543
3.31516
3.29418
3.29811
3.29347
3.28784
3.27811
3.28216
3.26892
3.26014
3.23535
3.22915
3.23616
3.23291
3.21579
3.20241
3.19614
3.21988
3.17677
3.19837
3.1925
3.17712
3.13913
3.18714
3.14764
3.13985
3.15877
3.12057
3.11268
3.13022
3.12185
3.08569
3.13467
3.09047
3.09168
3.10939
3.0647
3.05829
3.07709
3.12109
3.05908
3.02277
3.06638
3.00397
3.05428
3.03663
3.00381
3.02246
3.01036
3.00718
2.99624
3.01579
2.98208
3.00028
2.9638
2.98094
2.97103
2.95518
2.95033
2.96919
3.06404
2.79003
3.01699
2.8752
2.94797
2.91321
2.89645
2.9183
2.88516
2.92269
2.83855
2.9393
2.84178
2.89102
2.85535
2.87244
2.83749
2.88216
2.84224
2.83751
2.85833
2.81373
3.02619
2.79676
3.01975
2.95091
2.95776
2.95821
2.92234
2.96798
2.92132
2.97102
2.93367
2.97978
2.91216
2.83813
2.73904
2.78847
2.75041
2.79392
2.73892
2.78318
2.74337
2.73818
2.75788
2.71463
3.00918
2.5426
2.7968
2.68447
2.80963
2.63407
2.78713
2.6749
2.76463
2.65691
2.75246
2.66199
2.70474
2.69688
2.68308
2.67959
2.66951
2.70993
2.62482
2.69134
2.62362
2.67531
2.63845
2.68036
2.59639
2.66232
2.83856
2.59128
2.49894
2.70457
2.56291
2.71489
2.48161
2.72136
2.46742
2.75128
2.39821
2.79186
2.31893
2.82919
2.16806
2.94216
1.9405
3.12261
2.04935
3.01747
2.06147
3.02173
2.09648
2.98215
2.06868
2.96347
2.10869
2.9417
2.07123
3.27846
1.98816
2.82546
2.02874
3.07746
2.06875
2.92748
2.0141
2.96219
2.08257
2.91281
2.02328
2.95326
2.04704
2.911
2.03084
2.91299
2.01931
2.92545
2.02077
2.90653
2.03045
2.88592
1.99344
2.89368
1.98741
2.87882
1.99825
2.88528
1.9892
2.86481
1.96192
3.11898
1.91841
2.74941
1.88234
3.00122
1.9872
2.79748
1.91361
2.87686
1.94057
2.8555
1.92399
2.8456
1.9006
2.85849
1.86726
2.86115
1.87809
2.85163
1.87448
2.85917
1.87686
2.83412
1.89939
2.82639
1.89698
2.77464
1.90007
2.79542
1.92173
2.74783
1.89298
2.76211
1.91858
2.70457
1.8915
2.72729
1.91834
2.70446
1.89209
2.70509
1.91826
2.67314
1.89148
2.67729
1.92181
2.67701
1.89096
2.64599
1.89039
2.67799
1.89397
2.65112
1.86369
2.64858
1.89141
2.65278
1.86585
2.62514
1.86379
2.64654
1.86444
2.62398
1.81206
2.65046
1.86427
2.61945
1.53931
2.78622
1.97223
2.56836
1.53268
2.81424
1.64864
2.67303
1.677
2.78105
1.53341
2.72422
1.64493
2.73468
1.53514
2.78629
1.5314
2.76153
1.53579
2.77554
1.54697
2.75917
1.54226
2.75761
1.54076
2.73075
1.53695
2.73618
1.54624
2.73485
1.54515
2.71174
1.54887
2.73647
1.53603
2.69177
1.53846
2.70945
1.54015
2.67528
1.54026
2.68322
1.54155
2.67548
1.54013
2.68181
1.54129
2.6724
1.5315
2.64152
1.54543
2.66406
1.53883
2.62339
1.53593
2.64831
1.53475
2.60242
1.5532
2.62382
1.54503
2.63311
1.53565
2.59879
1.53383
2.60749
1.54006
2.59228
1.53644
2.57295
1.54002
2.56395
1.53951
2.56923
1.55018
2.57325
1.54531
2.54163
1.54893
2.53839
1.53941
2.54085
1.53339
2.57
1.54461
2.5025
1.53652
2.53766
1.53515
2.48593
1.53637
2.51826
1.53629
2.52509
1.55346
2.48865
1.53809
2.49225
1.54459
2.4909
1.54367
2.45177
1.53123
2.47741
1.53754
2.46447
1.5317
2.44541
1.53677
2.45323
1.53112
2.4286
1.53469
2.45583
1.54509
2.39855
1.53471
2.45445
1.53737
2.4038
1.53682
2.40257
1.54184
2.42442
1.54482
2.38433
1.54371
2.44828
1.53725
2.37734
1.52284
2.38069
1.53891
2.39154
1.54109
2.34991
1.54335
2.38447
1.53606
2.37059
1.53938
2.36085
1.53346
2.35383
1.53476
2.34786
1.5446
2.35686
1.53619
2.32184
1.53423
2.33939
1.53796
2.3189
1.52894
2.32438
1.53379
2.31652
1.53204
2.28875
1.54108
2.32078
1.53559
1.51104
2.56599
1.63556
1.50776
2.79734
1.52604
1.50338
2.41014
1.74399
1.4978
2.59177
1.53661
1.50143
2.52815
1.52247
1.49674
2.68033
1.52632
1.50747
2.5296
1.53486
1.49942
2.61964
1.53788
1.49792
2.53452
1.52436
1.49512
2.58575
1.53206
1.50003
2.53376
1.52965
1.49845
2.5533
1.52684
1.49696
2.50775
1.53173
1.5034
2.53334
1.5229
1.51128
2.50066
1.5273
1.50668
2.50822
1.52406
1.49844
2.47889
1.52928
1.50541
2.49735
1.5293
1.50076
2.44737
1.53012
1.51107
2.47068
1.52114
1.50386
2.46297
1.53625
1.50223
2.45407
1.52376
1.51095
2.42014
1.52168
1.50772
2.43846
1.52334
1.50628
2.39426
1.52879
1.49894
2.4515
1.52659
1.49853
2.37627
1.54542
1.50911
2.4238
1.53472
1.50017
2.3678
1.52599
1.50813
2.39139
1.52028
1.49372
2.3467
1.52753
1.51286
2.39406
1.51906
1.50213
2.33555
1.52662
1.49684
2.37168
1.52797
1.50006
2.31246
1.5291
1.49451
2.33184
1.53247
1.52548
2.31237
1.52091
1.49137
2.3322
1.53715
1.51016
2.2916
1.53647
1.50057
2.30797
1.52823
1.5057
2.2782
1.52514
1.50851
2.28422
1.52182
1.50131
2.28045
1.52853
1.50031
2.25341
1.52259
1.50931
2.28359
1.52728
1.49573
2.23679
1.5336
1.50944
2.25686
1.51638
1.51241
2.22482
1.53795
1.50749
2.24995
1.53025
1.50122
2.2119
1.52804
1.49719
2.2286
1.52818
1.49601
2.21455
1.52248
1.50139
2.22659
1.52736
1.49775
2.16718
1.53004
1.48907
2.20561
1.52959
1.4952
2.17044
1.53801
1.50432
2.19964
1.5207
1.50325
2.15514
1.52187
1.50495
2.2038
1.52757
1.49469
2.12142
1.52665
1.49327
2.2077
1.53103
1.48969
2.10159
1.52209
1.4926
2.19844
1.54221
1.50329
2.06262
1.53533
1.49369
2.19415
1.52316
1.50642
2.03072
1.55338
1.50891
2.16903
1.52743
1.48921
2.02749
1.51796
1.50163
2.16834
1.52623
1.50201
2.03262
1.52605
1.49308
2.14079
1.51596
1.49733
2.02404
1.51994
1.49768
2.1053
1.51673
1.49522
2.03861
1.51952
1.49481
2.11774
1.51664
1.49833
2.01214
1.51241
1.49038
2.1104
1.51339
1.49098
1.98157
1.51065
1.49205
2.11256
1.51626
1.49767
1.98359
1.51993
1.50078
2.09344
1.50943
1.48985
1.97125
1.52371
1.48816
2.05621
1.50716
1.48759
1.97402
1.51433
1.4906
2.05954
1.51789
1.48461
1.95866
1.51612
1.49494
2.04894
1.5075
1.49078
1.94576
1.51906
1.4826
2.02964
1.52105
1.49409
1.95429
1.51325
1.49303
2.00261
1.51921
1.4876
1.9405
1.51669
1.48619
1.99679
1.51959
1.48305
1.91817
1.51951
1.48599
1.99641
1.51563
1.4854
1.91289
1.50982
1.48603
1.97694
1.50562
1.48801
1.91134
1.51497
1.48258
1.96019
1.50166
1.4865
1.87443
1.50668
1.4821
1.95682
1.51105
1.48289
1.87671
1.50578
1.47605
1.9355
1.50469
1.49091
1.88307
1.50934
1.48833
1.93696
1.51043
1.4763
1.86141
1.52042
1.48303
1.94787
1.50316
1.48394
1.84891
1.51285
1.47855
1.93738
1.5087
1.47678
1.83224
1.50182
1.47692
1.94256
1.51193
1.47922
1.80431
1.5281
1.47916
1.90194
1.49736
1.47735
1.80064
1.52857
1.47643
1.90133
1.50015
1.4838
1.7796
1.55964
1.47162
1.8839
1.49844
1.47401
1.76426
1.55871
1.48199
1.84908
1.50287
1.47209
1.79999
1.50234
1.47898
1.87825
1.51531
1.47327
1.79307
1.5064
1.477
1.857
1.50674
1.47439
1.80741
1.50738
1.485
1.84734
1.50652
1.49256
1.79968
1.50342
1.4834
1.81729
1.50914
1.48356
1.79164
1.50761
1.46919
1.81877
1.49699
1.48122
1.76234
1.51274
1.47613
1.81095
1.50299
1.4784
1.76684
1.50064
1.48121
1.82304
1.49008
1.47697
1.76273
1.49805
1.47142
1.79789
1.49147
1.46103
1.76887
1.49907
1.46929
1.79153
1.49788
1.46758
1.74077
1.4989
1.47108
1.78902
1.49452
1.47557
1.7605
1.4934
1.46603
1.79281
1.49222
1.4775
1.74356
1.49658
1.47396
1.7651
1.50804
1.46873
1.75229
1.49778
1.469
1.76989
1.52147
1.4727
1.74258
1.49124
1.47505
1.73435
1.49558
1.47603
1.72626
1.49878
1.4629
1.73231
1.49733
1.47233
1.73336
1.48986
1.46827
1.70712
1.50164
1.47043
1.76344
1.48844
1.46603
1.6843
1.49286
1.47128
1.76066
1.50038
1.46726
1.66629
1.52153
1.4724
1.73648
1.4897
1.46422
1.6854
1.49053
1.46493
1.73168
1.49879
1.4702
1.68678
1.50194
1.47451
1.7121
1.50115
1.47889
1.69827
1.49568
1.48283
1.67454
1.49408
1.46695
1.70904
1.49036
1.46266
1.68867
1.49846
1.4749
1.70905
1.48883
1.47262
1.65055
1.4952
1.48315
1.70414
1.49838
1.45978
1.65926
1.49115
1.47549
1.71118
1.49589
1.46017
1.65337
1.48965
1.45848
1.67618
1.49123
1.46787
1.64695
1.48662
1.4645
1.67712
1.49664
1.46028
1.64253
1.49438
1.46493
1.68072
1.49715
1.46193
1.64568
1.49698
1.46571
1.65598
1.4958
1.46348
1.66714
1.49738
1.45725
1.64387
1.50036
1.47248
1.64513
1.48939
1.4666
1.6451
1.49082
1.46045
1.61683
1.49935
1.46201
1.67385
1.4908
1.47243
1.59063
1.5056
1.46619
1.67488
1.49713
1.47297
1.60022
1.49039
1.46445
1.65172
1.49503
1.47629
1.62055
1.50146
1.46807
1.61931
1.49029
1.4658
1.6174
1.48908
1.45954
1.62428
1.4898
1.46887
1.61891
1.49093
1.47062
1.62293
1.49311
1.46232
1.61889
1.49443
1.4711
1.58655
1.49319
1.46379
1.62695
1.48893
1.46928
1.59444
1.49759
1.46287
1.62748
1.48847
1.46287
1.60489
1.48569
1.47183
1.61436
1.49135
1.46468
1.59242
1.48707
1.46359
1.59054
1.49177
1.45824
1.59515
1.48483
1.46135
1.58759
1.48418
1.44997
1.58367
1.48166
1.46299
1.59504
1.50352
1.46785
1.60277
1.49625
1.46173
1.57461
1.49327
1.46753
1.61206
1.49813
1.45814
1.52592
1.51361
1.51686
1.4913
1.45939
1.59303
1.48869
1.46978
1.55684
1.48956
1.45495
1.59528
1.48352
1.45949
1.5665
1.48967
1.4594
1.56756
1.4975
1.45612
1.5866
1.49181
1.46177
1.533
1.4952
1.46261
1.58762
1.48744
1.45948
1.53757
1.48719
1.45995
1.59567
1.48834
1.46242
1.53799
1.48664
1.4584
1.56189
1.4892
1.45237
1.55537
1.47833
1.45593
1.53413
1.47621
1.44565
1.56252
1.48317
1.45052
1.55036
1.47586
1.45653
1.52723
1.48616
1.45159
1.56149
1.48073
1.45391
1.52709
1.47778
1.45168
1.53739
1.48514
1.45495
1.56251
1.48437
1.45773
1.50191
1.4767
1.51119
1.47757
1.45867
1.55357
1.47978
1.44497
1.50231
1.48856
1.50508
1.48231
1.45787
1.5515
1.48421
1.45112
1.50088
1.481
1.4794
1.53724
1.48433
1.45718
1.53839
1.47507
1.45023
1.5286
1.47968
1.46349
1.49856
1.48411
1.44855
1.52532
1.47454
1.45652
1.50666
1.47677
1.45414
1.56301
1.4812
1.45282
1.47649
1.45137
1.5262
1.48266
1.44938
1.51977
1.48023
1.45752
1.52937
1.47536
1.45737
1.50639
1.4729
1.4586
1.49739
1.47314
1.44523
1.5321
1.48493
1.45371
1.48151
1.47328
1.48122
1.50425
1.4823
1.45076
1.50128
1.48334
1.45925
1.49903
1.47352
1.44495
1.49688
1.48217
1.44886
1.49177
1.46678
1.44285
1.47965
1.47926
1.46883
1.47886
1.47963
1.47851
1.48177
1.48937
1.47217
1.47123
1.45762
1.4573
1.53252
1.47632
1.45084
1.46748
1.48449
1.47327
1.46754
1.47026
1.45041
1.45045
1.5323
1.47434
1.45339
1.46906
1.44011
1.44293
1.52182
1.4648
1.45012
1.47518
1.45054
1.44392
1.5224
1.47283
1.45417
1.47756
1.45137
1.43201
1.49266
1.46599
1.44435
1.43981
1.49707
1.46424
1.43798
1.47424
1.4691
1.43791
1.44503
1.50566
1.47239
1.45395
1.4736
1.46636
1.44137
1.43745
1.49231
1.46939
1.43973
1.45656
1.44703
1.51748
1.46828
1.44346
1.44308
1.45908
1.47724
1.471
1.47295
1.44067
1.44206
1.49913
1.4666
1.44042
1.43949
1.44237
1.49357
1.47432
1.45129
1.44005
1.43885
1.49466
1.47553
1.44229
1.44345
1.44548
1.46804
1.48312
1.44385
1.44739
1.4961
1.46781
1.45332
1.44025
1.43821
1.46664
1.46708
1.44133
1.4516
1.46205
1.47659
1.43657
1.45268
1.46154
1.4705
1.43795
1.44152
1.45907
1.47317
1.43838
1.44614
1.46277
1.46811
1.442
1.44791
1.46269
1.47854
1.44425
1.43826
1.44075
1.43619
1.4895
1.46908
1.44275
1.4383
1.43532
1.43805
1.43916
1.48431
1.45934
1.43601
1.43552
1.44006
1.4416
1.4508
1.48403
1.47385
1.44265
1.44342
1.43369
1.44066
1.4728
1.46891
1.4422
1.44163
1.44703
1.44073
1.46074
1.46069
1.43674
1.44224
1.43963
1.4476
1.45457
1.47008
1.44744
1.44404
1.43823
1.43789
1.46288
1.46312
1.44704
1.44867
1.43631
1.43171
1.43484
1.44108
1.45729
1.46028
1.43675
1.43881
1.44397
1.43981
1.43573
1.43664
1.45976
1.4626
1.45576
1.4487
1.43092
1.44721
1.44173
1.4451
1.456
1.46274
1.43831
1.4375
1.43848
1.44035
1.43151
1.43226
1.42803
1.42737
1.46185
1.46754
1.4273
1.43747
1.42608
1.43253
1.4415
1.43075
1.43605
1.43456
1.43777
1.4282
1.4611
1.45783
1.43014
1.43383
1.43736
1.43225
1.43572
1.43621
1.42895
1.43496
1.42679
1.42497
1.43429
1.43393
1.44039
1.43736
1.45372
1.45435
1.43515
1.43577
1.44297
1.42594
1.43661
1.43004
1.43412
1.43351
1.43589
1.42691
1.43944
1.42982
1.44127
1.43078
1.43213
1.43589
1.43497
1.42889
1.42551
1.43656
1.4282
1.43935
1.44135
1.42192
1.43341
1.43003
1.4404
1.42658
1.4276
1.42382
1.42954
1.42592
1.43588
1.45784
1.45564
1.4405
1.42698
1.42379
1.43101
1.42483
1.4321
1.4275
1.4269
1.42265
1.42821
1.4315
1.42838
1.4249
1.42852
1.42747
1.43589
1.42894
1.42831
1.434
1.43214
1.43102
1.42442
1.43128
1.42692
1.4348
1.42013
1.42473
1.43431
1.42649
1.42817
1.428
1.42514
1.43184
1.42761
1.42868
1.4386
1.44001
1.42575
1.42605
1.42526
1.44028
1.41992
1.43668
1.43109
1.42249
1.42963
1.4284
1.42792
1.42933
1.43738
1.42625
1.4242
1.42909
1.42816
1.43805
1.43664
1.4306
1.42465
1.41353
1.43174
1.428
1.42458
1.42552
1.4175
1.43441
1.41958
1.42043
1.42821
1.42512
1.4247
1.4316
1.42132
1.43695
1.41583
1.43812
1.43931
1.42461
1.41838
1.41921
1.42915
1.42459
1.42876
1.44239
1.43245
1.42199
1.42804
1.4226
1.43243
1.42404
1.4275
1.43033
1.42266
1.42202
1.43553
1.42905
1.4206
1.42186
1.42114
1.41568
1.42162
1.41805
1.42456
1.42171
1.41778
1.42595
1.42673
1.41946
1.4155
1.42311
1.42624
1.42563
1.42058
1.42527
1.42054
1.42305
1.42818
1.42679
1.41956
1.4245
1.42558
1.42646
1.42705
1.42754
1.42559
1.42788
1.42867
1.41889
1.41686
1.41629
1.42938
1.42268
1.42237
1.418
1.42182
1.41892
1.41996
1.41936
1.42203
1.41346
1.41651
1.42646
1.41887
1.42981
1.42379
1.41439
1.41426
1.41838
1.41199
1.42295
1.41661
1.41935
1.41925
1.41091
1.42946
1.42258
1.41147
1.4201
1.41652
1.42312
1.41627
1.41419
1.41869
1.41834
1.41746
1.41547
1.41452
1.41288
1.42203
1.41377
1.4326
1.42728
1.40905
1.41725
1.41621
1.41959
1.41574
1.43221
1.42492
1.42369
1.4206
1.4224
1.41066
1.41988
1.42832
1.41304
1.42083
1.41844
1.41977
1.41492
1.4161
1.42055
1.41497
1.42947
1.41705
1.42048
1.42072
1.42193
1.41909
1.42492
1.41497
1.41333
1.41492
1.42073
1.41116
1.42763
1.4169
1.42082
1.41011
1.41979
1.4282
1.41933
1.43132
1.41977
1.41606
1.40697
1.41488
1.41552
1.40461
1.41994
1.41376
1.41929
1.41059
1.41648
1.41317
1.42038
1.41544
1.41654
1.41771
1.40721
1.40957
1.41454
1.41574
1.41237
1.43236
1.42223
1.40639
1.40702
1.42059
1.40521
1.41818
1.4017
1.42568
1.40833
1.41311
1.41165
1.40535
1.40586
1.41621
1.41369
1.40311
1.42166
1.40662
1.41947
1.41319
1.41179
1.42263
1.42178
1.40236
1.40952
1.42023
1.41317
1.42221
1.40982
1.41249
1.41752
1.42037
1.40962
1.41568
1.41262
1.41014
1.41405
1.41239
1.4184
1.41759
1.41315
1.40908
1.41399
1.41951
1.41144
1.40818
1.41338
1.41351
1.42094
1.40898
1.41961
1.41183
1.39942
1.40837
1.41372
1.39894
1.4041
1.41304
1.41024
1.4047
1.40704
1.41338
1.40824
1.41184
1.40634
1.41035
1.41318
1.41031
1.40588
1.41526
1.40859
1.42769
1.41607
1.40535
1.40182
1.40649
1.4104
1.40694
1.40096
1.40147
1.41638
1.40215
1.40385
1.39797
1.40704
1.40279
1.39786
1.40696
1.41499
1.40681
1.40948
1.40887
1.41451
1.41709
1.40557
1.40284
1.41153
1.41279
1.40215
1.41492
1.40495
1.40303
1.40938
1.413
1.39939
1.4087
1.4036
1.40523
1.40177
1.40307
1.40922
1.39765
1.40524
1.40562
1.41021
1.40639
1.40897
1.41237
1.41143
1.40742
1.41369
1.40295
1.39856
1.40057
1.40178
1.4071
1.4065
1.41211
1.40667
1.41138
1.40604
1.40722
1.40159
1.41219
1.40446
1.40985
1.40075
1.40685
1.41034
1.40658
1.40292
1.40801
1.40822
1.40993
1.40336
1.41417
1.4079
1.41472
1.40409
1.4166
1.40673
1.40678
1.41224
1.40569
1.41683
1.40391
1.41882
1.40744
1.40315
1.40182
1.42076
1.42233
1.40447
1.41521
1.40899
1.40725
1.41134
1.39808
1.40368
1.39874
1.4016
1.4005
1.40226
1.39223
1.40696
1.40745
1.41435
1.41508
1.4171
1.39896
1.39749
1.4002
1.40305
1.39562
1.39298
1.40245
1.40588
1.40131
1.39299
1.41221
1.42098
1.40859
1.40672
1.39914
1.39895
1.41345
1.40528
1.40283
1.40808
1.41451
1.39619
1.41412
1.41467
1.40128
1.41803
1.4056
1.39947
1.4095
1.41176
1.39404
1.40779
1.41283
1.39632
1.40364
1.40083
1.4022
1.40544
1.40283
1.40142
1.40604
1.40308
1.41389
1.40766
1.39868
1.39863
1.39917
1.40145
1.39568
1.40284
1.40497
1.41475
1.40135
1.40294
1.40207
1.39942
1.4013
1.40822
1.4014
1.40535
1.40135
1.416
1.41198
1.40381
1.40158
1.40485
1.39728
1.39149
1.39425
1.40191
1.40046
1.39803
1.3984
1.39841
1.40573
1.3942
1.40584
1.39829
1.4034
1.40122
1.40223
1.4021
1.39589
1.40117
1.39655
1.39617
1.39334
1.39689
1.4075
1.40297
1.40024
1.40174
1.38554
1.39644
1.39574
1.39161
1.40347
1.39018
1.38587
1.40197
1.39519
1.40364
1.40979
1.38791
1.39375
1.39278
1.38412
1.39923
1.40239
1.40002
1.39102
1.40417
1.38605
1.39701
1.39868
1.39395
1.39917
1.40183
1.39186
1.39808
1.40393
1.39516
1.39402
1.39519
1.40129
1.39619
1.3942
1.39208
1.40505
1.41019
1.39582
1.39892
1.39095
1.40073
1.38876
1.39696
1.39222
1.39455
1.39504
1.39815
1.39148
1.384
1.39598
1.39473
1.38803
1.39457
1.39725
1.38808
1.39617
1.39811
1.39771
1.3917
1.40341
1.38553
1.39493
1.39962
1.39606
1.39572
1.40946
1.3972
1.39858
1.40589
1.39439
1.38865
1.39652
1.38637
1.40446
1.39573
1.38816
1.38721
1.40097
1.382
1.38224
1.39013
1.39007
1.38155
1.38946
1.38855
1.39902
1.39272
1.41519
1.39881
1.39183
1.39343
1.3915
1.39189
1.39205
1.39973
1.3894
1.3901
1.3917
1.4077
1.39395
1.39002
1.39376
1.38799
1.39431
1.38864
1.40536
1.39818
1.38957
1.38039
1.3902
1.39754
1.38517
1.38872
1.38404
1.38826
1.39837
1.39049
1.39671
1.38606
1.38636
1.39056
1.39182
1.38862
1.3931
1.39051
1.39828
1.39179
1.39959
1.3912
1.38705
1.38921
1.39429
1.41413
1.40014
1.38401
1.38154
1.39766
1.38666
1.38542
1.39643
1.39294
1.39094
1.38641
1.37849
1.39227
1.39417
1.39522
1.38593
1.38884
1.39186
1.3842
1.38658
1.40522
1.39621
1.39154
1.3959
1.39878
1.38399
1.38906
1.39246
1.40502
1.39043
1.38646
1.39591
1.40146
1.40996
1.39208
1.38534
1.38089
1.39382
1.37852
1.39563
1.39043
1.3858
1.38471
1.38158
1.38655
1.40127
1.39997
1.38394
1.38541
1.38612
1.38385
1.39244
1.38755
1.38494
1.38866
1.38803
1.38806
1.3806
1.38511
1.38451
1.37978
1.38242
1.38463
1.38333
1.39725
1.38742
1.39185
1.38578
1.38417
1.38563
1.40308
1.38808
1.3855
1.37832
1.38607
1.38481
1.39073
1.382
1.38258
1.39368
1.39856
1.38825
1.39752
1.38824
1.38987
1.39033
1.38847
1.38013
1.37777
1.3872
1.38077
1.38991
1.38734
1.3923
1.38416
1.38502
1.38535
1.38906
1.39545
1.38332
1.38689
1.38856
1.38774
1.39069
1.38382
1.38739
1.38648
1.38881
1.39877
1.38399
1.38426
1.38795
1.38352
1.38527
1.38407
1.37454
1.3905
1.37875
1.38296
1.36844
1.38524
1.37593
1.36836
1.37674
1.3701
1.36832
1.38729
1.37867
1.38414
1.37225
1.36944
1.36924
1.37804
1.36725
1.38494
1.37063
1.36654
1.36816
1.38031
1.37945
1.37684
1.37269
1.3695
1.37783
1.37318
1.37173
1.37257
1.37129
1.37268
1.37214
1.37683
1.37183
1.37267
1.36976
1.37066
1.38512
1.37527
1.37727
1.38363
1.38818
1.37047
1.38355
1.38065
1.39083
1.38529
1.37015
1.38265
1.38055
1.37823
1.38253
1.38666
1.38823
1.38598
1.39034
1.37735
1.38366
1.3885
1.37649
1.38253
1.38993
1.37799
1.37919
1.38932
1.38297
1.38224
1.38385
1.38614
1.38189
1.38682
1.37949
1.38758
1.38025
1.38085
1.3727
1.38019
1.38331
1.3848
1.38549
1.3759
1.38298
1.38915
1.38629
1.38624
1.3786
1.38334
1.38547
1.37607
1.38032
1.39203
1.38255
1.38157
1.37921
1.38485
1.38684
1.36898
1.37526
1.37162
1.37779
1.38056
1.36922
1.38168
1.38931
1.38741
1.38685
1.37387
1.3736
1.37681
1.37625
1.3773
1.3684
1.39735
1.38016
1.37184
1.36918
1.37827
1.37227
1.37798
1.38043
1.37351
1.3711
1.37702
1.37785
1.37984
1.37386
1.38108
1.38744
1.37302
1.38592
1.38017
1.37369
1.3656
1.38272
1.36632
1.37705
1.37325
1.37016
1.37168
1.37859
1.37281
1.37781
1.38205
1.37537
1.38139
1.37711
1.37279
1.37106
1.37385
1.3751
1.37528
1.37499
1.36486
1.37289
1.37571
1.37038
1.3743
1.37575
1.3662
1.39191
1.37742
1.36994
1.3747
1.3753
1.37118
1.38202
1.3737
1.36941
1.367
1.37717
1.37179
1.37096
1.36614
1.37136
1.37754
1.3753
1.37627
1.36819
1.38128
1.37684
1.36301
1.37896
1.38041
1.38325
1.36523
1.3798
1.37585
1.39186
1.37645
1.37022
1.36996
1.36955
1.38313
1.37856
1.36313
1.37339
1.375
1.36621
1.37902
1.36134
1.37705
1.37239
1.3823
1.37181
1.36709
1.38149
1.36771
1.38778
1.38015
1.37201
1.37586
1.37054
1.38941
1.37607
1.36505
1.37329
1.37481
1.37389
1.36212
1.36497
1.37883
1.37619
1.39188
1.37586
1.37605
1.36521
1.37473
1.36084
1.36537
1.36836
1.3646
1.36271
1.37502
1.37142
1.36842
1.37266
1.37601
1.37207
1.37078
1.36308
1.37386
1.37152
1.36464
1.38248
1.38701
1.37838
1.38241
1.38655
1.38156
1.38386
1.38492
1.36897
1.36295
1.36876
1.3667
1.37125
1.37479
1.36762
1.36671
1.36822
1.37145
1.37309
1.37629
1.36926
1.37746
1.36478
1.36315
1.36634
1.36861
1.36203
1.36536
1.36818
1.37236
1.36508
1.36446
1.35871
1.36221
1.37378
1.36667
1.36235
1.35671
1.3579
1.35694
1.3657
1.36268
1.36872
1.36568
1.37702
1.37238
1.36374
1.36217
1.36751
1.36736
1.36776
1.35931
1.36142
1.35899
1.36261
1.37165
1.36561
1.35812
1.36461
1.37155
1.36133
1.36113
1.35695
1.36498
1.35885
1.35813
1.35653
1.36797
1.35839
1.3648
1.36196
1.36736
1.3681
1.36281
1.36026
1.35418
1.37535
1.36485
1.35954
1.35468
1.36391
1.35816
1.36835
1.36638
1.38233
1.37207
1.35959
1.3662
1.37527
1.36798
1.36637
1.36384
1.35708
1.35662
1.37031
1.36563
1.36008
1.36255
1.35653
1.36169
1.36648
1.36655
1.36463
1.36288
1.36906
1.35912
1.37056
1.36461
1.35713
1.36349
1.36048
1.35796
1.35736
1.35699
1.36891
1.36159
1.35686
1.36457
1.35999
1.36233
1.35802
1.36878
1.36582
1.37228
1.35493
1.35857
1.36021
1.36708
1.36227
1.36179
1.36582
1.36883
1.36592
1.36402
1.36393
1.35631
1.36
1.3584
1.36735
1.35401
1.35517
1.35594
1.35833
1.36703
1.35208
1.35301
1.3642
1.35492
1.35166
1.35562
1.36498
1.36118
1.36529
1.36685
1.37435
1.36754
1.36231
1.35646
1.36076
1.37158
1.35961
1.361
1.35356
1.37507
1.37902
1.37026
1.3628
1.36024
1.35461
1.35465
1.37207
1.36583
1.35798
1.3483
1.36252
1.37043
1.36631
1.35188
1.36112
1.35801
1.36735
1.35788
1.35724
1.36119
1.36242
1.35898
1.3576
1.36368
1.35553
1.36015
1.36003
1.36265
1.3624
1.37169
1.36452
1.35573
1.36915
1.35411
1.36096
1.36238
1.36048
1.35523
1.35302
1.35871
1.35769
1.35674
1.3624
1.34904
1.35461
1.37973
1.36062
1.36132
1.35727
1.35572
1.36776
1.36462
1.36942
1.36332
1.36174
1.35567
1.356
1.36125
1.36244
1.35204
1.37526
1.37743
1.34961
1.35681
1.35703
1.3517
1.36063
1.35892
1.36067
1.35644
1.35963
1.36134
1.35504
1.36028
1.36757
1.37081
1.35889
1.3435
1.35329
1.35723
1.34936
1.35339
1.35106
1.35119
1.36339
1.34399
1.34658
1.35916
1.34922
1.35524
1.34659
1.35134
1.35752
1.3502
1.36407
1.3484
1.35915
1.35582
1.35561
1.35211
1.35667
1.35281
1.35668
1.35248
1.35705
1.35388
1.35889
1.35233
1.35667
1.35452
1.34311
1.3522
1.3604
1.35107
1.35574
1.35269
1.35353
1.35572
1.36123
1.35902
1.34341
1.35486
1.35181
1.35488
1.3392
1.34117
1.36093
1.35013
1.35365
1.33837
1.35052
1.33874
1.34725
1.34976
1.33997
1.34675
1.34243
1.3516
1.35137
1.34548
1.34652
1.33844
1.34724
1.35001
1.34247
1.34253
1.34579
1.35006
1.34466
1.34479
1.35116
1.34899
1.34666
1.34958
1.35802
1.34928
1.34488
1.35234
1.3531
1.34688
1.34649
1.34983
1.34919
1.34954
1.35316
1.33742
1.34651
1.35099
1.34776
1.35655
1.34951
1.35162
1.34975
1.34866
1.34772
1.34452
1.35444
1.34747
1.3465
1.35587
1.34414
1.34864
1.34722
1.35814
1.35459
1.3512
1.3471
1.34649
1.34638
1.35108
1.35255
1.36096
1.34574
1.35707
1.34767
1.35038
1.34603
1.35503
1.3476
1.3466
1.34753
1.35239
1.34986
1.34991
1.34729
1.34985
1.35093
1.34422
1.34654
1.34845
1.33677
1.34191
1.34546
1.34485
1.35471
1.34773
1.34181
1.34148
1.34538
1.33507
1.33794
1.33714
1.34257
1.33233
1.34203
1.34252
1.34555
1.34752
1.34042
1.34034
1.35108
1.33384
1.35155
1.343
1.34665
1.3445
1.34685
1.3387
1.35032
1.34583
1.34112
1.34577
1.34103
1.34854
1.36874
1.36219
1.34779
1.33418
1.34217
1.34813
1.33788
1.34751
1.34159
1.34338
1.34589
1.33375
1.33994
1.34388
1.33801
1.33324
1.33753
1.33793
1.33526
1.33313
1.33334
1.33427
1.33288
1.34237
1.34066
1.3421
1.33764
1.35039
1.34096
1.34809
1.34301
1.35855
1.34097
1.34762
1.34823
1.33452
1.35181
1.34318
1.34052
1.33759
1.34136
1.33962
1.34061
1.33675
1.34403
1.34424
1.34651
1.34361
1.33283
1.34115
1.34121
1.33397
1.33542
1.33023
1.34408
1.34618
1.33078
1.34018
1.34116
1.33576
1.33152
1.33728
1.33769
1.33829
1.33915
1.34667
1.33387
1.3392
1.33434
1.33385
1.34628
1.34014
1.33688
1.3359
1.3348
1.33601
1.34001
1.35873
1.34493
1.34044
1.32866
1.339
1.3398
1.33116
1.33616
1.34731
1.34852
1.34259
1.34045
1.33831
1.34817
1.33642
1.33894
1.33552
1.35052
1.33752
1.33724
1.33053
1.34401
1.33355
1.32776
1.33701
1.33695
1.33474
1.34507
1.33844
1.33665
1.3413
1.33465
1.33922
1.34428
1.34432
1.34309
1.33969
1.32919
1.33978
1.33911
1.33511
1.34315
1.33531
1.33455
1.3291
1.33313
1.33012
1.33045
1.33165
1.33151
1.33294
1.33062
1.32994
1.33102
1.33247
1.33049
1.32853
1.3305
1.3313
1.32927
1.33057
1.33084
1.32881
1.3297
1.33035
1.33052
1.33047
1.33041
1.33074
1.33313
1.33067
1.32942
1.32954
1.32491
1.32444
1.32718
1.32577
1.3232
1.32495
1.32536
1.3253
1.32448
1.32466
1.32534
1.32821
1.32692
1.32625
1.3242
1.32381
1.32429
1.32571
1.32539
1.32357
1.32545
1.32684
1.3256
1.32485
1.32472
1.32666
1.32809
1.32546
1.32356
1.3249
1.32455
1.32395
1.32597
1.32608
1.32379
1.32559
1.32567
1.32519
1.32453
1.32479
1.32619
1.32703
1.32535
1.32404
1.32499
1.32468
1.32407
1.32602
1.3278
1.32603
1.32499
1.32509
1.32508
1.32418
1.32424
1.32524
1.32751
1.32814
1.32431
1.32475
1.325
1.32746
1.32565
1.32595
1.32377
1.32503
1.32509
1.32461
1.3249
1.32561
1.32676
1.32784
1.32641
1.3236
1.32486
1.32539
1.31868
1.32456
1.32531
1.32366
1.32592
1.31984
1.31929
1.32509
1.31986
1.32326
1.32204
1.31961
1.31835
1.31935
1.31915
1.31855
1.32014
1.3241
1.32047
1.32023
1.3194
1.31945
1.31929
1.31878
1.32042
1.32237
1.32004
1.31919
1.3195
1.3191
1.31926
1.32072
1.32029
1.31831
1.32026
1.32005
1.31995
1.31938
1.31945
1.32054
1.32271
1.32033
1.31861
1.31931
1.32025
1.32231
1.32028
1.31962
1.31847
1.3203
1.32011
1.3203
1.3198
1.31955
1.32231
1.32246
1.32029
1.31897
1.3191
1.31891
1.3191
1.32064
1.32165
1.31868
1.32051
1.31931
1.31953
1.319
1.31876
1.31985
1.32171
1.32028
1.31954
1.31904
1.31882
1.31978
1.32042
1.31963
1.31841
1.3199
1.31516
1.31726
1.31477
1.3142
1.31504
1.31773
1.31557
1.31316
1.3138
1.31366
1.31549
1.31632
1.31444
1.31297
1.31486
1.31499
1.31426
1.31367
1.31355
1.31528
1.31693
1.31572
1.31424
1.31381
1.3139
1.31357
1.31501
1.31504
1.31414
1.31561
1.31454
1.31411
1.31495
1.31408
1.31524
1.31727
1.3149
1.31449
1.31792
1.31382
1.31397
1.31491
1.3148
1.31271
1.31481
1.31392
1.31472
1.31535
1.31475
1.31553
1.31696
1.31508
1.31364
1.31416
1.31434
1.31344
1.31488
1.31482
1.31265
1.30902
1.31418
1.31455
1.30836
1.31415
1.31009
1.31699
1.30963
1.30823
1.30873
1.30841
1.30813
1.30983
1.30901
1.30769
1.31138
1.30981
1.31163
1.30809
1.30858
1.3101
1.3111
1.30884
1.30817
1.30884
1.31006
1.30828
1.3105
1.30952
1.30775
1.3088
1.30879
1.30913
1.30851
1.30905
1.30962
1.31092
1.30982
1.30807
1.30889
1.30911
1.30828
1.30989
1.31062
1.3097
1.30955
1.30901
1.30886
1.30822
1.30815
1.30967
1.31141
1.31083
1.3106
1.30949
1.3094
1.30842
1.30967
1.30964
1.30771
1.30924
1.30964
1.31129
1.30832
1.30791
1.30991
1.31127
1.30989
1.3078
1.30825
1.30881
1.30847
1.30943
1.30938
1.30791
1.30907
1.30897
1.30949
1.30851
1.30839
1.30993
1.31163
1.30937
1.3078
1.31076
1.30817
1.30891
1.30988
1.30988
1.31154
1.30889
1.30947
1.30878
1.30899
1.30851
1.30978
1.31133
1.30985
1.31076
1.30901
1.30788
1.3082
1.31016
1.30905
1.30777
1.30895
1.30998
1.30933
1.30289
1.30366
1.30492
1.30619
1.30526
1.30318
1.30377
1.30377
1.3031
1.30476
1.30432
1.30499
1.30356
1.30381
1.30371
1.3038
1.3035
1.30497
1.30976
1.30398
1.30284
1.30448
1.30302
1.30295
1.30481
1.30401
1.30319
1.30513
1.30491
1.30345
1.30354
1.30307
1.30476
1.30597
1.30438
1.30288
1.30382
1.30347
1.30309
1.30517
1.3043
1.30251
1.30359
1.30592
1.30387
1.30489
1.30298
1.30469
1.30593
1.30378
1.30266
1.30336
1.30343
1.3032
1.30497
1.30516
1.3052
1.30353
1.30358
1.30318
1.30346
1.30289
1.30361
1.30654
1.30587
1.29775
1.30351
1.29752
1.30357
1.29853
1.29822
1.29657
1.29855
1.2989
1.29861
1.29791
1.29824
1.29958
1.30097
1.29829
1.29778
1.29826
1.29814
1.29803
1.29917
1.29879
1.29704
1.29842
1.29849
1.29895
1.2981
1.30025
1.30271
1.30071
1.29887
1.29733
1.29788
1.29805
1.29804
1.2991
1.29882
1.29891
1.29833
1.29884
1.29921
1.29728
1.29788
1.29979
1.30076
1.29877
1.29726
1.29828
1.29772
1.29731
1.30079
1.29904
1.29672
1.29758
1.29834
1.29859
1.29813
1.29779
1.29894
1.3015
1.29868
1.29737
1.29768
1.29774
1.29733
1.30221
1.2987
1.2972
1.29844
1.29845
1.29854
1.29785
1.29747
1.30069
1.30112
1.29485
1.29221
1.29295
1.29283
1.29238
1.29365
1.29334
1.29215
1.29284
1.29296
1.29281
1.29309
1.29217
1.29383
1.29603
1.29343
1.29207
1.29306
1.293
1.29241
1.29352
1.29425
1.29181
1.29317
1.29346
1.29321
1.29325
1.29382
1.2957
1.29494
1.29331
1.29191
1.29314
1.29258
1.29207
1.29366
1.29459
1.29177
1.2928
1.2927
1.29316
1.29246
1.29232
1.29377
1.29612
1.29393
1.29175
1.29267
1.29225
1.2923
1.29348
1.29297
1.2909
1.29267
1.29292
1.29417
1.29335
1.29533
1.29409
1.29563
1.2937
1.29225
1.293
1.29346
1.29632
1.29345
1.28816
1.28679
1.28811
1.28825
1.28805
1.28688
1.28697
1.28868
1.29055
1.28889
1.28718
1.28798
1.28749
1.28778
1.28874
1.28731
1.28611
1.2882
1.28804
1.28759
1.28776
1.28687
1.28871
1.28995
1.28856
1.28892
1.28789
1.28722
1.28749
1.28765
1.28775
1.28715
1.28725
1.28785
1.28816
1.28757
1.28781
1.29073
1.28981
1.28857
1.28694
1.28765
1.2874
1.28679
1.28784
1.28952
1.28576
1.28836
1.2894
1.28846
1.28737
1.28656
1.28834
1.29041
1.28822
1.28738
1.28707
1.28784
1.28706
1.28811
1.28774
1.28598
1.28748
1.28743
