0.753011
0.743217
0.726791
0.72646
0.720263
0.725373
0.726365
0.76706
0.765521
0.738316
0.724554
0.712628
0.706678
0.713619
0.713419
0.70733
0.716111
0.708018
0.719534
0.713843
0.711261
0.720332
0.733677
0.719231
0.725229
0.732238
0.736857
0.749882
0.747173
0.749678
0.745224
0.750794
0.760784
0.745166
0.764183
0.761009
0.74184
0.755674
0.751806
0.763091
0.760368
0.758482
0.784997
0.93255
0.903514
0.918545
0.949009
0.974916
0.952881
0.99067
0.958642
0.951986
0.976691
1.03034
1.13951
1.17619
1.23359
1.27587
1.30871
1.34724
1.39769
1.4577
1.41925
1.29762
1.2675
1.3125
1.30871
1.34815
1.38464
1.38844
1.39914
1.43361
1.5145
1.40704
1.32739
1.31947
1.32753
1.34926
1.32257
1.32932
1.3349
1.33498
1.3271
1.34568
1.33484
1.34357
1.3389
1.35261
1.3448
1.35598
1.36149
1.3538
1.36596
1.37407
1.38493
1.39899
1.39606
1.41085
1.41106
1.41631
1.41412
1.4245
1.42071
1.42071
1.40738
1.42077
1.42606
1.43015
1.41944
1.4229
1.44168
1.43993
1.46327
1.44098
1.45417
1.46886
1.4694
1.42619
1.45198
1.45772
1.44216
1.43553
1.44383
1.44062
1.45557
1.44108
1.4755
1.4515
1.43659
1.43974
1.45076
1.42982
1.45675
1.46909
1.44086
1.46
1.47562
1.45587
1.45784
1.45117
1.455
1.46193
1.46403
1.45571
1.43478
1.46822
1.47743
1.4746
1.46152
1.43348
1.44798
1.4565
1.45704
1.45579
1.48484
1.46434
1.46474
1.4616
1.47282
1.49362
1.48789
1.52361
1.50009
1.51888
1.52646
1.52826
1.52719
1.52767
1.53001
1.50069
1.49931
1.51593
1.52084
1.53381
1.5191
1.52466
1.51106
1.49352
1.50375
1.47648
1.48069
1.48178
1.48356
1.48906
1.4919
1.49356
1.49808
1.48834
1.49272
1.48508
1.49186
1.48061
1.49052
1.48751
1.49204
1.49068
1.44055
1.46413
1.46825
1.46577
1.44617
1.44715
1.43361
1.44985
1.42335
1.4671
1.48204
1.47628
1.48122
1.48236
1.4827
1.49258
1.50807
1.50827
1.50625
1.4986
1.51496
1.5184
1.51439
1.51967
1.5077
1.50197
1.50362
1.50814
1.50826
1.50406
1.54299
1.55027
1.55539
1.53831
1.54977
1.57306
1.59401
1.57703
1.56302
1.56652
1.48492
1.62251
1.61084
1.59901
1.41016
1.43253
1.43049
1.48905
1.48352
1.50024
1.49645
1.48814
1.48564
1.59969
1.59346
1.6021
1.56765
1.54142
1.54177
1.54747
1.55969
1.56139
1.56179
1.57091
1.55568
1.55076
1.57311
1.55028
1.52883
1.58346
1.58839
1.49243
1.49639
1.46654
1.48055
1.46901
1.46707
1.46967
1.5341
1.45443
1.45604
1.47173
1.48106
1.47967
1.48965
1.47408
1.47717
1.48703
1.48691
1.48757
1.47136
1.4715
1.4772
1.52974
1.49959
1.51324
1.5264
1.50459
1.49908
1.50726
1.49754
1.42036
1.42803
1.51027
1.50426
1.42108
1.41894
1.41471
1.4133
1.39095
1.39834
1.3967
1.39562
1.40487
1.40312
1.38736
1.40376
1.40769
1.39187
1.40137
1.40268
1.40381
1.40183
1.39975
1.39894
1.39673
1.49681
1.48732
1.49934
1.53767
1.50202
1.54188
1.52374
1.52761
1.5424
1.49875
1.49893
1.5201
1.5004
1.39742
1.40636
1.39881
1.39726
1.40918
1.39107
1.38947
1.39153
1.41301
1.38989
1.38679
1.39908
1.38822
1.38437
1.39294
1.39016
1.39004
1.38388
1.3857
1.39065
1.39676
1.38159
1.38989
1.39713
1.38072
1.3845
1.38208
1.38952
1.41169
1.42176
1.41334
1.41202
1.41602
1.41409
1.4115
1.40695
1.38472
1.39436
1.392
1.38927
1.39537
1.39389
1.37822
1.38837
1.39383
1.37849
1.39039
1.39105
1.39497
1.40191
1.38066
1.38578
1.38473
1.40253
1.3906
1.39762
1.39288
1.38559
1.3824
1.39964
1.38134
1.398
1.38928
1.38091
1.38691
1.39662
1.40274
1.39925
1.37755
1.38775
1.37568
1.38167
1.39054
1.38912
1.37447
1.38026
1.39264
1.37811
1.38231
1.39198
1.37848
1.37646
1.38687
1.3761
1.37729
1.38591
1.37454
1.37699
1.38478
1.37629
1.3767
1.38766
1.3733
1.38013
1.39061
1.37402
1.37627
1.38564
1.37477
1.37685
1.38574
1.37484
1.37575
1.38763
1.37335
1.37557
1.38511
1.37416
1.37733
1.38624
1.3781
1.38141
1.39004
1.37701
1.37991
1.38708
1.3736
1.37617
1.38575
1.37369
1.37705
1.37961
1.37337
1.37111
1.38433
1.36759
1.37084
1.38257
1.36814
1.37051
1.38277
1.36834
1.37068
1.38086
1.37012
1.37125
1.38044
1.36809
1.37072
1.3827
1.36753
1.37133
1.51113
1.51875
1.50554
1.51031
1.51022
1.50976
1.52061
1.50104
1.53079
1.53937
1.53349
1.55316
1.3886
1.37328
1.37565
1.38398
1.37298
1.38004
1.38957
1.37705
1.37953
1.39095
1.37635
1.37906
1.39193
1.37663
1.37961
1.38901
1.37578
1.37455
1.38946
1.37074
1.37916
1.3855
1.37619
1.37278
1.38412
1.37173
1.3744
1.3841
1.37109
1.37371
1.37891
1.36632
1.37058
1.37886
1.36786
1.37196
1.37714
1.36381
1.36705
1.37623
1.36421
1.36536
1.3754
1.3598
1.36243
1.37131
1.35876
1.36247
1.37139
1.35936
1.36259
1.37057
1.35858
1.36227
1.37613
1.36046
1.36298
1.37212
1.35877
1.35636
1.3717
1.35325
1.36265
1.36549
1.35853
1.35751
1.37068
1.35321
1.35716
1.3666
1.35856
1.35539
1.37115
1.35267
1.36129
1.36618
1.35793
1.36279
1.37035
1.35809
1.36165
1.36886
1.3571
1.35943
1.36918
1.35905
1.35946
1.36814
1.35803
1.36102
1.36422
1.35327
1.35877
1.36331
1.35618
1.35661
1.36295
1.35428
1.35671
1.36469
1.35593
1.35584
1.36376
1.35305
1.35794
1.35983
1.34882
1.36096
1.35366
1.37054
1.34628
1.34765
1.357
1.34176
1.35711
1.35234
1.35327
1.34865
1.35788
1.35317
1.35862
1.34646
1.36056
1.34328
1.35506
1.34929
1.34738
1.34166
1.36283
1.33907
1.33948
1.34122
1.33815
1.33753
1.34242
1.33773
1.33757
1.34171
1.33836
1.33738
1.34196
1.33777
1.33766
1.34421
1.33756
1.33735
1.34183
1.3369
1.33793
1.34241
1.33827
1.33727
1.34353
1.33767
1.33933
1.34223
1.33985
1.33717
1.3421
1.33795
1.33824
1.34227
1.33804
1.33772
1.34203
1.33794
1.33703
1.34091
1.33734
1.3319
1.34278
1.33868
1.33341
1.34193
1.33339
1.3325
1.33874
1.33506
1.34107
1.33424
1.33801
1.33065
1.34962
1.33472
1.35573
1.34504
1.34011
1.33981
1.3453
1.33987
1.33826
1.33671
1.34297
1.34335
1.34134
1.34446
1.34643
1.34794
1.33953
1.33501
1.35145
1.33765
1.34354
1.33953
1.34044
1.33949
1.34248
1.34106
1.33635
1.3386
1.34385
1.34065
1.35656
1.3303
1.33736
1.34472
1.35123
1.33808
1.33839
1.33519
1.34383
1.33296
1.34394
1.35248
1.33781
1.34338
1.34996
1.33379
1.33962
1.33215
1.34929
1.33952
1.3371
1.3357
1.34167
1.33885
1.33343
1.33896
1.34516
1.34919
1.34211
1.34286
1.33831
1.34793
1.33366
1.33872
1.33548
1.33282
1.3645
1.3418
1.33087
1.33554
1.33454
1.335
1.33613
1.33543
1.34324
1.33534
1.34797
1.35197
1.34062
1.33759
1.34695
1.34347
1.34134
1.34101
1.33101
1.33041
1.33237
1.33703
1.3414
1.33139
1.3237
1.33584
1.33184
1.32987
1.33294
1.33333
1.33295
1.34467
1.33641
1.3342
1.33278
1.33704
1.33461
1.336
1.33396
1.34132
1.32927
1.34479
1.34313
1.34127
1.35015
1.33644
1.33631
1.32212
1.33807
1.33782
1.3255
1.34026
1.33498
1.34234
1.34248
1.33488
1.33556
1.3386
1.34547
1.33247
1.34005
1.33409
1.33312
1.34349
1.3425
1.33556
1.33503
1.33289
1.32693
1.33701
1.3323
1.32824
1.33718
1.33326
1.33076
1.33097
1.32882
1.34061
1.33364
1.33299
1.33731
1.33393
1.32579
1.33444
1.32385
1.32543
1.32958
1.34088
1.35286
1.32454
1.33358
1.33617
1.3275
1.32364
1.3214
1.32357
1.33904
1.3258
1.33426
1.32409
1.33431
1.32588
1.33408
1.33752
1.32279
1.33262
1.32392
1.32185
1.32771
1.33089
1.32648
1.32924
1.32848
1.32479
1.32214
1.32577
1.32377
1.33114
1.33063
1.32988
1.33234
1.32121
1.33734
1.32495
1.32603
1.33318
1.33109
1.32295
1.32446
1.33029
1.3282
1.33179
1.3225
1.32764
1.32619
1.32833
1.32964
1.33651
1.31956
1.31989
1.33013
1.33917
1.33478
1.32837
1.33316
1.32313
1.33739
1.32563
1.32077
1.3341
1.31625
1.32088
1.3325
1.32346
1.3278
1.32526
1.32912
1.32608
1.32496
1.34017
1.34211
1.33557
1.32986
1.33373
1.32655
1.32585
1.32511
1.3345
1.32273
1.31836
1.32022
1.33248
1.32713
1.33891
1.32702
1.31654
1.32848
1.32197
1.32399
1.32175
1.33133
1.32716
1.32655
1.32582
1.32812
1.32035
1.31979
1.33137
1.35178
1.32541
1.3203
1.31811
1.31933
1.33569
1.33632
1.33136
1.33483
1.32673
1.32064
1.32678
1.3316
1.31831
1.32405
1.33306
1.32561
1.32113
1.32678
1.32021
1.32719
1.32623
1.31824
1.32209
1.33572
1.32215
1.32493
1.32071
1.32906
1.33134
1.33521
1.32386
1.3151
1.33881
1.31892
1.33707
1.3325
1.31678
1.32826
1.32728
1.32904
1.32713
1.32371
1.32178
1.32689
1.32302
1.33357
1.32197
1.3264
1.32374
1.32632
1.32397
1.31756
1.32865
1.31547
1.32633
1.32909
1.32204
1.32379
1.33741
1.32974
1.32185
1.3203
1.32988
1.32967
1.32119
1.33156
1.32492
1.32594
1.32137
1.32172
1.32432
1.3197
1.33139
1.32942
1.31595
1.33185
1.32092
1.31753
1.31912
1.33985
1.32991
1.32136
1.33442
1.31997
1.31551
1.32231
1.33311
1.31501
1.32536
1.33458
1.31664
1.32631
1.31586
1.31208
1.31679
1.32807
1.31959
1.32537
1.32838
1.31778
1.3254
1.31976
1.31604
1.31538
1.32401
1.31155
1.31843
1.32344
1.30932
1.31674
1.32166
1.32297
1.31866
1.32082
1.32032
1.31575
1.32519
1.32193
1.31173
1.31684
1.31283
1.31232
1.31745
1.3186
1.31009
1.31861
1.31529
1.31479
1.32452
1.32176
1.31939
1.32761
1.32232
1.30813
1.31635
1.31026
1.32294
1.31422
1.31307
1.30641
1.31392
1.31179
1.31248
1.31718
1.31723
1.31717
1.31065
1.32394
1.31389
1.32043
1.30672
1.3065
1.31566
1.3117
1.3182
1.30891
1.31367
1.31836
1.32021
1.31815
1.3115
1.31952
1.31317
1.31855
1.31344
1.30612
1.31578
1.31251
1.3061
1.31776
1.30875
1.3109
1.31883
1.31151
1.30727
1.31469
1.31182
1.3057
1.30854
1.31237
1.31322
1.30491
1.31488
1.30458
1.3138
1.30831
1.29633
1.29887
1.3133
1.29374
1.30555
1.30779
1.29573
1.31014
1.30757
1.29784
1.30499
1.30071
1.3035
1.30401
1.31752
1.30205
1.30854
1.3146
1.30194
1.30971
1.30292
1.31001
1.3187
1.30802
1.31439
1.30239
1.31056
1.29721
1.31072
1.30478
1.30252
1.3079
1.30316
1.30598
1.3012
1.30349
1.30727
1.31021
1.30395
1.30488
1.30016
1.30562
1.29404
1.29656
1.30391
1.30252
1.30068
1.30309
1.29385
1.29884
1.30797
1.30596
1.30362
1.29694
1.30258
1.2978
1.30034
1.2924
1.30374
1.30878
1.29521
1.30158
1.29853
1.30075
1.30173
1.3055
1.29772
1.31245
1.29886
1.2936
1.30547
1.3036
1.30461
1.30557
1.3008
1.30631
1.30668
1.31045
1.29344
1.3055
1.31834
1.30035
1.30267
1.30904
1.29265
1.30844
1.31031
1.29284
1.30654
1.29564
1.29485
1.2959
1.30789
1.28992
1.31028
1.30306
1.28736
1.30094
1.30475
1.29431
1.29866
1.30756
1.29632
1.2891
1.30234
1.29195
1.29714
1.29645
1.29791
1.29082
1.28732
1.29783
1.29851
1.29574
1.29207
1.29723
1.29357
1.29501
1.29774
1.29776
1.2895
1.29373
1.30237
1.31583
1.29303
1.2924
1.29338
1.2917
1.30369
1.29806
1.29558
1.29881
1.29138
1.30757
1.29363
1.3076
1.29639
1.29512
1.29754
1.32005
1.29932
1.29762
1.29038
1.30087
1.28943
1.2932
1.30295
1.28185
1.29653
1.28897
1.2852
1.29554
1.29738
1.2888
1.28926
1.29347
1.28937
1.30037
1.29676
1.29099
1.28735
1.29283
1.29388
1.29206
1.29726
1.28781
1.3
1.29304
1.30289
1.29357
1.29853
1.2919
1.28821
1.29068
1.29393
1.28981
1.29092
1.28492
1.29743
1.29673
1.29658
1.30141
1.30063
1.29317
1.30013
1.30552
1.28051
1.29332
1.30889
1.28405
1.29326
1.29325
1.29152
1.2897
1.28877
1.29678
1.29733
1.30019
1.29108
1.28804
1.29938
1.28672
1.29403
1.30786
1.28642
1.29702
1.28643
1.29561
1.2899
1.30174
1.29256
1.29516
1.28689
1.28907
1.28864
1.28493
1.28553
1.29069
1.29439
1.28439
1.2843
1.29027
1.28764
1.29581
1.28656
1.27967
1.29361
1.29088
1.2909
1.29561
1.28825
1.28184
1.29627
1.29184
1.29283
1.29476
1.28891
1.30177
1.29654
1.28324
1.28045
1.29927
1.29881
1.28163
1.28862
1.29314
1.28192
1.2899
1.28538
1.28024
1.29837
1.28835
1.2833
1.29003
1.29898
1.28107
1.30334
1.29246
1.28605
1.29535
1.29848
1.2905
1.28943
1.29067
1.28828
1.29414
1.30231
1.28401
1.30026
1.29424
1.2825
1.28839
1.29164
1.281
1.28824
1.28568
1.28676
1.28914
1.29536
1.28304
1.29025
1.29565
1.2849
1.29247
1.28894
1.28164
1.2931
1.29598
1.27689
1.29213
1.29036
1.28843
1.28811
1.29572
1.28489
1.29687
1.28965
1.29182
1.28789
1.28909
1.29413
1.28516
1.29849
1.27796
1.29066
1.2913
1.28317
1.28636
1.28822
1.28094
1.29103
1.28479
1.28602
1.2842
1.28799
1.27883
1.2833
1.27661
1.27443
1.28088
1.2895
1.28606
1.3028
1.29398
1.29241
1.29561
1.28873
1.29103
1.29228
1.29365
1.27589
1.29658
1.28482
1.27131
1.28502
1.28889
1.29082
1.28585
1.2838
1.28737
1.29631
1.27458
1.28853
1.28151
1.28593
1.28121
1.28475
1.28437
1.28853
1.28418
1.28495
1.29665
1.28276
1.27588
1.29103
1.28793
1.27801
1.29453
1.2892
1.27769
1.2864
1.28587
1.28299
1.28666
1.28664
1.28588
1.28813
1.28832
1.28288
1.28594
1.28477
1.27878
1.28844
1.27873
1.27314
1.2779
1.28241
1.27872
1.27401
1.27162
1.27989
1.28219
1.27702
1.26688
1.27488
1.28272
1.27218
1.28539
1.27838
1.27884
1.28
1.28083
1.27219
1.2768
1.2783
1.28251
1.28429
1.28146
1.28083
1.28341
1.28398
1.2738
1.27593
1.28375
1.27642
1.28511
1.27147
1.27764
1.2719
1.27401
1.28761
1.27688
1.28096
1.28403
1.26891
1.28312
1.27783
1.27232
1.27958
1.30576
1.28211
1.28355
1.28341
1.28177
1.27388
1.27695
1.27391
1.27899
1.28947
1.27032
1.28245
1.27473
1.27031
1.27395
1.28264
1.27887
1.27553
1.27984
1.28055
1.28101
1.27911
1.27419
1.27722
1.27127
1.28087
1.27486
1.29171
1.27919
1.28398
1.27305
1.27444
1.28352
1.27837
1.27229
1.28488
1.26932
1.27211
1.27192
1.27726
1.28356
1.28
1.28132
1.27239
1.28096
1.27614
1.28122
1.27734
1.27311
1.28205
1.28544
1.27115
1.27269
1.27003
1.26904
1.27964
1.27558
1.26285
1.26595
1.26891
1.27899
1.27781
1.26816
1.27794
1.27902
1.27622
1.27926
1.28812
1.27134
1.27023
1.2827
1.2833
1.27638
1.27558
1.27696
1.26628
1.28358
1.27266
1.26694
1.26813
1.27678
1.27702
1.27604
1.27218
1.27994
1.2682
1.26608
1.26941
1.26677
1.26416
1.27651
1.27432
1.27712
1.27066
1.26742
1.27158
1.27954
1.27571
1.27684
1.25823
1.26437
1.26455
1.27037
1.26627
1.2676
1.26393
1.26426
1.27301
1.26748
1.26427
1.27101
1.27719
1.27102
1.28071
1.27129
1.26561
1.26797
1.26433
1.26525
1.2688
1.26647
1.28311
1.2724
1.26212
1.26749
1.26888
1.26923
1.28503
1.27561
1.26987
1.27269
1.26663
1.26785
1.27164
1.26413
1.26722
1.26615
1.26806
1.2652
1.27386
1.27748
1.26645
1.26526
1.26624
1.27488
1.26884
1.26948
1.27183
1.26729
1.28065
1.27013
1.27386
1.26741
1.26704
1.27994
1.26664
1.26386
1.26614
1.26636
1.26627
1.27623
1.26114
1.27468
1.26166
1.27822
1.26097
1.26974
1.26476
1.26811
1.25859
1.2719
1.26318
1.27262
1.2609
1.26663
1.26841
1.27342
1.26188
1.27774
1.26982
1.26452
1.26676
1.26232
1.26181
1.26773
1.26763
1.26432
1.26143
1.26459
1.26503
1.25669
1.25829
1.2623
1.26064
1.26616
1.26674
1.27743
1.28299
1.27238
1.26906
1.26914
1.2601
1.26623
1.27212
1.26824
1.2676
1.26622
1.27326
1.26692
1.26002
1.25915
1.26321
1.26842
1.26499
1.27358
1.25334
1.26945
1.27363
1.27032
1.26338
1.26457
1.26155
1.26174
1.27316
1.27416
1.2629
1.25668
1.26152
1.26588
1.25647
1.25838
1.26321
1.2656
1.26893
1.26402
1.26031
1.26335
1.25926
1.2619
1.28181
1.2748
1.25726
1.2734
1.2681
1.27177
1.25545
1.26216
1.26439
1.26388
1.26507
1.26676
1.25771
1.25878
1.25471
1.25347
1.25984
1.26659
1.2536
1.26365
1.25279
1.25887
1.26748
1.25725
1.26263
1.2611
1.26427
1.25482
1.26066
1.25715
1.25608
1.26046
1.26383
1.25862
1.26191
1.26273
1.25555
1.2614
1.25252
1.25176
1.26014
1.26054
1.26648
1.26397
1.25264
1.25336
1.26128
1.26221
1.26903
1.2525
1.26277
1.25659
1.26017
1.25997
1.26248
1.25371
1.26581
1.25637
1.26725
1.25725
1.25834
1.26189
1.26008
1.25522
1.25239
1.26151
1.25453
1.26566
1.26754
1.24832
1.25861
1.25623
1.26641
1.25322
1.25423
1.24857
1.25616
1.25121
1.26085
1.25682
1.25335
1.26699
1.25381
1.24996
1.25763
1.25133
1.25863
1.25418
1.25327
1.24907
1.25416
1.2575
1.25468
1.25094
1.25411
1.2542
1.26218
1.25568
1.25443
1.25965
1.25856
1.2572
1.25107
1.25762
1.25321
1.26085
1.24685
1.25092
1.26076
1.25218
1.25397
1.25413
1.25199
1.25851
1.25374
1.25528
1.26364
1.2638
1.25188
1.25256
1.25029
1.26376
1.24653
1.26308
1.2577
1.24744
1.25614
1.25473
1.25371
1.256
1.26209
1.25222
1.25075
1.25547
1.25376
1.26408
1.26245
1.25699
1.25076
1.23914
1.25768
1.25371
1.25109
1.25008
1.24409
1.2608
1.24577
1.2464
1.25426
1.25168
1.25132
1.25549
1.24772
1.26299
1.2409
1.26409
1.26509
1.25062
1.2447
1.24436
1.2553
1.25115
1.25369
1.26813
1.25887
1.24674
1.25352
1.24893
1.2585
1.25012
1.25355
1.25694
1.24836
1.24701
1.26101
1.25541
1.24515
1.24799
1.24778
1.242
1.24757
1.24439
1.2515
1.24734
1.24406
1.25231
1.2532
1.24529
1.24209
1.24985
1.25267
1.2519
1.2474
1.25022
1.2472
1.24878
1.25315
1.2533
1.24581
1.25085
1.25137
1.25229
1.25339
1.25445
1.25082
1.25435
1.25398
1.24514
1.24241
1.24285
1.25553
1.24761
1.2486
1.24396
1.24802
1.24377
1.24611
1.24591
1.24716
1.23924
1.24116
1.25331
1.24531
1.25462
1.24985
1.24079
1.24008
1.24467
1.23878
1.24947
1.24307
1.24534
1.2455
1.23749
1.25466
1.24805
1.23761
1.24642
1.24307
1.25003
1.24264
1.24028
1.24505
1.24458
1.24346
1.24205
1.24063
1.2388
1.24842
1.2404
1.25834
1.25346
1.23525
1.24336
1.2425
1.24602
1.24229
1.25832
1.25123
1.25005
1.24701
1.24847
1.23694
1.24562
1.25486
1.2394
1.24638
1.24436
1.24617
1.24103
1.24197
1.24696
1.24082
1.25548
1.24329
1.24698
1.24693
1.24865
1.24543
1.25143
1.23995
1.23942
1.23978
1.247
1.23739
1.25364
1.24295
1.24655
1.23645
1.2451
1.25379
1.24559
1.25744
1.24593
1.2413
1.23165
1.24172
1.24063
1.23088
1.24646
1.24019
1.24571
1.23746
1.243
1.23922
1.24666
1.24074
1.24241
1.24392
1.23325
1.23593
1.24031
1.24224
1.23903
1.25867
1.24841
1.23253
1.23358
1.24684
1.23027
1.24333
1.22826
1.25113
1.23454
1.23943
1.23645
1.23184
1.23267
1.24284
1.23945
1.22961
1.24817
1.23348
1.24629
1.24033
1.2388
1.24853
1.24829
1.22864
1.23567
1.24673
1.2392
1.24875
1.23623
1.23879
1.24404
1.24572
1.23594
1.24209
1.23918
1.23645
1.24039
1.23843
1.24467
1.24391
1.23971
1.23427
1.23904
1.24601
1.23785
1.23419
1.23982
1.2401
1.24642
1.23561
1.24512
1.23805
1.22616
1.23521
1.24012
1.22551
1.23097
1.23941
1.23679
1.23121
1.2335
1.23838
1.23509
1.23863
1.23311
1.23679
1.23951
1.23644
1.23275
1.24102
1.23469
1.25431
1.2427
1.23211
1.22842
1.23287
1.23672
1.2329
1.22699
1.22621
1.24281
1.22857
1.22965
1.22418
1.23359
1.22923
1.22446
1.23361
1.24055
1.23314
1.23605
1.23439
1.24036
1.24317
1.23216
1.22941
1.23768
1.23942
1.22857
1.24127
1.23033
1.22927
1.23595
1.23876
1.22549
1.23546
1.22962
1.23085
1.22837
1.22919
1.23511
1.22424
1.23182
1.23076
1.23643
1.23308
1.23512
1.23867
1.2375
1.23432
1.23991
1.22937
1.22471
1.22718
1.22813
1.23385
1.23244
1.23866
1.23305
1.23762
1.23258
1.23304
1.22804
1.23774
1.22916
1.23464
1.22706
1.23199
1.23704
1.23289
1.22926
1.23402
1.23467
1.23607
1.22931
1.24091
1.23404
1.24077
1.23035
1.24315
1.23338
1.23298
1.23861
1.23053
1.2433
1.23015
1.24546
1.23342
1.22961
1.22671
1.24684
1.24911
1.2306
1.24083
1.23508
1.23389
1.23787
1.22443
1.22877
1.22508
1.22767
1.22623
1.22875
1.21873
1.23367
1.23354
1.24026
1.24079
1.2434
1.22556
1.22413
1.22544
1.22872
1.22202
1.21893
1.2289
1.23097
1.22758
1.21956
1.23839
1.24755
1.23435
1.23318
1.22378
1.22545
1.23857
1.23034
1.2297
1.23431
1.23913
1.22229
1.24044
1.2411
1.22714
1.24331
1.23225
1.226
1.23589
1.23791
1.22062
1.23335
1.23909
1.22264
1.22928
1.22711
1.22886
1.23188
1.2291
1.22785
1.23206
1.22949
1.24032
1.23283
1.22429
1.22524
1.22557
1.22778
1.22173
1.22969
1.22974
1.24104
1.22805
1.22775
1.22831
1.22629
1.22812
1.23421
1.22771
1.23206
1.22774
1.24166
1.23846
1.22998
1.22757
1.23087
1.22378
1.21795
1.22077
1.22783
1.22694
1.22261
1.22473
1.22306
1.23217
1.22093
1.23213
1.22332
1.22846
1.22716
1.22893
1.22878
1.22213
1.2272
1.2231
1.22125
1.21994
1.22357
1.23414
1.22929
1.22695
1.228
1.2119
1.2226
1.22194
1.21802
1.2302
1.2164
1.21241
1.22801
1.22007
1.23027
1.23573
1.2147
1.21974
1.21821
1.21074
1.22586
1.22774
1.22657
1.21741
1.22916
1.2129
1.22336
1.22504
1.22066
1.22565
1.22822
1.21854
1.22454
1.23015
1.2217
1.22056
1.22023
1.22786
1.22283
1.22019
1.21862
1.23155
1.23628
1.2225
1.22554
1.21589
1.22726
1.21505
1.22183
1.21904
1.22128
1.22173
1.22402
1.21784
1.21045
1.22257
1.22085
1.21414
1.22125
1.22375
1.21455
1.22283
1.22435
1.22417
1.21814
1.23018
1.21233
1.22156
1.2263
1.22105
1.22231
1.2357
1.22298
1.22446
1.23265
1.22093
1.21458
1.22293
1.21281
1.23046
1.2218
1.21302
1.21362
1.2268
1.20789
1.20863
1.217
1.216
1.20806
1.21611
1.21317
1.22373
1.21777
1.24079
1.2245
1.21698
1.21927
1.21801
1.21855
1.2171
1.22409
1.21537
1.21628
1.21842
1.2336
1.22007
1.21594
1.22031
1.21259
1.21952
1.21475
1.23136
1.22351
1.21581
1.20695
1.21562
1.22361
1.21188
1.2153
1.21054
1.21482
1.22419
1.21675
1.22003
1.21276
1.21272
1.21577
1.21799
1.21511
1.22004
1.21725
1.22402
1.21855
1.22619
1.21772
1.21357
1.216
1.22092
1.23916
1.22666
1.21072
1.20828
1.22171
1.21218
1.21167
1.22222
1.21936
1.21728
1.21105
1.20524
1.21904
1.21999
1.22115
1.21193
1.21563
1.21823
1.20919
1.21242
1.23106
1.22247
1.21772
1.22237
1.22492
1.21064
1.21567
1.2189
1.23011
1.2158
1.21301
1.22265
1.22793
1.23446
1.21864
1.2119
1.20636
1.22026
1.20507
1.22152
1.21712
1.21188
1.21128
1.20616
1.21259
1.22702
1.22454
1.21022
1.21173
1.21202
1.20999
1.2187
1.21429
1.21149
1.215
1.21426
1.21438
1.2057
1.21164
1.21108
1.20576
1.20904
1.21087
1.20965
1.22373
1.21348
1.21805
1.21164
1.20883
1.2119
1.2286
1.21386
1.2117
1.20484
1.21236
1.2107
1.21739
1.20878
1.2091
1.22012
1.22493
1.21227
1.22364
1.21375
1.21633
1.21553
1.21345
1.2069
1.20331
1.21351
1.20587
1.21615
1.21228
1.21867
1.21081
1.21147
1.21175
1.21549
1.22181
1.20985
1.21319
1.21477
1.21429
1.21538
1.2103
1.21363
1.21329
1.21557
1.22442
1.2107
1.21083
1.21465
1.21027
1.21213
1.20903
1.20084
1.21554
1.20542
1.20928
1.19511
1.21139
1.20203
1.19499
1.20352
1.1968
1.19493
1.213
1.20477
1.21078
1.19837
1.19605
1.19593
1.20475
1.19388
1.21087
1.19726
1.19293
1.19463
1.20697
1.2045
1.20326
1.19933
1.19595
1.20385
1.19985
1.19799
1.19908
1.19723
1.19897
1.19865
1.20287
1.19807
1.19894
1.19602
1.19736
1.2114
1.20211
1.20364
1.20995
1.21327
1.19721
1.20996
1.20709
1.21547
1.21094
1.19606
1.20897
1.20653
1.20449
1.20665
1.21266
1.21422
1.21094
1.21686
1.20362
1.21034
1.21458
1.20307
1.20873
1.21583
1.20434
1.20545
1.21548
1.20956
1.20865
1.21019
1.21238
1.20826
1.21265
1.20546
1.21356
1.20607
1.20698
1.19929
1.2067
1.20857
1.21119
1.21155
1.20283
1.20943
1.21528
1.21261
1.21228
1.20472
1.20856
1.21006
1.20277
1.20703
1.21727
1.20908
1.20791
1.20565
1.21144
1.21139
1.19549
1.20157
1.19812
1.204
1.20673
1.19536
1.2083
1.2152
1.2135
1.21266
1.19993
1.20012
1.20297
1.20231
1.20386
1.19482
1.22006
1.20552
1.19681
1.19549
1.20491
1.19919
1.204
1.20705
1.19973
1.1972
1.20332
1.20456
1.20478
1.20049
1.20706
1.21387
1.19922
1.21263
1.20453
1.20004
1.19235
1.20751
1.19108
1.20333
1.19955
1.19674
1.19686
1.20334
1.19786
1.20404
1.20876
1.20191
1.2081
1.20321
1.19893
1.19741
1.20011
1.20072
1.20205
1.20117
1.19126
1.19939
1.20125
1.19635
1.20089
1.20051
1.19276
1.21818
1.20371
1.19626
1.20082
1.20048
1.19749
1.20817
1.20035
1.19597
1.19327
1.20355
1.1988
1.19723
1.19254
1.19766
1.20236
1.202
1.20268
1.19455
1.20647
1.2027
1.18889
1.20545
1.20653
1.20992
1.19146
1.20572
1.20181
1.21819
1.20104
1.19673
1.19622
1.19463
1.20957
1.20477
1.1893
1.19957
1.20094
1.19219
1.20477
1.18733
1.20324
1.19916
1.20894
1.1982
1.19322
1.20712
1.19425
1.21401
1.20608
1.19866
1.20213
1.19686
1.21516
1.20206
1.19138
1.19993
1.20015
1.19956
1.18796
1.19092
1.20387
1.20254
1.21688
1.20204
1.2022
1.19138
1.19901
1.18724
1.19043
1.19507
1.19101
1.18945
1.20155
1.19783
1.19471
1.19852
1.20237
1.19812
1.19748
1.18796
1.20013
1.19809
1.19102
1.20884
1.2134
1.20528
1.20796
1.21313
1.20799
1.20973
1.21154
1.1958
1.18885
1.19551
1.19292
1.19815
1.20077
1.1943
1.1916
1.19462
1.19813
1.1997
1.20133
1.19518
1.20374
1.19103
1.18963
1.19281
1.19435
1.18818
1.19178
1.195
1.19886
1.191
1.19106
1.18532
1.18901
1.19998
1.19172
1.18906
1.18299
1.18422
1.18335
1.19129
1.1894
1.19552
1.19251
1.20396
1.19856
1.18998
1.18854
1.1938
1.19361
1.19436
1.18525
1.18767
1.18527
1.18924
1.19714
1.19234
1.18471
1.19086
1.19834
1.18792
1.18767
1.18292
1.19182
1.18549
1.18427
1.18303
1.19456
1.18406
1.19164
1.18747
1.19379
1.19465
1.18889
1.18678
1.17908
1.20206
1.19162
1.18615
1.18135
1.19072
1.18333
1.19397
1.19138
1.20883
1.19765
1.18453
1.19262
1.20067
1.19423
1.1928
1.1901
1.18351
1.18275
1.19627
1.19237
1.18614
1.18765
1.18299
1.18788
1.19246
1.19296
1.19083
1.18885
1.19409
1.18565
1.19688
1.19006
1.18368
1.18994
1.18703
1.18403
1.18412
1.18376
1.19542
1.18743
1.18381
1.19099
1.18687
1.18939
1.18435
1.19532
1.1922
1.19835
1.18148
1.18481
1.18643
1.19375
1.18824
1.18792
1.19194
1.19487
1.19245
1.18995
1.18891
1.18144
1.18659
1.18478
1.19356
1.17884
1.1812
1.18108
1.18313
1.1916
1.17773
1.17932
1.19079
1.18141
1.17746
1.18206
1.19079
1.18551
1.19145
1.19284
1.19986
1.19312
1.18865
1.18304
1.18665
1.19753
1.18625
1.18714
1.18055
1.20103
1.20396
1.19465
1.18925
1.18678
1.18053
1.18057
1.19727
1.19056
1.18452
1.17502
1.18823
1.19688
1.19247
1.17804
1.1874
1.18466
1.19328
1.18447
1.18365
1.18779
1.18841
1.18584
1.18245
1.18874
1.18248
1.18688
1.18551
1.18865
1.18857
1.19818
1.19135
1.18209
1.19431
1.18075
1.18779
1.18889
1.18714
1.18191
1.17873
1.18433
1.18438
1.18241
1.1887
1.17576
1.18082
1.20604
1.18719
1.18734
1.18219
1.18199
1.19415
1.19092
1.19527
1.18987
1.18661
1.18191
1.18152
1.18734
1.18903
1.17699
1.20168
1.20211
1.17612
1.18347
1.18315
1.17761
1.1855
1.18487
1.18675
1.18278
1.18588
1.18725
1.18126
1.1865
1.19348
1.19675
1.1854
1.16979
1.17931
1.18369
1.17614
1.17974
1.17675
1.17726
1.18861
1.17056
1.17241
1.18569
1.1757
1.18142
1.17283
1.17768
1.18402
1.17678
1.19017
1.17507
1.18522
1.18133
1.18091
1.17891
1.18316
1.17866
1.18354
1.17934
1.18325
1.17989
1.18568
1.17804
1.18202
1.17871
1.16962
1.17867
1.18656
1.17759
1.18222
1.17919
1.18027
1.18204
1.18796
1.18474
1.16972
1.18159
1.1773
1.18106
1.16602
1.16805
1.1872
1.17673
1.18052
1.16465
1.17731
1.16551
1.17336
1.17636
1.16631
1.17321
1.16934
1.17783
1.17739
1.17172
1.17314
1.16434
1.17312
1.17576
1.16808
1.16956
1.17221
1.17614
1.17137
1.17138
1.17776
1.1752
1.17365
1.17612
1.18439
1.17497
1.17113
1.17741
1.17825
1.17328
1.17312
1.17562
1.17535
1.17454
1.17711
1.16403
1.17281
1.17758
1.17281
1.18305
1.17449
1.17819
1.17557
1.17498
1.1743
1.17121
1.18104
1.17404
1.17304
1.18206
1.17061
1.17478
1.17322
1.18324
1.18109
1.17751
1.17356
1.173
1.17144
1.17763
1.17891
1.18774
1.17232
1.18352
1.17261
1.1755
1.17283
1.18169
1.17405
1.17064
1.17401
1.17732
1.17628
1.17623
1.17374
1.17645
1.17671
1.17061
1.17277
1.17486
1.16295
1.16809
1.17162
1.17111
1.1799
1.17371
1.16824
1.16732
1.17196
1.16083
1.16449
1.16356
1.16901
1.1591
1.16852
1.16877
1.1719
1.17426
1.1665
1.16706
1.17712
1.15969
1.17783
1.16928
1.1732
1.17048
1.17354
1.16514
1.17553
1.17076
1.16751
1.17201
1.16742
1.17434
1.1949
1.1884
1.17417
1.16056
1.16871
1.1748
1.1644
1.17431
1.16794
1.16824
1.17091
1.16
1.16618
1.17017
1.16435
1.15822
1.16244
1.1636
1.16027
1.15891
1.15964
1.16083
1.15917
1.16855
1.1673
1.16844
1.16411
1.17654
1.1675
1.17452
1.16929
1.1836
1.16655
1.17378
1.17472
1.16026
1.17809
1.16952
1.1672
1.16446
1.16796
1.16605
1.16568
1.1626
1.16987
1.17023
1.1728
1.16989
1.15932
1.16793
1.1679
1.16056
1.16158
1.15588
1.17016
1.17265
1.15691
1.16577
1.16782
1.16217
1.15629
1.16303
1.16387
1.16359
1.16541
1.17295
1.16008
1.16487
1.16055
1.16001
1.17212
1.16676
1.16161
1.16239
1.1608
1.16225
1.16672
1.18511
1.17127
1.16509
1.15509
1.16325
1.1663
1.15717
1.16272
1.17368
1.17467
1.16928
1.16654
1.16453
1.17395
1.16217
1.16564
1.16058
1.17647
1.16251
1.16339
1.15675
1.17044
1.1596
1.15325
1.16347
1.16332
1.16113
1.17074
1.16486
1.16274
1.16766
1.16102
1.1654
1.17044
1.17083
1.16813
1.16544
1.15559
1.16534
1.16535
1.16127
1.1688
1.16124
1.16115
1.15518
1.15956
1.15644
1.15677
1.1579
1.15782
1.15946
1.1569
1.1563
1.15745
1.15884
1.15686
1.15516
1.15682
1.15744
1.15577
1.15703
1.1572
1.15536
1.15615
1.15676
1.15698
1.15681
1.15654
1.15725
1.15934
1.15692
1.15595
1.15594
1.15134
1.15096
1.15355
1.15187
1.14977
1.15149
1.15164
1.15177
1.1509
1.15092
1.15178
1.15454
1.15319
1.15291
1.15066
1.15038
1.15073
1.15197
1.15185
1.15015
1.15177
1.1528
1.15212
1.15125
1.15114
1.15322
1.15438
1.15191
1.15016
1.15124
1.15072
1.15044
1.15237
1.15259
1.15022
1.15196
1.15187
1.15165
1.15095
1.15098
1.15274
1.15347
1.15161
1.15056
1.1514
1.15103
1.15063
1.1523
1.15384
1.15258
1.1515
1.15149
1.15155
1.15056
1.15069
1.15182
1.15376
1.15366
1.15098
1.15106
1.15145
1.15362
1.1521
1.15244
1.15026
1.15165
1.15142
1.15095
1.15118
1.1519
1.15322
1.15406
1.15286
1.15014
1.15116
1.15184
1.14505
1.15086
1.15164
1.15029
1.15219
1.1461
1.14589
1.15145
1.14623
1.14972
1.14841
1.14605
1.14476
1.14572
1.1456
1.14497
1.14657
1.15061
1.14648
1.14653
1.14587
1.14589
1.14564
1.14519
1.14699
1.14865
1.14646
1.14561
1.14588
1.14556
1.14564
1.14711
1.14679
1.1449
1.14681
1.14639
1.14606
1.14574
1.14585
1.14701
1.1486
1.14679
1.14522
1.14561
1.14659
1.14877
1.14662
1.14615
1.14504
1.14671
1.14642
1.14681
1.14624
1.146
1.1484
1.14887
1.14669
1.14544
1.14555
1.14547
1.14539
1.1469
1.14802
1.14508
1.14691
1.14569
1.14613
1.1454
1.14514
1.14643
1.14802
1.14662
1.14598
1.14534
1.14532
1.14623
1.14669
1.14614
1.14501
1.14626
1.14145
1.1437
1.14111
1.14053
1.14153
1.14403
1.1419
1.1397
1.14021
1.14002
1.14177
1.14234
1.14071
1.13943
1.14135
1.14128
1.14067
1.14012
1.13987
1.14166
1.14311
1.142
1.14075
1.14017
1.14029
1.13996
1.14123
1.14141
1.14071
1.14167
1.14079
1.14065
1.14129
1.14052
1.1417
1.14348
1.14126
1.14095
1.14398
1.14017
1.1403
1.14128
1.14112
1.13922
1.14121
1.14036
1.14115
1.1413
1.14114
1.14212
1.14328
1.14146
1.14023
1.14051
1.14064
1.13993
1.141
1.14102
1.13934
1.13541
1.14058
1.14107
1.13477
1.14053
1.13655
1.14343
1.13593
1.13485
1.13512
1.13485
1.13448
1.13619
1.13549
1.13419
1.13781
1.13608
1.13802
1.13455
1.135
1.1365
1.13741
1.13519
1.13468
1.13518
1.13604
1.13461
1.13672
1.13585
1.13415
1.13519
1.13509
1.13569
1.13487
1.1351
1.13609
1.13723
1.13615
1.1346
1.13516
1.13553
1.13483
1.13621
1.13665
1.13585
1.13581
1.13529
1.1353
1.13468
1.1345
1.13611
1.13783
1.13726
1.13712
1.13584
1.13575
1.13505
1.136
1.13598
1.13435
1.13559
1.13588
1.13727
1.13471
1.13435
1.13639
1.13765
1.13625
1.13443
1.13468
1.13516
1.13479
1.13582
1.13567
1.13447
1.13545
1.13541
1.13588
1.13495
1.13484
1.13624
1.13793
1.13575
1.13428
1.13624
1.13461
1.13533
1.13625
1.13624
1.13804
1.13527
1.1358
1.13528
1.13546
1.13496
1.1363
1.13772
1.13614
1.13727
1.13479
1.13445
1.13475
1.13649
1.13534
1.13423
1.13525
1.13633
1.13571
1.12915
1.13
1.13136
1.13249
1.13029
1.12972
1.13017
1.13003
1.12951
1.13099
1.13075
1.1315
1.13006
1.13008
1.13016
1.13005
1.12981
1.13147
1.1357
1.13035
1.12938
1.13091
1.12924
1.12947
1.13116
1.13043
1.1298
1.13102
1.13125
1.12997
1.12995
1.12945
1.13123
1.13227
1.13072
1.12927
1.1301
1.1297
1.12956
1.13151
1.13067
1.12914
1.13001
1.13217
1.13024
1.13073
1.1293
1.13118
1.13233
1.13022
1.12922
1.12978
1.12994
1.12969
1.13139
1.13138
1.1318
1.13
1.12989
1.1296
1.1299
1.12926
1.13021
1.1328
1.13182
1.12437
1.12993
1.12395
1.12959
1.12489
1.12468
1.12305
1.12496
1.12524
1.12495
1.1243
1.12464
1.12613
1.1273
1.1247
1.12428
1.1246
1.12456
1.12443
1.12553
1.12522
1.12365
1.12508
1.12492
1.12541
1.12452
1.12655
1.12908
1.12697
1.12522
1.12383
1.12418
1.12455
1.1245
1.12535
1.12529
1.12511
1.1247
1.12513
1.1254
1.12364
1.12434
1.12619
1.12703
1.12513
1.12378
1.12446
1.12411
1.12376
1.12711
1.12535
1.12328
1.12415
1.12464
1.12507
1.12435
1.12412
1.12538
1.12748
1.12518
1.124
1.12405
1.12414
1.12387
1.12823
1.12512
1.12372
1.12492
1.12473
1.12498
1.1241
1.1238
1.12725
1.12695
1.1212
1.11889
1.1193
1.11926
1.11897
1.12
1.11983
1.11872
1.1194
1.11915
1.11928
1.11941
1.11867
1.12037
1.12243
1.11971
1.11867
1.11937
1.11913
1.11878
1.11984
1.12064
1.11831
1.11946
1.11972
1.11973
1.1196
1.12018
1.12216
1.12128
1.11971
1.11857
1.11934
1.11899
1.11849
1.12003
1.12101
1.11795
1.11914
1.11898
1.1195
1.11878
1.11858
1.12024
1.12252
1.12025
1.11819
1.11902
1.11866
1.1188
1.11974
1.11937
1.11755
1.11904
1.11918
1.12043
1.11975
1.12173
1.12058
1.12198
1.12024
1.11862
1.11932
1.11977
1.12236
1.11985
1.11453
1.11332
1.11447
1.1144
1.11459
1.11332
1.11333
1.11506
1.11644
1.11528
1.11371
1.11435
1.11388
1.114
1.11503
1.11373
1.11262
1.11429
1.1143
1.1141
1.11406
1.11328
1.11522
1.11628
1.11481
1.11545
1.11417
1.11353
1.1139
1.11407
1.11426
1.1137
1.11368
1.11417
1.11459
1.11394
1.11425
1.11722
1.11607
1.11488
1.11349
1.11412
1.11383
1.11345
1.11426
1.11547
1.11237
1.11469
1.11569
1.11486
1.11377
1.11303
1.11482
1.11665
1.11448
1.11383
1.11348
1.11432
1.11351
1.11444
1.11414
1.11268
1.11393
1.11386
