31
28
26
25
24
24
25
26
26
27
27
28
29
30
30
30
29
30
30
30
31
31
32
33
33
34
36
37
39
42
44
45
48
48
48
48
48
48
48
52
50
50
49
49
49
50
54
55
63
64
67
65
72
76
77
85
88
93
94
115
70
72
73
78
83
88
71
72
72
72
72
73
72
73
73
74
74
75
75
75
76
77
77
78
78
79
79
80
80
81
81
81
84
84
85
84
87
84
87
83
85
86
91
88
89
90
90
90
91
92
90
92
93
90
93
92
90
93
92
92
92
93
92
93
93
92
90
92
93
91
92
91
90
89
90
90
89
89
91
91
89
91
90
90
91
90
89
90
89
87
88
90
90
90
91
87
88
89
89
89
87
87
85
89
86
85
86
84
85
85
82
82
81
82
81
81
82
81
80
80
80
81
79
79
79
80
78
76
76
77
78
78
78
78
76
76
77
77
77
76
77
77
76
77
79
77
78
75
77
76
76
76
76
76
75
77
76
74
74
77
74
74
75
75
75
74
75
75
75
74
73
72
72
72
72
72
72
70
71
71
71
71
70
70
70
70
71
71
70
70
69
70
69
69
68
67
67
67
67
68
68
68
68
68
68
68
68
67
68
68
68
68
67
67
67
68
68
68
67
67
67
66
65
66
66
65
65
64
65
65
65
65
64
65
65
65
64
65
64
63
63
63
64
63
63
63
63
62
62
62
62
62
62
62
62
61
61
61
61
61
61
60
60
60
60
60
60
59
59
59
59
59
59
59
59
59
59
59
59
59
58
59
59
59
59
58
59
58
59
58
58
58
58
58
58
57
57
57
57
57
57
56
57
57
56
56
56
56
56
56
55
55
55
55
55
55
55
55
54
54
54
54
54
54
54
54
54
53
53
53
53
53
53
53
53
53
52
52
52
52
52
52
51
51
51
51
51
51
51
50
50
50
50
50
50
50
50
50
49
49
49
49
49
49
49
48
48
48
48
47
48
48
48
47
47
47
47
47
47
46
46
46
46
46
46
46
46
45
45
45
45
45
45
45
45
44
44
44
44
43
44
44
44
44
44
43
43
43
43
42
42
43
42
43
42
42
42
42
42
41
41
41
41
41
41
41
41
40
41
40
40
40
39
39
39
39
39
39
39
39
39
39
38
38
38
38
38
38
38
38
38
37
37
37
37
