4.52602
3.4195
2.59967
1.84073
1.25743
0.84505
0.56352
-0.376286
-0.371316
-0.36674
-0.362514
-0.358601
-0.354965
-0.351576
-0.348409
-0.34544
-0.342648
-0.340016
-0.337526
-0.335164
-0.332919
-0.330779
-0.328733
-0.326773
-0.324892
-0.323081
-0.321336
-0.31965
-0.318019
-0.316437
-0.314901
-0.313408
-0.311954
-0.310536
-0.309152
-0.307798
-0.306474
-0.305194
-0.304097
-0.303115
-0.30213
-0.301143
-0.300157
-0.299172
-0.298189
-0.297208
-0.296232
-0.29526
-0.294292
-0.293328
-0.29237
-0.291416
-0.290467
-0.289523
-0.288583
-0.287647
-0.286715
-0.285787
-0.284861
-0.283938
-0.283017
-0.282098
-0.28118
-0.280263
-0.279345
-0.278427
-0.277507
-0.276585
-0.275661
-0.274733
-0.273801
-0.272864
-0.271921
-0.270972
-0.270016
-0.269052
-0.268079
-0.267096
-0.266104
-0.2651
-0.264085
-0.263057
-0.262016
-0.26096
-0.25989
-0.258805
-0.257704
-0.256586
-0.255451
-0.254316
-0.253242
-0.252232
-0.251286
-0.250401
-0.249572
-0.248795
-0.248069
-0.247392
-0.246763
-0.246177
-0.245628
-0.245081
-0.244505
-0.243898
-0.243262
-0.242594
-0.241896
-0.241168
-0.240408
-0.239618
-0.238796
-0.237944
-0.237061
-0.236148
-0.235203
-0.234228
-0.233223
-0.232187
-0.231121
-0.230024
-0.228898
-0.227742
-0.226557
-0.225341
-0.224097
-0.222823
-0.22152
-0.220188
-0.218828
-0.217439
-0.216021
-0.214575
-0.2131
-0.211598
-0.210068
-0.20851
-0.206925
-0.205312
-0.203673
-0.202007
-0.200314
-0.198596
-0.196851
-0.195081
-0.193286
-0.191466
-0.189623
-0.187755
-0.185864
-0.183951
-0.182016
-0.180059
-0.179153
-0.17861
-0.178015
-0.177368
-0.176668
-0.175915
-0.175107
-0.174246
-0.17333
-0.172363
-0.171343
-0.17027
-0.169146
-0.167969
-0.166738
-0.165457
-0.164132
-0.162761
-0.161344
-0.159883
-0.158378
-0.156832
-0.155245
-0.153619
-0.151957
-0.150259
-0.148527
-0.146764
-0.144971
-0.14315
-0.141303
-0.139433
-0.137539
-0.135626
-0.133694
-0.131746
-0.129783
-0.127808
-0.125822
-0.123828
-0.121826
-0.119819
-0.117809
-0.115797
-0.113785
-0.111775
-0.109768
-0.107766
-0.10577
-0.103782
-0.101803
-0.099835
-0.0978783
-0.0959349
-0.0940056
-0.0920915
-0.0901909
-0.0883151
-0.0864518
-0.0846097
-0.0827871
-0.0809881
-0.0792059
-0.0774469
-0.0757103
-0.0739975
-0.0723086
-0.0706444
-0.0690051
-0.0673905
-0.0658013
-0.0642376
-0.0626999
-0.0611884
-0.0597029
-0.0582436
-0.0568107
-0.0554039
-0.0540242
-0.0526704
-0.051344
-0.0500448
-0.0487732
-0.0475262
-0.046303
-0.0451058
-0.0439311
-0.0427825
-0.0416589
-0.0405599
-0.0394855
-0.0384351
-0.0374087
-0.0364058
-0.0354261
-0.0344693
-0.0335351
-0.032623
-0.0317329
-0.0308642
-0.0300167
-0.02919
-0.0283837
-0.0275974
-0.0268308
-0.0260834
-0.0253549
-0.024645
-0.0239533
-0.0232795
-0.0226236
-0.0219842
-0.0213613
-0.0207547
-0.0201641
-0.0195892
-0.0190298
-0.0184853
-0.0179553
-0.0174397
-0.016938
-0.0164499
-0.0159751
-0.0155133
-0.0150641
-0.0146273
-0.0142025
-0.0137895
-0.013388
-0.0129977
-0.0126181
-0.0122493
-0.0118908
-0.0115424
-0.0112037
-0.0108747
-0.0105549
-0.0102442
-0.00994243
-0.00964921
-0.00936437
-0.00908762
-0.00881885
-0.00855779
-0.00830419
-0.00805795
-0.00781875
-0.00758653
-0.00736103
-0.00714196
-0.0069294
-0.00672292
-0.00652246
-0.00632788
-0.00613893
-0.00595557
-0.00577745
-0.00560472
-0.00543689
-0.0052741
-0.00511604
-0.00496263
-0.00481379
-0.00466924
-0.00452906
-0.00439297
-0.00426091
-0.00413274
-0.00400844
-0.00388766
-0.00377072
-0.0036569
-0.00354693
-0.00343965
-0.00333631
-0.00323498
-0.00313847
-0.00304099
-0.0029514
-0.00286378
-0.00277413
-0.00269274
-0.00260871
-0.00253153
-0.00245313
-0.00238044
-0.00230689
-0.00223811
-0.00216908
-0.0021044
-0.00203966
-0.00197871
-0.00191772
-0.00186099
-0.00180333
-0.00174987
-0.00169535
-0.00164514
-0.00159337
-0.00154706
-0.00149806
-0.00145278
-0.00140947
-0.00136513
-0.00132507
-0.0012834
-0.00124555
-0.00120674
-0.00117094
-0.00113462
-0.00110076
-0.00106602
-0.00103577
-0.00100253
-0.000976234
-0.00094246
-0.00091303
-0.000886054
-0.000858035
-0.000832715
-0.000806212
-0.000782576
-0.000758415
-0.000735737
-0.000712485
-0.000692209
-0.000669969
-0.000650637
-0.000629717
-0.000612565
-0.000592063
-0.000573289
-0.000556396
-0.000538957
-0.000522846
-0.000506548
-0.000491362
-0.000475805
-0.000462251
-0.000447373
-0.000433882
-0.000420678
-0.000407302
-0.000395269
-0.000382916
-0.000371435
-0.00035966
-0.000349404
-0.000338148
-0.000328135
-0.000317929
-0.000308081
-0.000298777
-0.000289303
-0.000280762
-0.000272162
-0.000263628
-0.000255694
-0.000247749
-0.000240246
-0.00023283
-0.000225743
-0.000218583
-0.000212326
-0.000205478
-0.000199297
-0.000193204
-0.000187055
-0.000181721
-0.000176014
-0.000170578
-0.00016533
-0.000160248
-0.00015532
-0.000150388
-0.000145914
-0.000141506
-0.000137162
-0.000133036
-0.00012887
-0.000124752
-0.000121044
-0.000117378
-0.000113763
-0.000110278
-0.000106986
-0.000103507
-0.000100384
-9.73487e-05
-9.43444e-05
-9.14518e-05
-8.86439e-05
-8.59213e-05
-8.32818e-05
-8.07227e-05
-7.82411e-05
-7.58359e-05
-7.35043e-05
-7.12443e-05
-6.90535e-05
-6.693e-05
-6.48717e-05
-6.28763e-05
-6.09424e-05
-5.90674e-05
-5.72504e-05
-5.54889e-05
-5.37819e-05
-5.21271e-05
-5.05234e-05
-4.89686e-05
-4.7462e-05
-4.60011e-05
-4.45855e-05
-4.32133e-05
-4.18831e-05
-4.0594e-05
-3.93444e-05
-3.81333e-05
-3.69596e-05
-3.58216e-05
-3.4719e-05
-3.36496e-05
-3.26135e-05
-3.16091e-05
-3.06356e-05
-2.96921e-05
-2.87776e-05
-2.78911e-05
-2.70318e-05
-2.61991e-05
-2.53919e-05
-2.46096e-05
-2.38513e-05
-2.31162e-05
-2.24037e-05
-2.17132e-05
-2.10439e-05
-2.03952e-05
-1.97663e-05
-1.91568e-05
-1.8566e-05
-1.79935e-05
-1.74387e-05
-1.69007e-05
-1.63796e-05
-1.58741e-05
-1.53842e-05
-1.49096e-05
-1.44495e-05
-1.40033e-05
-1.35711e-05
-1.3152e-05
-1.27459e-05
-1.23527e-05
-1.19711e-05
-1.16015e-05
-1.12431e-05
-1.08955e-05
-1.0559e-05
-1.02327e-05
-9.91649e-06
