-1.85408
-1.51718
-1.31
-1.17275
-1.0752
-1.00188
-0.944408
-0.897921
-0.859392
-0.826833
-0.798879
-0.782754
-0.769676
-0.757159
-0.745156
-0.733735
-0.722819
-0.712344
-0.70225
-0.692515
-0.683133
-0.674035
-0.665289
-0.656836
-0.648639
-0.640653
-0.633223
-0.626569
-0.620181
-0.614039
-0.608132
-0.602443
-0.596966
-0.591688
-0.5866
-0.581693
-0.576959
-0.572394
-0.567988
-0.563737
-0.559673
-0.555735
-0.55191
-0.548227
-0.54468
-0.541268
-0.53799
-0.534843
-0.531825
-0.528934
-0.526166
-0.523491
-0.520748
-0.517902
-0.51495
-0.511888
-0.508714
-0.505422
-0.502011
-0.498476
-0.494814
-0.491021
-0.487094
-0.48303
-0.478825
-0.474479
-0.47023
-0.466185
-0.462342
-0.458686
-0.455217
-0.451925
-0.44877
-0.44552
-0.442114
-0.438548
-0.434823
-0.430935
-0.426883
-0.422667
-0.418286
-0.413739
-0.409028
-0.404151
-0.399112
-0.393911
-0.388551
-0.383034
-0.377364
-0.371545
-0.365582
-0.35948
-0.353244
-0.346882
-0.340399
-0.333804
-0.327104
-0.320309
-0.313428
-0.306469
-0.299444
-0.292361
-0.285233
-0.278069
-0.27088
-0.263678
-0.256474
-0.249279
-0.242104
-0.234959
-0.227855
-0.220803
-0.213812
-0.206893
-0.200053
-0.193303
-0.186649
-0.180101
-0.173664
-0.167345
-0.16115
-0.155084
-0.149152
-0.143358
-0.137705
-0.132195
-0.126832
-0.121617
-0.11655
-0.111633
-0.106865
-0.102246
-0.0977752
-0.0934518
-0.0892741
-0.0852401
-0.0813476
-0.0775944
-0.0739777
-0.0704947
-0.0671423
-0.0639175
-0.0608168
-0.0578369
-0.0549744
-0.0522257
-0.0495873
-0.0470555
-0.044627
-0.042298
-0.0400652
-0.037925
-0.0358739
-0.0339088
-0.0320262
-0.0302322
-0.0286229
-0.027195
-0.0259213
-0.0247788
-0.0237549
-0.0230069
-0.0223367
-0.0217093
-0.0211151
-0.0205481
-0.0200057
-0.0194858
-0.0189863
-0.0185059
-0.018043
-0.0175962
-0.0171643
-0.0167461
-0.0163404
-0.0159471
-0.0155644
-0.0151924
-0.0148296
-0.0144762
-0.0141308
-0.0137937
-0.0134641
-0.0131411
-0.0128253
-0.0125159
-0.0122123
-0.0119142
-0.0116222
-0.0113355
-0.0110539
-0.0107771
-0.010505
-0.010238
-0.00997581
-0.00971798
-0.0094645
-0.0092153
-0.00897035
-0.0087296
-0.00849302
-0.00826081
-0.00803303
-0.00780932
-0.00758968
-0.0073741
-0.00716256
0.0069576
0.00693097
0.00690286
0.00687314
0.00684173
0.00680909
0.00677498
0.00673931
0.00670233
0.0066641
0.00662441
0.00658335
0.00654142
0.00649825
0.00645383
0.00640824
0.00636179
0.00631419
0.00626548
0.00621569
0.00616489
0.00611296
0.00606031
0.00600606
0.00594918
0.00588985
0.00582826
0.00576457
0.00569896
0.00563158
0.00556259
0.00549215
0.00542039
0.00534745
0.00527346
0.00519855
0.00512284
0.00504646
0.0049695
0.00489207
0.00481428
0.00473622
0.00465798
0.00457966
0.00450132
0.00442305
0.00434493
0.00426702
0.0041894
0.00411211
0.00403522
0.00395879
0.00388287
0.0038075
0.00373273
0.00365861
0.00358521
0.0035127
0.00344104
0.00337026
0.00330038
0.00323139
0.00316332
0.00309619
0.00303001
0.00296478
0.00290051
0.0028372
0.00277488
0.00271353
0.00265315
0.00259376
0.00253535
0.00247793
0.0024216
0.00236629
0.00231193
0.00225852
0.00220601
0.0021544
0.0021037
0.0020539
0.00200499
0.00195699
0.00190988
0.00186367
0.00181834
0.00177389
0.00173031
0.00168761
0.00164576
0.00160477
0.00156462
0.00152531
0.00148682
0.00144915
0.00141229
0.00137623
0.00134095
0.00130645
0.00127271
0.00123973
0.00120749
0.00117599
0.0011452
0.00111512
0.00108574
0.00105705
0.00102903
0.00100167
0.000974961
0.000948892
0.000923449
0.000898621
0.000874397
0.000850765
0.000827713
0.000805231
0.000783305
0.000761927
0.000741084
0.000720765
0.000701061
0.000681694
0.000662902
0.000644562
0.000626691
0.000609271
0.000592304
0.00057578
0.000559694
0.00054403
0.000528778
0.000513928
0.000499472
0.000485398
0.000471699
0.000458363
0.000445404
0.000432779
0.000420501
0.000408536
0.000396905
0.000385643
0.000374587
0.000363899
0.000353421
0.000343268
0.000333394
0.00032381
0.000314483
0.000305423
0.000296602
0.000288035
0.000279697
0.000271598
0.000263761
0.000256102
0.000248703
0.000241425
0.000234361
0.0002275
0.000220854
0.000214398
0.000208133
0.00020204
0.000196125
0.000190375
0.000184793
0.000179393
0.000174118
0.000169024
0.000164041
0.000159225
0.000154492
0.000149907
0.00014546
0.000141157
0.00013698
0.000132928
0.00012899
0.000125169
0.000121473
0.000117866
0.000114385
0.000110967
0.000107656
0.000104442
0.000101329
9.83092e-05
9.53802e-05
9.25482e-05
8.97848e-05
8.71181e-05
8.45049e-05
8.19706e-05
7.95098e-05
7.71268e-05
7.48263e-05
7.25779e-05
7.04019e-05
6.82887e-05
6.62403e-05
6.42523e-05
6.23242e-05
6.04526e-05
5.86369e-05
5.68811e-05
5.5168e-05
5.35153e-05
5.1897e-05
5.03297e-05
4.8816e-05
4.73418e-05
4.59161e-05
4.45321e-05
4.31884e-05
4.18841e-05
4.06187e-05
3.93949e-05
3.8206e-05
3.70532e-05
3.59352e-05
3.48448e-05
3.37877e-05
3.27657e-05
3.17732e-05
3.0812e-05
2.98804e-05
2.89765e-05
2.80959e-05
2.72456e-05
2.64181e-05
2.56166e-05
2.48397e-05
2.4086e-05
2.33548e-05
2.26455e-05
2.19576e-05
2.12902e-05
2.0643e-05
2.0015e-05
1.94061e-05
1.88155e-05
1.82428e-05
1.76881e-05
1.71493e-05
1.66267e-05
1.61201e-05
1.56289e-05
1.51527e-05
1.46911e-05
1.42429e-05
1.38092e-05
1.33878e-05
1.29795e-05
1.25838e-05
1.21999e-05
1.18278e-05
1.14669e-05
1.11172e-05
1.07779e-05
1.0448e-05
1.01292e-05
9.82036e-06
9.52061e-06
9.22982e-06
8.94803e-06
8.67467e-06
8.40964e-06
8.15266e-06
7.90351e-06
7.66197e-06
7.42828e-06
7.201e-06
6.98088e-06
6.76735e-06
6.56061e-06
6.35985e-06
6.16537e-06
5.97669e-06
5.79382e-06
5.61643e-06
5.44456e-06
5.2787e-06
5.11735e-06
4.96046e-06
4.80821e-06
4.66091e-06
4.51809e-06
4.37973e-06
4.24563e-06
4.11558e-06
3.98929e-06
3.86745e-06
3.74892e-06
3.63379e-06
3.52227e-06
3.41419e-06
3.30948e-06
3.20805e-06
3.10971e-06
3.01442e-06
2.92206e-06
2.83189e-06
2.74506e-06
2.66099e-06
