0.777701
0.75903
0.728942
0.717225
0.707193
0.710042
0.713291
0.721537
0.730426
0.754361
0.754648
0.764284
0.761918
0.763836
0.76365
0.752913
0.756983
0.757599
0.770463
0.759373
0.764629
0.770152
0.784269
0.780094
0.804138
0.795803
0.812573
0.816188
0.855111
0.874559
0.886317
0.89499
0.90506
0.90687
0.912344
0.911047
0.914512
0.921337
0.919267
0.958144
0.932531
0.932691
0.921171
0.934752
0.928822
0.94575
0.96826
0.986211
1.0242
1.10224
1.19193
1.2206
1.24648
1.30791
1.32178
1.39037
1.39631
1.43339
1.44135
1.549
1.38428
1.26852
1.28463
1.32507
1.39094
1.43066
1.34252
1.39469
1.42538
1.42023
1.46656
1.35059
1.31795
1.32752
1.32995
1.33268
1.32838
1.34412
1.34365
1.34478
1.34198
1.36458
1.36331
1.377
1.37717
1.3795
1.37561
1.39657
1.40332
1.40419
1.41027
1.41361
1.42582
1.42348
1.44289
1.42668
1.45127
1.43177
1.44616
1.43231
1.44966
1.45936
1.50139
1.48138
1.48463
1.4744
1.47635
1.47126
1.46356
1.48847
1.46616
1.48965
1.46782
1.45456
1.4892
1.49687
1.46522
1.48431
1.47111
1.47148
1.46185
1.48532
1.46739
1.49176
1.45406
1.46553
1.44491
1.4561
1.46793
1.45798
1.45624
1.44864
1.436
1.44888
1.43666
1.44336
1.44806
1.43639
1.45271
1.45619
1.43028
1.44804
1.44361
1.44612
1.45159
1.44822
1.42529
1.43416
1.4142
1.41577
1.42784
1.4435
1.42798
1.42199
1.43213
1.42196
1.40397
1.4205
1.43385
1.41658
1.40453
1.40114
1.37196
1.40735
1.38304
1.36137
1.3925
1.36175
1.37883
1.36253
1.35816
1.35024
1.34344
1.33976
1.34876
1.36471
1.34333
1.33754
1.32068
1.33196
1.32504
1.33117
1.32498
1.3097
1.30955
1.33318
1.31616
1.3071
1.29768
1.30234
1.30017
1.30679
1.29862
1.30324
1.2948
1.29436
1.30218
1.31154
1.29842
1.27885
1.29414
1.30163
1.30138
1.28866
1.32936
1.30223
1.3131
1.28859
1.29099
1.30153
1.29173
1.28822
1.29459
1.28664
1.28052
1.29588
1.29581
1.2647
1.27997
1.28763
1.27724
1.27013
1.26655
1.27515
1.27104
1.26483
1.28817
1.2772
1.26115
1.26996
1.24487
1.25246
1.25104
1.23868
1.23981
1.2548
1.24075
1.23001
1.23046
1.22238
1.2176
1.2256
1.22493
1.21035
1.22028
1.2223
1.22138
1.21933
1.20538
1.20949
1.20876
1.20473
1.21194
1.19876
1.20287
1.18437
1.19335
1.17924
1.18809
1.19675
1.19342
1.18801
1.18698
1.19376
1.18875
1.19124
1.18889
1.18728
1.18762
1.18162
1.18727
1.18405
1.17507
1.17951
1.18168
1.16612
1.18782
1.18649
1.1719
1.17532
1.16145
1.15221
1.15961
1.15379
1.15672
1.15101
1.14529
1.14816
1.14287
1.14578
1.15982
1.13783
1.1353
1.14316
1.13778
1.14037
1.12888
1.13461
1.1385
1.11817
1.11719
1.11303
1.12783
1.11719
1.11983
1.11045
1.12149
1.10386
1.10097
1.11644
1.10249
1.10045
1.11375
1.10814
1.11063
1.10242
1.09007
1.09971
1.09961
1.09823
1.10109
1.08927
1.08893
1.08232
1.07303
1.08528
1.08688
1.07331
1.07098
1.06507
1.07986
1.0798
1.06848
1.08621
1.07236
1.06042
1.05647
1.06155
1.0514
1.0471
1.04202
1.06062
1.06624
1.05288
1.05454
1.04399
1.07086
1.05797
1.0611
1.0473
1.04628
1.0493
1.06411
1.05741
1.05408
1.0524
1.03812
1.03818
1.05325
1.05269
1.0427
1.04767
1.05176
1.03999
1.04562
1.04661
1.0343
1.04219
1.02581
1.03097
1.03187
1.03025
1.02577
1.02873
1.02438
1.0298
1.02897
1.02491
1.01527
1.024
1.02064
1.02215
1.01904
1.03544
1.03165
1.02687
1.016
1.00991
1.02075
1.01073
1.0181
1.0165
1.00732
1.01554
1.01217
1.01977
1.00732
1.00613
0.997743
0.997902
0.99564
0.997336
1.00743
0.988039
0.996897
0.996998
1.00046
0.99132
0.989169
0.983232
0.986765
0.970021
0.981044
0.975679
0.973682
0.978126
0.962304
0.99061
0.967486
0.9736
0.967153
0.963694
0.967646
0.973943
0.95764
0.961799
0.955959
0.95638
0.955422
0.945384
0.955002
0.958132
0.961194
0.943789
0.943199
0.950033
0.964216
0.943288
0.942496
0.936261
0.936595
0.936627
0.936995
0.931097
0.930235
0.932707
0.930166
0.932673
0.926164
0.927117
0.931886
0.927389
0.934128
0.920561
0.925395
0.92226
0.916548
0.915466
0.91008
0.914523
0.922209
0.916244
0.915966
0.909461
0.912673
0.910138
0.913795
0.910814
0.906892
0.908657
0.889973
0.902001
0.905849
0.900229
0.899548
0.893454
0.894299
0.902568
0.891991
0.884399
0.890108
0.890301
0.884652
0.878068
0.887542
0.879319
0.885477
0.884764
0.910072
0.896218
0.89508
0.87551
0.86366
0.872947
0.862244
0.867245
0.867384
0.868677
0.877963
0.868661
0.865351
0.876008
0.870244
0.858464
0.854838
0.86907
0.856734
0.858761
0.849208
0.849099
0.867803
0.858747
0.842804
0.844734
0.851313
