369.838
77.661
85.3502
65.0413
44.787
31.989
31.245
37.0128
37.8761
36.4766
34.4364
31.7226
27.1799
20.6597
17.3816
17.4256
15.5799
13.9254
10.755
8.39376
6.96354
4.42709
9.45275
11.0434
13.8212
13.9649
14.9194
15.659
15.8313
20.0576
22.6774
19.7477
21.5704
20.02
22.3868
21.8516
22.8272
23.0231
23.4257
23.8174
24.0645
24.2144
24.4327
24.4904
24.5759
24.6818
24.5616
24.4985
24.5367
24.5776
24.4654
24.3311
24.7625
24.6204
24.273
25.1828
24.8803
24.3111
24.9252
24.6072
23.7611
24.2115
24.012
24.9128
22.3496
23.5219
22.9516
23.2548
23.0541
23.2759
23.05
22.7902
22.9739
22.7292
22.6701
22.7849
22.7859
22.794
21.8718
21.4891
20.882
20.2965
19.6786
19.0258
18.1615
17.4174
17.4383
17.4481
17.4554
17.4666
17.2281
16.9054
16.7252
16.3857
16.053
15.6594
15.277
14.8026
13.9843
13.6796
13.6614
13.6559
13.5298
13.2935
13.0065
12.71
12.4038
11.9185
10.8428
10.8155
10.5584
10.265
10.0238
9.89075
9.76464
9.64653
9.48526
9.31399
9.12071
8.85807
8.4746
8.37101
8.13199
7.99638
7.66955
6.85993
6.67772
6.59912
6.47096
6.29738
6.053
5.68245
5.95475
6.06743
6.11586
6.18075
6.24965
6.24891
6.29414
7.21092
7.11024
7.22552
7.29439
7.34027
7.36717
7.41523
7.42499
7.45893
7.45207
7.48745
7.53006
7.56376
7.59784
7.59689
7.6336
7.63155
7.62749
7.6615
7.65537
7.65442
7.74787
7.95343
7.93049
7.96738
8.03439
7.97276
8.01981
7.94402
8.01757
7.99592
7.99186
7.97934
7.97339
7.97727
7.99112
7.99933
7.98393
7.97543
7.96077
7.96707
7.98237
7.97617
8.00943
7.9654
7.92382
7.96373
7.93024
7.93171
7.90299
7.90379
7.88899
7.90745
7.87121
7.85664
7.85281
7.81308
7.81207
7.81409
7.77577
7.70396
7.7309
7.68778
7.68569
7.62656
7.62229
7.57515
7.53864
7.47745
7.46097
7.85047
7.3009
7.34401
7.26196
7.17863
6.69246
6.69258
6.72076
6.6703
6.66439
6.69409
6.63913
6.59547
6.57615
6.58612
6.56602
6.54479
6.52635
6.48115
6.4665
6.43566
6.39893
6.30832
6.23274
6.06174
6.02525
5.92904
5.84311
5.73292
5.38124
5.43586
5.46408
5.41766
5.41557
5.38768
5.37821
5.33963
5.3354
5.28526
5.25316
5.21698
5.19482
5.16702
5.11505
5.06666
5.03418
4.94474
4.89144
4.80089
4.75361
4.69751
4.6113
4.5539
4.44778
4.19903
4.07654
4.05151
4.00436
3.97878
3.95745
3.92462
3.87857
3.84322
3.79279
3.76111
3.72225
3.67576
3.65777
3.61663
3.57066
3.5306
3.48243
3.42469
3.39143
3.35711
3.31836
3.27116
3.22518
3.19737
3.15584
3.11456
3.1099
3.03795
2.98831
2.9556
2.93392
2.88792
2.82859
2.81408
2.7788
2.72757
2.68637
2.64459
2.65565
2.58303
2.55833
2.52604
2.49823
2.45856
2.41371
2.42914
2.34326
2.34781
2.31163
2.2878
2.26905
2.21617
2.20731
2.17069
2.14659
2.12717
2.10884
2.04878
2.07011
1.97716
2.0345
1.91626
2.02493
1.81401
2.05474
1.57041
1.23357
2.69122
1.24331
2.28678
1.33465
2.21355
1.47137
2.13082
1.44571
2.03294
1.52442
2.04334
1.52612
1.94682
1.49287
1.94135
1.24784
1.82226
1.23529
1.78965
1.22039
1.20155
1.63262
1.20955
2.2527
1.33732
1.9136
1.21243
1.86285
1.2267
1.65373
1.22231
1.5342
1.21473
1.19822
1.2209
1.18659
1.95701
1.33163
1.57853
1.22853
1.66213
1.2015
1.72827
1.19857
1.37974
1.20362
1.17693
1.18958
1.17695
1.1948
1.17459
1.69647
1.21097
1.46845
1.20099
1.36708
1.18442
1.3276
1.18525
1.17112
1.19103
1.16134
1.47481
1.18646
1.39009
1.18263
1.29125
1.17185
1.15033
1.17166
1.14961
1.27026
1.20617
1.23719
1.17295
1.15479
1.27579
1.16677
1.2232
1.16127
1.19003
1.15558
1.17198
1.14948
1.13103
1.1364
1.14298
1.22973
1.14803
1.12084
1.13938
1.14201
1.1486
1.13219
1.1359
1.13035
1.10889
1.10928
1.09935
1.10712
1.15412
1.13552
1.0962
1.09617
1.10231
1.11802
1.09572
1.11689
1.08884
1.08968
1.08935
1.09019
1.08362
1.0825
1.08488
1.08305
1.08467
1.07875
1.07936
1.08409
1.07945
1.08707
1.07383
1.07839
1.07686
1.0697
1.06844
1.06464
1.06726
1.07531
1.06916
1.06961
1.06227
1.06557
1.06342
1.06666
1.06409
1.0599
1.06161
1.04304
1.05554
1.05869
1.05482
1.05249
1.04724
1.04692
1.0546
1.04431
1.03725
1.0438
1.04267
1.03708
1.03063
1.03989
1.03152
1.03805
1.03699
1.06221
1.0494
1.04705
1.02836
1.0164
1.02577
1.0144
1.02012
1.0215
1.02098
1.03035
1.02097
1.01843
1.02809
1.0227
1.01078
1.00893
1.02112
1.00917
1.01277
1.00242
1.00208
1.02113
1.011
0.995564
0.997074
1.00451
