1.60386
1.33142
1.05783
0.870508
0.766983
-0.74591
-0.733048
-0.721205
-0.710262
-0.700115
-0.690672
-0.681852
-0.673585
-0.66581
-0.658471
-0.651521
-0.64492
-0.638629
-0.632617
-0.626855
-0.621318
-0.615985
-0.610836
-0.605854
-0.601024
-0.596332
-0.591767
-0.587319
-0.582978
-0.578736
-0.574586
-0.570521
-0.566536
-0.562625
-0.558783
-0.555008
-0.551294
-0.547639
-0.544039
-0.540493
-0.536996
-0.533548
-0.530146
-0.526788
-0.523473
-0.520198
-0.516963
-0.513766
-0.510606
-0.507482
-0.504392
-0.501336
-0.498313
-0.495322
-0.492361
-0.489431
-0.48653
-0.483658
-0.480814
-0.477997
-0.475207
-0.472444
-0.469706
-0.466993
-0.464305
-0.461641
-0.459001
-0.456384
-0.45379
-0.451218
-0.448668
-0.44614
-0.443633
-0.441146
-0.43868
-0.436234
-0.433808
-0.431401
-0.429014
-0.426645
-0.424295
-0.421962
-0.419648
-0.417351
-0.415072
-0.41281
-0.410565
-0.408336
-0.406123
-0.403927
-0.401747
-0.399582
-0.397432
-0.395298
-0.393179
-0.391075
-0.388985
-0.38691
-0.384849
-0.382802
-0.380768
-0.378749
-0.376743
-0.37475
-0.372771
-0.370804
-0.368851
-0.36691
-0.364981
-0.363065
-0.361162
-0.35927
-0.35739
-0.355535
-0.353667
-0.351822
-0.349989
-0.348168
-0.346357
-0.344558
-0.34277
-0.340992
-0.339226
-0.33747
-0.335724
-0.333989
-0.332264
-0.33055
-0.328846
-0.327151
-0.325467
-0.323792
-0.322128
-0.320473
-0.318827
-0.317191
-0.315565
-0.313948
-0.31234
-0.310741
-0.309152
-0.307571
-0.305999
-0.304436
-0.302882
-0.301337
-0.2998
-0.298272
-0.296752
-0.295241
-0.293738
-0.292243
-0.290757
-0.289279
-0.287809
-0.286347
-0.284893
-0.283447
-0.282008
-0.280578
-0.279155
-0.27774
-0.276333
-0.274933
-0.273541
-0.272156
-0.270779
-0.269409
-0.268046
-0.266691
-0.265343
-0.264002
-0.262668
-0.261341
-0.260022
-0.258709
-0.257403
-0.256104
-0.254812
-0.253527
-0.252248
-0.250976
-0.249711
-0.248453
-0.247201
-0.245955
-0.244717
-0.243484
-0.242258
-0.241039
-0.239825
-0.238618
-0.237417
-0.236223
-0.235035
-0.233853
-0.232677
-0.231507
-0.230343
-0.229185
-0.228033
-0.226887
-0.225747
-0.224613
-0.223484
-0.222362
-0.221245
-0.220134
-0.219029
-0.217929
-0.216835
-0.215746
-0.214664
-0.213586
-0.212514
-0.211448
-0.210387
-0.209331
-0.208281
-0.207236
-0.206197
-0.205163
-0.204134
-0.20311
-0.202092
-0.201078
-0.20007
-0.199067
-0.198069
-0.197076
-0.196088
-0.195106
-0.194128
-0.193155
-0.192187
-0.191224
-0.190266
-0.189312
-0.188364
-0.18742
-0.186481
-0.185547
-0.184618
-0.183693
-0.182773
-0.181858
-0.180947
-0.180041
-0.179139
-0.178242
-0.177349
-0.176461
-0.175578
-0.174699
-0.173824
-0.172954
-0.172088
-0.171226
-0.170369
-0.169516
-0.168668
-0.167823
-0.166983
-0.166148
-0.165316
-0.164488
-0.163665
-0.162846
-0.162031
-0.16122
-0.160413
-0.15961
-0.158812
-0.158017
-0.157226
-0.156439
-0.155657
-0.154878
-0.154103
-0.153332
-0.152565
-0.151801
-0.151042
-0.150286
-0.149534
-0.148786
-0.148042
-0.147301
-0.146564
-0.145831
-0.145101
-0.144375
-0.143653
-0.142935
-0.142219
-0.141508
-0.1408
-0.140096
-0.139395
-0.138698
-0.138004
-0.137314
-0.136627
-0.135943
-0.135263
-0.134587
-0.133913
-0.133244
-0.132577
-0.131914
-0.131254
-0.130598
-0.129945
-0.129295
-0.128648
-0.128005
-0.127364
-0.126727
-0.126094
-0.125463
-0.124836
-0.124211
-0.12359
-0.122972
-0.122357
-0.121745
-0.121136
-0.12053
-0.119928
-0.119328
-0.118731
-0.118137
-0.117547
-0.116959
-0.116374
-0.115792
-0.115213
-0.114637
-0.114063
-0.113493
-0.112925
-0.112361
-0.111799
-0.11124
-0.110683
-0.11013
-0.109579
-0.109031
-0.108486
-0.107943
-0.107404
-0.106867
-0.106332
-0.1058
-0.105271
-0.104745
-0.104221
-0.1037
-0.103182
-0.102666
-0.102152
-0.101641
-0.101133
-0.100627
-0.100124
-0.0996236
-0.0991255
-0.0986298
-0.0981366
-0.0976459
-0.0971576
-0.0966718
-0.0961884
-0.0957075
-0.0952289
-0.0947527
-0.0942789
-0.0938075
-0.0933385
-0.0928717
-0.0924074
-0.0919453
-0.0914856
-0.0910281
-0.0905729
-0.0901201
-0.0896694
-0.0892211
-0.088775
-0.0883311
-0.0878894
-0.0874499
-0.0870127
-0.0865776
-0.0861447
-0.085714
-0.0852854
-0.0848589
-0.0844346
-0.0840124
-0.0835924
-0.0831744
-0.0827585
-0.0823447
-0.081933
-0.0815233
-0.0811157
-0.0807101
-0.0803066
-0.079905
-0.0795055
-0.0791079
-0.0787124
-0.0783188
-0.0779272
-0.0775376
-0.0771499
-0.0767642
-0.0763803
-0.0759984
-0.0756184
-0.0752403
-0.0748641
-0.0744898
-0.0741174
-0.0737468
-0.073378
-0.0730111
-0.0726461
-0.0722828
-0.0719214
-0.0715618
-0.071204
-0.070848
-0.0704938
-0.0701413
-0.0697906
-0.0694416
-0.0690944
-0.0687489
-0.0684052
-0.0680632
-0.0677229
-0.0673842
-0.0670473
-0.0667121
-0.0663785
-0.0660466
-0.0657164
-0.0653878
-0.0650609
-0.0647356
-0.0644119
-0.0640899
-0.0637694
-0.0634506
-0.0631333
-0.0628176
-0.0625036
-0.062191
-0.0618801
-0.0615707
-0.0612628
-0.0609565
-0.0606518
-0.0603485
-0.0600468
-0.0597465
-0.0594478
-0.0591506
-0.0588548
-0.0585605
-0.0582677
-0.0579764
-0.0576865
-0.0573981
-0.0571111
-0.0568256
-0.0565414
-0.0562587
-0.0559774
-0.0556976
-0.0554191
-0.055142
-0.0548663
-0.0545919
-0.054319
-0.0540474
-0.0537772
-0.0535083
-0.0532407
-0.0529745
-0.0527097
-0.0524461
-0.0521839
-0.051923
-0.0516634
-0.0514051
-0.051148
-0.0508923
-0.0506379
-0.0503847
-0.0501328
-0.0498821
-0.0496327
-0.0493845
-0.0491376
-0.0488919
-0.0486475
-0.0484042
-0.0481622
-0.0479214
-0.0476818
-0.0474434
-0.0472062
-0.0469702
-0.0467353
-0.0465016
-0.0462691
-0.0460378
-0.0458076
-0.0455786
-0.0453507
-0.0451239
-0.0448983
-0.0446738
-0.0444505
-0.0442282
-0.0440071
-0.0437871
-0.0435681
-0.0433503
-0.0431335
-0.0429179
-0.0427033
-0.0424898
-0.0422773
-0.042066
-0.0418556
-0.0416464
-0.0414381
-0.0412309
-0.0410248
-0.0408197
-0.0406156
-0.0404125
-0.0402104
-0.0400094
-0.0398094
-0.0396103
-0.0394123
-0.0392152
-0.0390191
-0.038824
-0.0386299
-0.0384368
-0.0382446
-0.0380534
-0.0378631
-0.0376738
-0.0374854
-0.037298
-0.0371115
-0.036926
-0.0367414
-0.0365577
-0.0363749
-0.036193
-0.036012
-0.035832
-0.0356528
-0.0354746
-0.0352972
-0.0351207
-0.0349451
-0.0347704
-0.0345966
-0.0344236
-0.0342515
-0.0340802
-0.0339098
-0.0337403
-0.0335716
-0.0334037
-0.0332367
-0.0330705
-0.0329052
-0.0327407
-0.032577
-0.0324141
-0.032252
-0.0320908
-0.0319303
-0.0317707
-0.0316118
-0.0314537
-0.0312965
-0.03114
-0.0309843
-0.0308294
-0.0306753
-0.0305219
-0.0303693
-0.0302174
-0.0300663
-0.029916
-0.0297664
-0.0296176
-0.0294695
-0.0293222
-0.0291756
-0.0290297
-0.0288846
-0.0287401
-0.0285964
-0.0284535
-0.0283112
-0.0281697
-0.0280288
-0.0278887
-0.0277492
-0.0276105
-0.0274724
-0.0273351
-0.0271984
-0.0270624
-0.0269271
-0.0267925
-0.0266585
-0.0265252
-0.0263926
-0.0262607
-0.0261294
-0.0259987
-0.0258687
-0.0257394
-0.0256107
-0.0254826
-0.0253552
-0.0252285
-0.0251023
-0.0249768
-0.0248519
-0.0247277
-0.024604
-0.024481
-0.0243586
-0.0242368
-0.0241157
-0.0239951
-0.0238751
-0.0237557
-0.023637
-0.0235188
-0.0234012
-0.0232842
-0.0231678
-0.0230519
-0.0229367
-0.022822
-0.0227079
-0.0225944
-0.0224814
-0.022369
-0.0222571
-0.0221459
-0.0220351
-0.021925
-0.0218153
-0.0217063
-0.0215977
-0.0214898
-0.0213823
-0.0212754
-0.021169
-0.0210632
-0.0209579
-0.0208531
-0.0207488
-0.0206451
-0.0205419
-0.0204392
-0.020337
-0.0202353
-0.0201341
-0.0200334
-0.0199333
-0.0198336
-0.0197345
-0.0196358
-0.0195376
-0.0194399
-0.0193427
-0.019246
-0.0191498
-0.0190541
-0.0189588
-0.018864
-0.0187697
-0.0186758
-0.0185825
-0.0184895
-0.0183971
-0.0183051
-0.0182136
-0.0181225
-0.0180319
-0.0179418
-0.0178521
-0.0177628
-0.017674
-0.0175856
-0.0174977
-0.0174102
-0.0173232
-0.0172366
-0.0171504
-0.0170646
-0.0169793
-0.0168944
-0.01681
-0.0167259
-0.0166423
-0.0165591
-0.0164763
-0.0163939
-0.0163119
-0.0162304
-0.0161492
-0.0160685
-0.0159881
-0.0159082
-0.0158287
-0.0157495
-0.0156708
-0.0155924
-0.0155145
-0.0154369
-0.0153597
-0.0152829
-0.0152065
-0.0151305
-0.0150548
-0.0149796
-0.0149047
-0.0148302
-0.014756
-0.0146822
-0.0146088
-0.0145358
-0.0144631
-0.0143908
-0.0143188
-0.0142473
-0.014176
-0.0141051
-0.0140346
-0.0139645
-0.0138946
-0.0138252
-0.013756
-0.0136873
-0.0136188
-0.0135507
-0.013483
-0.0134156
-0.0133485
-0.0132818
-0.0132154
-0.0131493
-0.0130835
-0.0130181
-0.012953
-0.0128883
-0.0128238
-0.0127597
-0.0126959
-0.0126325
-0.0125693
-0.0125064
-0.0124439
-0.0123817
-0.0123198
-0.0122582
-0.0121969
-0.0121359
-0.0120753
-0.0120149
-0.0119548
-0.011895
-0.0118356
-0.0117764
-0.0117175
-0.0116589
-0.0116006
-0.0115426
-0.0114849
-0.0114275
-0.0113704
-0.0113135
-0.011257
-0.0112007
-0.0111447
-0.011089
-0.0110335
-0.0109784
-0.0109235
-0.0108688
-0.0108145
-0.0107604
-0.0107066
-0.0106531
-0.0105998
-0.0105468
-0.0104941
-0.0104416
-0.0103894
-0.0103375
-0.0102858
-0.0102344
-0.0101832
-0.0101323
-0.0100816
-0.0100312
-0.00998109
-0.00993119
-0.00988153
-0.00983213
-0.00978297
-0.00973406
-0.00968539
-0.00963697
-0.00958879
-0.00954085
-0.00949314
-0.00944568
-0.00939846
-0.00935147
-0.00930471
-0.00925819
-0.0092119
-0.00916585
-0.00912002
-0.00907442
-0.00902905
-0.00898391
-0.00893899
-0.0088943
-0.00884983
-0.00880559
-0.00876156
-0.00871776
-0.00867417
-0.0086308
-0.00858765
-0.00854472
-0.008502
-0.00845949
-0.00841719
-0.00837511
-0.00833324
-0.00829158
-0.00825012
-0.00820887
-0.00816783
-0.00812699
-0.00808636
-0.00804593
-0.00800571
-0.00796568
-0.00792586
-0.00788623
-0.0078468
-0.00780757
-0.00776853
-0.00772969
-0.00769105
-0.0076526
-0.00761434
-0.00757627
-0.00753839
-0.0075007
-0.0074632
-0.00742588
-0.00738876
-0.00735182
-0.00731506
-0.00727849
-0.0072421
-0.00720589
-0.00716986
-0.00713402
-0.00709835
-0.00706286
-0.00702755
-0.00699241
-0.00695746
-0.00692267
-0.00688806
-0.00685362
-0.00681936
-0.00678526
-0.00675134
-0.00671759
-0.006684
-0.00665058
-0.00661733
-0.00658425
-0.00655133
-0.00651858
-0.00648599
-0.00645356
-0.00642129
-0.00638919
-0.00635725
-0.00632546
-0.00629384
-0.00626237
-0.00623106
-0.00619991
-0.00616891
-0.00613807
-0.00610738
-0.00607685
-0.00604647
-0.00601624
-0.00598616
-0.00595623
-0.00592645
-0.00589682
-0.00586734
-0.00583801
-0.00580882
-0.00577978
-0.00575088
-0.00572213
-0.00569352
-0.00566506
-0.00563673
-0.00560855
-0.00558051
-0.00555261
-0.00552485
-0.00549723
-0.00546975
-0.0054424
-0.00541519
-0.00538812
-0.00536118
-0.00533438
-0.00530771
-0.00528117
-0.00525477
-0.0052285
-0.00520236
-0.00517635
-0.00515047
-0.00512472
-0.0050991
-0.0050736
-0.00504824
-0.005023
-0.00499789
-0.0049729
-0.00494804
-0.0049233
-0.00489869
-0.0048742
-0.00484983
-0.00482558
-0.00480146
-0.00477745
-0.00475357
-0.0047298
-0.00470616
-0.00468263
-0.00465922
-0.00463592
-0.00461275
-0.00458968
-0.00456674
-0.00454391
-0.00452119
-0.00449859
-0.0044761
-0.00445372
-0.00443145
-0.0044093
-0.00438725
-0.00436532
-0.0043435
-0.00432178
-0.00430017
-0.00427868
-0.00425728
-0.004236
-0.00421482
-0.00419375
-0.00417279
-0.00415192
-0.00413117
-0.00411051
-0.00408996
-0.00406952
-0.00404917
-0.00402893
-0.00400879
-0.00398874
-0.0039688
-0.00394896
-0.00392922
-0.00390957
-0.00389003
-0.00387058
-0.00385123
-0.00383198
-0.00381282
-0.00379376
-0.00377479
-0.00375592
-0.00373714
-0.00371846
-0.00369987
-0.00368137
-0.00366297
-0.00364466
-0.00362644
-0.00360831
-0.00359027
-0.00357232
-0.00355446
-0.00353669
-0.00351901
-0.00350141
-0.00348391
-0.00346649
-0.00344916
-0.00343192
-0.00341476
-0.00339769
-0.00338071
-0.0033638
-0.00334699
-0.00333025
-0.00331361
-0.00329704
-0.00328056
-0.00326416
-0.00324784
-0.0032316
-0.00321545
-0.00319937
-0.00318338
-0.00316746
-0.00315163
-0.00313587
-0.00312019
-0.0031046
-0.00308907
-0.00307363
-0.00305827
-0.00304298
-0.00302776
-0.00301263
-0.00299757
-0.00298258
-0.00296767
-0.00295284
-0.00293807
-0.00292339
-0.00290877
-0.00289423
-0.00287976
-0.00286536
-0.00285104
-0.00283679
-0.00282261
-0.00280849
-0.00279445
-0.00278048
-0.00276658
-0.00275275
-0.00273899
-0.0027253
-0.00271168
-0.00269812
-0.00268463
-0.00267121
-0.00265786
-0.00264457
-0.00263135
-0.0026182
-0.00260511
-0.00259208
-0.00257913
-0.00256623
-0.0025534
-0.00254064
-0.00252794
-0.0025153
-0.00250273
-0.00249021
-0.00247777
-0.00246538
-0.00245305
-0.00244079
-0.00242859
-0.00241645
-0.00240437
-0.00239235
-0.00238039
-0.00236849
-0.00235665
-0.00234487
-0.00233315
-0.00232148
-0.00230988
-0.00229833
-0.00228684
-0.00227541
-0.00226404
-0.00225272
-0.00224146
-0.00223025
-0.0022191
-0.00220801
-0.00219697
-0.00218599
-0.00217506
-0.00216419
-0.00215337
-0.00214261
-0.00213189
-0.00212124
-0.00211063
-0.00210008
-0.00208958
-0.00207914
-0.00206874
-0.0020584
-0.00204811
-0.00203788
-0.00202769
-0.00201755
-0.00200747
-0.00199743
-0.00198745
-0.00197751
-0.00196763
-0.00195779
-0.001948
-0.00193827
-0.00192858
-0.00191894
-0.00190934
-0.0018998
-0.0018903
-0.00188085
-0.00187145
-0.0018621
-0.00185279
-0.00184353
-0.00183431
-0.00182514
-0.00181602
-0.00180694
-0.00179791
-0.00178892
-0.00177998
-0.00177108
-0.00176223
-0.00175342
-0.00174466
-0.00173594
-0.00172726
-0.00171862
-0.00171003
-0.00170149
-0.00169298
-0.00168452
-0.0016761
-0.00166772
-0.00165938
-0.00165109
-0.00164284
-0.00163462
-0.00162645
-0.00161832
-0.00161023
-0.00160219
-0.00159418
-0.00158621
-0.00157828
-0.00157039
-0.00156254
-0.00155473
-0.00154696
-0.00153923
-0.00153153
-0.00152388
-0.00151626
-0.00150868
-0.00150114
-0.00149364
-0.00148617
-0.00147874
-0.00147135
-0.001464
-0.00145668
-0.0014494
-0.00144215
-0.00143495
-0.00142777
-0.00142064
-0.00141354
-0.00140647
-0.00139944
-0.00139245
-0.00138549
-0.00137856
-0.00137167
-0.00136481
-0.00135799
-0.0013512
-0.00134445
-0.00133773
-0.00133104
-0.00132439
-0.00131777
-0.00131119
-0.00130463
-0.00129811
-0.00129162
-0.00128517
-0.00127874
-0.00127235
-0.00126599
-0.00125966
-0.00125337
-0.0012471
-0.00124087
-0.00123467
-0.0012285
-0.00122236
-0.00121625
-0.00121017
-0.00120412
-0.0011981
-0.00119211
-0.00118616
-0.00118023
-0.00117433
-0.00116846
-0.00116262
-0.00115681
-0.00115103
-0.00114527
-0.00113955
-0.00113385
-0.00112819
-0.00112255
-0.00111694
-0.00111136
-0.0011058
-0.00110027
-0.00109477
-0.0010893
-0.00108386
-0.00107844
-0.00107305
-0.00106769
-0.00106235
-0.00105704
-0.00105176
-0.0010465
-0.00104127
-0.00103607
-0.00103089
-0.00102574
-0.00102061
-0.00101551
-0.00101044
-0.00100539
-0.00100036
-0.000995362
-0.000990388
-0.000985438
-0.000980513
-0.000975613
-0.000970737
-0.000965885
-0.000961058
-0.000956255
-0.000951476
-0.000946721
-0.000941989
-0.000937282
-0.000932597
-0.000927937
-0.000923299
-0.000918685
-0.000914094
-0.000909525
-0.00090498
-0.000900457
-0.000895957
-0.00089148
-0.000887024
-0.000882591
-0.000878181
-0.000873792
-0.000869425
-0.00086508
-0.000860757
-0.000856455
-0.000852175
-0.000847917
-0.000843679
-0.000839463
-0.000835268
-0.000831094
-0.00082694
-0.000822808
-0.000818696
-0.000814605
-0.000810534
-0.000806483
-0.000802453
-0.000798443
-0.000794453
-0.000790483
-0.000786533
-0.000782602
-0.000778691
-0.0007748
-0.000770928
-0.000767076
-0.000763242
-0.000759428
-0.000755633
-0.000751857
-0.0007481
-0.000744362
-0.000740642
-0.000736941
-0.000733259
-0.000729595
-0.000725949
-0.000722321
-0.000718712
-0.00071512
-0.000711547
-0.000707991
-0.000704453
-0.000700933
-0.000697431
-0.000693946
-0.000690478
-0.000687028
-0.000683595
-0.000680179
-0.00067678
-0.000673399
-0.000670034
-0.000666686
-0.000663354
-0.00066004
-0.000656742
-0.00065346
-0.000650195
-0.000646946
-0.000643714
-0.000640497
-0.000637297
-0.000634112
-0.000630944
-0.000627791
-0.000624655
-0.000621533
-0.000618428
-0.000615338
-0.000612263
-0.000609204
-0.00060616
-0.000603132
-0.000600118
-0.00059712
-0.000594136
-0.000591167
-0.000588214
-0.000585275
-0.000582351
-0.000579441
-0.000576546
-0.000573665
-0.000570799
-0.000567947
-0.000565109
-0.000562286
-0.000559477
-0.000556681
-0.0005539
-0.000551133
-0.000548379
-0.000545639
-0.000542913
-0.000540201
-0.000537502
-0.000534816
-0.000532145
-0.000529486
-0.000526841
-0.000524208
-0.000521589
-0.000518984
-0.000516391
-0.000513811
-0.000511244
-0.00050869
-0.000506148
-0.00050362
-0.000501104
-0.0004986
-0.000496109
-0.000493631
-0.000491165
-0.000488711
-0.00048627
-0.00048384
-0.000481423
-0.000479018
-0.000476625
-0.000474244
-0.000471875
-0.000469518
-0.000467172
-0.000464838
-0.000462516
-0.000460206
-0.000457907
-0.000455619
-0.000453343
-0.000451078
-0.000448825
-0.000446583
-0.000444352
-0.000442133
-0.000439924
-0.000437726
-0.00043554
-0.000433364
-0.000431199
-0.000429046
-0.000426903
-0.00042477
-0.000422648
-0.000420537
-0.000418436
-0.000416346
-0.000414266
-0.000412197
-0.000410138
-0.000408089
-0.000406051
-0.000404023
-0.000402005
-0.000399997
-0.000397999
-0.000396011
-0.000394033
-0.000392065
-0.000390106
-0.000388158
-0.000386219
-0.00038429
-0.000382371
-0.000380461
-0.000378561
-0.00037667
-0.000374788
-0.000372917
-0.000371054
-0.000369201
-0.000367357
-0.000365522
-0.000363696
-0.00036188
-0.000360072
-0.000358274
-0.000356485
-0.000354704
-0.000352933
-0.00035117
-0.000349416
-0.000347671
-0.000345935
-0.000344207
-0.000342488
-0.000340778
-0.000339076
-0.000337382
-0.000335697
-0.000334021
-0.000332353
-0.000330693
-0.000329042
-0.000327398
-0.000325763
-0.000324136
-0.000322518
-0.000320907
-0.000319305
-0.00031771
-0.000316123
-0.000314545
-0.000312974
-0.000311411
-0.000309856
-0.000308309
-0.000306769
-0.000305237
-0.000303713
-0.000302197
-0.000300688
-0.000299186
-0.000297692
-0.000296206
-0.000294727
-0.000293255
-0.000291791
-0.000290334
-0.000288884
-0.000287442
-0.000286006
-0.000284578
-0.000283157
-0.000281744
-0.000280337
-0.000278937
-0.000277544
-0.000276159
-0.00027478
-0.000273408
-0.000272043
-0.000270684
-0.000269333
-0.000267988
-0.00026665
-0.000265319
-0.000263994
-0.000262677
-0.000261365
-0.00026006
-0.000258761
-0.00025747
-0.000256184
-0.000254905
-0.000253633
-0.000252367
-0.000251107
-0.000249853
-0.000248605
-0.000247365
-0.00024613
-0.000244901
-0.000243678
-0.000242462
-0.000241252
-0.000240047
-0.000238849
-0.000237656
-0.00023647
-0.00023529
-0.000234115
-0.000232946
-0.000231783
-0.000230626
-0.000229475
-0.00022833
-0.00022719
-0.000226056
-0.000224928
-0.000223805
-0.000222688
-0.000221577
-0.00022047
-0.00021937
-0.000218275
-0.000217186
-0.000216101
-0.000215023
-0.00021395
-0.000212882
-0.000211819
-0.000210762
-0.00020971
-0.000208663
-0.000207622
-0.000206586
-0.000205555
-0.000204529
-0.000203508
-0.000202492
-0.000201482
-0.000200476
-0.000199476
-0.00019848
-0.00019749
-0.000196504
-0.000195523
-0.000194548
-0.000193577
-0.000192611
-0.00019165
-0.000190693
-0.000189742
-0.000188795
-0.000187853
-0.000186915
-0.000185982
-0.000185055
-0.000184131
-0.000183212
-0.000182298
-0.000181388
-0.000180483
-0.000179583
-0.000178687
-0.000177795
-0.000176908
-0.000176025
-0.000175147
-0.000174273
-0.000173404
-0.000172538
-0.000171678
-0.000170821
-0.000169969
-0.000169121
-0.000168277
-0.000167437
-0.000166602
-0.000165771
-0.000164944
-0.000164121
-0.000163302
-0.000162487
-0.000161677
-0.00016087
-0.000160068
-0.000159269
-0.000158475
-0.000157684
-0.000156897
-0.000156115
-0.000155336
-0.000154561
-0.00015379
-0.000153023
-0.00015226
-0.0001515
-0.000150745
-0.000149993
-0.000149244
-0.0001485
-0.000147759
-0.000147022
-0.000146289
-0.000145559
-0.000144833
-0.000144111
-0.000143392
-0.000142677
-0.000141965
-0.000141257
-0.000140553
-0.000139852
-0.000139155
-0.000138461
-0.00013777
-0.000137083
-0.000136399
-0.000135719
-0.000135042
-0.000134369
-0.000133699
-0.000133032
-0.000132369
-0.000131709
-0.000131052
-0.000130399
-0.000129748
-0.000129101
-0.000128457
-0.000127817
-0.00012718
-0.000126545
-0.000125915
-0.000125287
-0.000124662
-0.000124041
-0.000123422
-0.000122807
-0.000122194
-0.000121585
-0.000120979
-0.000120376
-0.000119776
-0.000119179
-0.000118585
-0.000117993
-0.000117405
-0.00011682
-0.000116238
-0.000115658
-0.000115082
-0.000114508
-0.000113937
-0.000113369
-0.000112804
-0.000112242
-0.000111682
-0.000111126
-0.000110572
-0.000110021
-0.000109472
-0.000108927
-0.000108384
-0.000107843
-0.000107306
-0.000106771
-0.00010624
-0.00010571
-0.000105183
-0.000104659
-0.000104137
-0.000103618
-0.000103102
-0.000102588
-0.000102077
-0.000101568
-0.000101062
-0.000100558
-0.000100057
-9.95587e-05
-9.90626e-05
-9.8569e-05
-9.80779e-05
-9.75892e-05
-9.71029e-05
-9.66191e-05
-9.61378e-05
-9.56588e-05
-9.51822e-05
-9.4708e-05
-9.42362e-05
-9.37667e-05
-9.32996e-05
-9.28348e-05
-9.23723e-05
-9.19122e-05
-9.14543e-05
-9.09988e-05
-9.05455e-05
-9.00944e-05
-8.96457e-05
-8.91991e-05
-8.87548e-05
-8.83127e-05
-8.78728e-05
-8.74352e-05
-8.69997e-05
-8.65663e-05
-8.61352e-05
-8.57062e-05
-8.52793e-05
-8.48545e-05
-8.44319e-05
-8.40114e-05
-8.3593e-05
-8.31767e-05
-8.27625e-05
-8.23504e-05
-8.19403e-05
-8.15322e-05
-8.11262e-05
-8.07222e-05
-8.03203e-05
-7.99204e-05
-7.95224e-05
-7.91265e-05
-7.87325e-05
-7.83405e-05
-7.79504e-05
-7.75624e-05
-7.71762e-05
-7.6792e-05
-7.64097e-05
-7.60293e-05
-7.56508e-05
-7.52742e-05
-7.48995e-05
-7.45267e-05
-7.41557e-05
-7.37866e-05
-7.34193e-05
-7.30538e-05
-7.26902e-05
-7.23284e-05
-7.19684e-05
-7.16102e-05
-7.12538e-05
-7.08992e-05
-7.05464e-05
-7.01953e-05
-6.9846e-05
-6.94984e-05
-6.91525e-05
-6.88084e-05
-6.8466e-05
-6.81253e-05
-6.77864e-05
-6.74491e-05
-6.71135e-05
-6.67795e-05
-6.64473e-05
-6.61167e-05
-6.57879e-05
-6.54604e-05
-6.51348e-05
-6.48107e-05
-6.44883e-05
-6.41675e-05
-6.38483e-05
-6.35306e-05
-6.32146e-05
-6.29005e-05
-6.25875e-05
-6.22762e-05
-6.19664e-05
-6.16581e-05
-6.13514e-05
-6.10463e-05
-6.07426e-05
-6.04406e-05
-6.014e-05
-5.98409e-05
-5.95434e-05
-5.92473e-05
-5.89526e-05
-5.86595e-05
-5.83678e-05
-5.80775e-05
-5.77887e-05
-5.75014e-05
-5.72155e-05
-5.6931e-05
-5.66479e-05
-5.63663e-05
-5.60861e-05
-5.58073e-05
-5.55298e-05
-5.52538e-05
-5.49791e-05
-5.47058e-05
-5.44339e-05
-5.41634e-05
-5.38941e-05
-5.36263e-05
-5.33597e-05
-5.30945e-05
-5.28306e-05
-5.25681e-05
-5.23068e-05
-5.20469e-05
-5.17882e-05
-5.15308e-05
-5.12748e-05
-5.102e-05
-5.07664e-05
-5.05142e-05
-5.02632e-05
-5.00134e-05
-4.97649e-05
-4.95177e-05
-4.92716e-05
-4.90268e-05
-4.87833e-05
-4.85409e-05
-4.82998e-05
-4.80598e-05
-4.78211e-05
-4.75835e-05
-4.73472e-05
-4.71119e-05
-4.68781e-05
-4.66452e-05
-4.64135e-05
-4.6183e-05
-4.59536e-05
-4.57254e-05
-4.54983e-05
-4.52724e-05
-4.50476e-05
-4.48239e-05
-4.46013e-05
-4.43799e-05
-4.41595e-05
-4.39403e-05
-4.37221e-05
-4.3505e-05
-4.32891e-05
-4.30742e-05
-4.28604e-05
-4.26476e-05
-4.24359e-05
-4.22253e-05
-4.20157e-05
-4.18072e-05
-4.15995e-05
-4.13935e-05
-4.11879e-05
-4.09835e-05
-4.078e-05
-4.05778e-05
-4.03765e-05
-4.01761e-05
-3.99765e-05
-3.97786e-05
-3.95812e-05
-3.93847e-05
-3.91893e-05
-3.89949e-05
-3.88015e-05
-3.8609e-05
-3.84174e-05
-3.82269e-05
-3.8037e-05
-3.78488e-05
-3.7661e-05
-3.74742e-05
-3.7288e-05
-3.71032e-05
-3.69192e-05
-3.67362e-05
-3.65541e-05
-3.63729e-05
-3.61926e-05
-3.60132e-05
-3.58347e-05
-3.56571e-05
-3.54804e-05
-3.53045e-05
-3.51295e-05
-3.49554e-05
-3.47821e-05
-3.46097e-05
-3.44381e-05
-3.42674e-05
-3.40976e-05
-3.39286e-05
-3.37604e-05
-3.35933e-05
-3.34267e-05
-3.3261e-05
-3.30962e-05
-3.29323e-05
-3.27691e-05
-3.26068e-05
-3.24452e-05
-3.22845e-05
-3.21246e-05
-3.19655e-05
-3.18071e-05
-3.16498e-05
-3.1493e-05
-3.1337e-05
-3.11818e-05
-3.10274e-05
-3.08738e-05
-3.07208e-05
-3.05689e-05
-3.04175e-05
-3.02669e-05
-3.0117e-05
-2.99679e-05
-2.98196e-05
-2.96719e-05
-2.9525e-05
-2.93789e-05
-2.92333e-05
-2.90889e-05
-2.89449e-05
-2.88016e-05
-2.86591e-05
-2.85172e-05
-2.83761e-05
-2.82357e-05
-2.8096e-05
-2.7957e-05
-2.78187e-05
-2.76811e-05
-2.75441e-05
-2.74079e-05
-2.72723e-05
-2.71374e-05
-2.70032e-05
-2.68696e-05
-2.67367e-05
-2.66045e-05
-2.6473e-05
-2.63421e-05
-2.62118e-05
-2.6082e-05
-2.59535e-05
-2.58251e-05
-2.56974e-05
-2.55704e-05
-2.54438e-05
-2.53183e-05
-2.51928e-05
-2.50688e-05
-2.49448e-05
-2.48215e-05
-2.46988e-05
-2.45766e-05
-2.44554e-05
-2.43345e-05
-2.42143e-05
-2.40946e-05
-2.39756e-05
-2.3857e-05
-2.37391e-05
-2.36223e-05
-2.35052e-05
-2.33891e-05
-2.32742e-05
-2.31587e-05
-2.30449e-05
-2.2931e-05
-2.28178e-05
-2.27049e-05
-2.2593e-05
-2.24813e-05
-2.23703e-05
-2.22599e-05
-2.21501e-05
-2.20408e-05
-2.1932e-05
-2.18238e-05
-2.17162e-05
-2.16091e-05
-2.15025e-05
-2.13964e-05
-2.12909e-05
-2.11859e-05
-2.10814e-05
-2.09774e-05
-2.0874e-05
-2.0771e-05
-2.06685e-05
-2.05666e-05
-2.04652e-05
-2.03643e-05
-2.02638e-05
-2.0164e-05
-2.00645e-05
-1.99657e-05
-1.98672e-05
-1.97693e-05
-1.96719e-05
-1.9575e-05
-1.94785e-05
-1.93826e-05
-1.92871e-05
-1.91921e-05
-1.90976e-05
-1.90035e-05
-1.891e-05
-1.88168e-05
-1.87241e-05
-1.86319e-05
-1.85402e-05
-1.84489e-05
-1.83581e-05
-1.82677e-05
-1.81778e-05
-1.80884e-05
-1.79993e-05
-1.79108e-05
-1.78227e-05
-1.7735e-05
-1.76477e-05
-1.75609e-05
-1.74745e-05
-1.73886e-05
-1.7303e-05
-1.72179e-05
-1.71332e-05
-1.7049e-05
-1.69651e-05
-1.68817e-05
-1.67986e-05
-1.6716e-05
-1.66338e-05
-1.65521e-05
-1.64707e-05
-1.63897e-05
-1.63092e-05
-1.6229e-05
-1.61493e-05
-1.60699e-05
-1.59909e-05
-1.59124e-05
-1.58343e-05
-1.57564e-05
-1.5679e-05
-1.5602e-05
-1.55255e-05
-1.54492e-05
-1.53733e-05
-1.52977e-05
-1.52226e-05
-1.51481e-05
-1.50737e-05
-1.49998e-05
-1.49261e-05
-1.48529e-05
-1.47799e-05
-1.47075e-05
-1.46354e-05
-1.45635e-05
-1.44922e-05
-1.4421e-05
-1.43503e-05
-1.42801e-05
-1.42099e-05
-1.41401e-05
-1.40709e-05
-1.40018e-05
-1.3933e-05
-1.38649e-05
-1.37969e-05
-1.37292e-05
-1.3662e-05
-1.35949e-05
-1.35284e-05
-1.34621e-05
-1.33961e-05
-1.33306e-05
-1.32652e-05
-1.32002e-05
-1.31358e-05
-1.30715e-05
-1.30075e-05
-1.29438e-05
-1.28803e-05
-1.28174e-05
-1.27547e-05
-1.26922e-05
-1.263e-05
-1.25682e-05
-1.25068e-05
-1.24456e-05
-1.23846e-05
-1.23242e-05
-1.22639e-05
-1.22039e-05
-1.21442e-05
-1.20847e-05
-1.20258e-05
-1.1967e-05
-1.19085e-05
-1.18504e-05
-1.17924e-05
-1.17347e-05
-1.16775e-05
-1.16204e-05
-1.15638e-05
-1.15072e-05
-1.14508e-05
-1.1395e-05
-1.13393e-05
-1.1284e-05
-1.12288e-05
-1.11742e-05
-1.11197e-05
-1.10654e-05
-1.10113e-05
-1.09577e-05
-1.09044e-05
-1.08512e-05
-1.07982e-05
-1.07454e-05
-1.06933e-05
-1.0641e-05
-1.05891e-05
-1.05374e-05
-1.0486e-05
-1.0435e-05
-1.03841e-05
-1.03336e-05
-1.02833e-05
-1.0233e-05
-1.01832e-05
-1.01336e-05
-1.00844e-05
-1.00351e-05
-9.98627e-06
-9.93769e-06
-9.88931e-06
-9.84115e-06
-9.79332e-06
-9.74572e-06
-9.69818e-06
-9.65119e-06
-9.60423e-06
-9.55752e-06
-9.51095e-06
-9.46464e-06
-9.4187e-06
-9.37283e-06
-9.3273e-06
-9.28201e-06
-9.23693e-06
-9.19229e-06
-9.1474e-06
-9.10302e-06
-9.05882e-06
-9.01484e-06
-8.97103e-06
-8.92759e-06
-8.88414e-06
-8.84104e-06
-8.79828e-06
-8.75542e-06
-8.71301e-06
-8.67069e-06
-8.62874e-06
-8.58683e-06
-8.54521e-06
-8.50379e-06
-8.46252e-06
-8.42163e-06
-8.38085e-06
-8.34011e-06
-8.29967e-06
-8.25952e-06
-8.2195e-06
-8.1797e-06
-8.14009e-06
-8.10078e-06
-8.06146e-06
-8.02244e-06
-7.98382e-06
-7.94498e-06
-7.90652e-06
-7.86838e-06
-7.83025e-06
-7.79255e-06
-7.75481e-06
-7.71712e-06
-7.67999e-06
-7.64272e-06
-7.60583e-06
-7.56917e-06
-7.53262e-06
-7.4961e-06
-7.45996e-06
-7.42392e-06
-7.3881e-06
-7.35242e-06
-7.31716e-06
-7.28208e-06
-7.24678e-06
-7.21174e-06
-7.17687e-06
-7.14198e-06
-7.10782e-06
-7.07342e-06
-7.03931e-06
-7.0054e-06
-6.97167e-06
-6.9381e-06
-6.9047e-06
-6.87145e-06
-6.83835e-06
-6.80542e-06
-6.77264e-06
-6.74001e-06
-6.70755e-06
-6.67526e-06
-6.64312e-06
-6.61114e-06
-6.57933e-06
-6.54767e-06
-6.51616e-06
-6.48482e-06
-6.45364e-06
-6.42262e-06
-6.39174e-06
-6.36104e-06
-6.33048e-06
-6.30007e-06
-6.26982e-06
-6.23973e-06
-6.20976e-06
-6.17996e-06
-6.1503e-06
-6.12078e-06
-6.09142e-06
