-1.96982
-1.86541
-1.77189
-1.6891
-1.61593
-1.55102
-1.49302
-1.44084
-1.39361
-1.35066
-1.31149
-1.2757
-1.24293
-1.2129
-1.18535
-1.16002
-1.13671
-1.11601
-1.10453
-1.09238
-1.07984
-1.0671
-1.05433
-1.0416
-1.02909
-1.01689
-1.00502
-0.99348
-0.982267
-0.971432
-0.960961
-0.95085
-0.941087
-0.931569
-0.922546
-0.91374
-0.905289
-0.897105
-0.889204
-0.881547
-0.874121
-0.866906
-0.859902
-0.853137
-0.846545
-0.840133
-0.833883
-0.827768
-0.821809
-0.816013
-0.810345
-0.804799
-0.799336
-0.794007
-0.788798
-0.783683
-0.77866
-0.77372
-0.768838
-0.76406
-0.759379
-0.754735
-0.750178
-0.745679
-0.741248
-0.736868
-0.732551
-0.728294
-0.724087
-0.719915
-0.715818
-0.711757
-0.707722
-0.703731
-0.699815
-0.695898
-0.692066
-0.68823
-0.684434
-0.680703
-0.67697
-0.673278
-0.669655
-0.66602
-0.662418
-0.658852
-0.655316
-0.651809
-0.648359
-0.644889
-0.641456
-0.638052
-0.634675
-0.631323
-0.628027
-0.624706
-0.621416
-0.618151
-0.614912
-0.611696
-0.608502
-0.605329
-0.602176
-0.599044
-0.595932
-0.59284
-0.589767
-0.586713
-0.583679
-0.580663
-0.577665
-0.574686
-0.571725
-0.5688
-0.565863
-0.562949
-0.560056
-0.557182
-0.554324
-0.551483
-0.548659
-0.545851
-0.543059
-0.540283
-0.537523
-0.534779
-0.53205
-0.529337
-0.526639
-0.523956
-0.521288
-0.518634
-0.515996
-0.513372
-0.510763
-0.508168
-0.505587
-0.503021
-0.500468
-0.49793
-0.495405
-0.492894
-0.490396
-0.487912
-0.485442
-0.482984
-0.48054
-0.478109
-0.475691
-0.473286
-0.470894
-0.468515
-0.466148
-0.463794
-0.461452
-0.459122
-0.456805
-0.454501
-0.452208
-0.449927
-0.447659
-0.445402
-0.443157
-0.440924
-0.438703
-0.436493
-0.434295
-0.432108
-0.429932
-0.427768
-0.425615
-0.423474
-0.421343
-0.419224
-0.417115
-0.415018
-0.412931
-0.410855
-0.408789
-0.406735
-0.404691
-0.402657
-0.400634
-0.398622
-0.396619
-0.394627
-0.392646
-0.390674
-0.388712
-0.386761
-0.38482
-0.382888
-0.380966
-0.379055
-0.377152
-0.37526
-0.373377
-0.371504
-0.369641
-0.367787
-0.365942
-0.364107
-0.362281
-0.360464
-0.358657
-0.356859
-0.35507
-0.35329
-0.351519
-0.349757
-0.348004
-0.34626
-0.344525
-0.342798
-0.341081
-0.339372
-0.337671
-0.335979
-0.334296
-0.332621
-0.330955
-0.329297
-0.327648
-0.326007
-0.324374
-0.32275
-0.321133
-0.319525
-0.317925
-0.316333
-0.314749
-0.313173
-0.311605
-0.310045
-0.308493
-0.306948
-0.305411
-0.303883
-0.302361
-0.300848
-0.299342
-0.297843
-0.296353
-0.294869
-0.293393
-0.291925
-0.290464
-0.28901
-0.287564
-0.286125
-0.284693
-0.283268
-0.281851
-0.28044
-0.279037
-0.277641
-0.276251
-0.274869
-0.273494
-0.272125
-0.270764
-0.269409
-0.268061
-0.26672
-0.265386
-0.264058
-0.262737
-0.261422
-0.260114
-0.258813
-0.257518
-0.25623
-0.254948
-0.253673
-0.252404
-0.251141
-0.249885
-0.248635
-0.247391
-0.246154
-0.244923
-0.243697
-0.242479
-0.241266
-0.240059
-0.238858
-0.237663
-0.236475
-0.235292
-0.234115
-0.232944
-0.231779
-0.23062
-0.229466
-0.228319
-0.227177
-0.226041
-0.22491
-0.223785
-0.222666
-0.221552
-0.220444
-0.219342
-0.218245
-0.217153
-0.216067
-0.214987
-0.213912
-0.212842
-0.211778
-0.210718
-0.209665
-0.208616
-0.207573
-0.206535
-0.205502
-0.204474
-0.203452
-0.202434
-0.201422
-0.200415
-0.199413
-0.198415
-0.197423
-0.196436
-0.195454
-0.194476
-0.193504
-0.192536
-0.191573
-0.190615
-0.189662
-0.188714
-0.18777
-0.186831
-0.185897
-0.184967
-0.184042
-0.183122
-0.182206
-0.181295
-0.180389
-0.179487
-0.178589
-0.177696
-0.176808
-0.175923
-0.175044
-0.174169
-0.173298
-0.172431
-0.171569
-0.170711
-0.169857
-0.169008
-0.168163
-0.167322
-0.166485
-0.165653
-0.164825
-0.164
-0.16318
-0.162365
-0.161553
-0.160745
-0.159941
-0.159141
-0.158346
-0.157554
-0.156766
-0.155982
-0.155202
-0.154426
-0.153654
-0.152886
-0.152121
-0.151361
-0.150604
-0.149851
-0.149102
-0.148356
-0.147614
-0.146876
-0.146142
-0.145411
-0.144684
-0.143961
-0.143241
-0.142524
-0.141812
-0.141103
-0.140397
-0.139695
-0.138997
-0.138302
-0.13761
-0.136922
-0.136238
-0.135556
-0.134879
-0.134204
-0.133533
-0.132866
-0.132201
-0.13154
-0.130882
-0.130228
-0.129577
-0.128929
-0.128284
-0.127643
-0.127005
-0.12637
-0.125738
-0.125109
-0.124484
-0.123861
-0.123242
-0.122626
-0.122013
-0.121402
-0.120795
-0.120191
-0.119591
-0.118993
-0.118398
-0.117806
-0.117217
-0.116631
-0.116047
-0.115467
-0.11489
-0.114315
-0.113744
-0.113175
-0.112609
-0.112046
-0.111486
-0.110928
-0.110374
-0.109822
-0.109273
-0.108727
-0.108183
-0.107642
-0.107104
-0.106568
-0.106035
-0.105505
-0.104978
-0.104453
-0.103931
-0.103411
-0.102894
-0.102379
-0.101868
-0.101358
-0.100851
-0.100347
-0.0998454
-0.0993462
-0.0988495
-0.0983552
-0.0978635
-0.0973742
-0.0968873
-0.0964029
-0.0959209
-0.0954413
-0.0949641
-0.0944892
-0.0940168
-0.0935467
-0.093079
-0.0926136
-0.0921505
-0.0916898
-0.0912314
-0.0907752
-0.0903213
-0.0898697
-0.0894204
-0.0889733
-0.0885284
-0.0880858
-0.0876454
-0.0872072
-0.0867711
-0.0863373
-0.0859056
-0.0854761
-0.0850487
-0.0846235
-0.0842004
-0.0837794
-0.0833605
-0.0829437
-0.082529
-0.0821163
-0.0817057
-0.0812972
-0.0808907
-0.0804863
-0.0800839
-0.0796835
-0.0792851
-0.0788886
-0.0784942
-0.0781017
-0.0777112
-0.0773227
-0.0769361
-0.0765514
-0.0761687
-0.0757878
-0.0754089
-0.0750318
-0.0746567
-0.0742834
-0.073912
-0.0735425
-0.0731747
-0.0728089
-0.0724448
-0.0720826
-0.0717222
-0.0713636
-0.0710068
-0.0706518
-0.0702985
-0.069947
-0.0695973
-0.0692493
-0.0689031
-0.0685586
-0.0682158
-0.0678747
-0.0675354
-0.0671977
-0.0668617
-0.0665274
-0.0661948
-0.0658638
-0.0655345
-0.0652068
-0.0648808
-0.0645564
-0.0642336
-0.0639125
-0.0635929
-0.063275
-0.0629586
-0.0626438
-0.0623306
-0.062019
-0.0617089
-0.0614003
-0.0610933
-0.0607879
-0.0604839
-0.0601815
-0.0598806
-0.0595812
-0.0592833
-0.0589869
-0.058692
-0.0583985
-0.0581066
-0.057816
-0.057527
-0.0572393
-0.0569531
-0.0566684
-0.0563851
-0.0561031
-0.0558226
-0.0555435
-0.0552658
-0.0549895
-0.0547145
-0.054441
-0.0541688
-0.0538979
-0.0536285
-0.0533603
-0.0530935
-0.0528281
-0.0525639
-0.0523011
-0.0520396
-0.0517794
-0.0515206
-0.051263
-0.0510066
-0.0507516
-0.0504979
-0.0502454
-0.0499942
-0.0497442
-0.0494955
-0.049248
-0.0490018
-0.0487568
-0.048513
-0.0482705
-0.0480291
-0.047789
-0.04755
-0.0473123
-0.0470757
-0.0468404
-0.0466062
-0.0463731
-0.0461413
-0.0459106
-0.045681
-0.0454526
-0.0452254
-0.0449993
-0.0447743
-0.0445504
-0.0443277
-0.044106
-0.0438855
-0.0436661
-0.0434478
-0.0432305
-0.0430144
-0.0427993
-0.0425853
-0.0423724
-0.0421606
-0.0419498
-0.04174
-0.0415313
-0.0413237
-0.0411171
-0.0409115
-0.0407069
-0.0405034
-0.0403009
-0.0400994
-0.0398989
-0.0396994
-0.0395009
-0.0393034
-0.0391069
-0.0389114
-0.0387169
-0.0385233
-0.0383307
-0.038139
-0.0379483
-0.0377586
-0.0375698
-0.037382
-0.0371951
-0.0370091
-0.0368241
-0.03664
-0.0364568
-0.0362745
-0.0360931
-0.0359127
-0.0357331
-0.0355544
-0.0353767
-0.0351998
-0.0350238
-0.0348487
-0.0346745
-0.0345011
-0.0343286
-0.034157
-0.0339862
-0.0338163
-0.0336472
-0.033479
-0.0333116
-0.033145
-0.0329793
-0.0328144
-0.0326503
-0.0324871
-0.0323247
-0.0321631
-0.0320022
-0.0318422
-0.031683
-0.0315246
-0.031367
-0.0312102
-0.0310541
-0.0308989
-0.0307444
-0.0305907
-0.0304377
-0.0302855
-0.0301341
-0.0299835
-0.0298336
-0.0296844
-0.029536
-0.0293883
-0.0292414
-0.0290952
-0.0289497
-0.028805
-0.0286609
-0.0285176
-0.0283751
-0.0282332
-0.028092
-0.0279516
-0.0278118
-0.0276728
-0.0275344
-0.0273968
-0.0272598
-0.0271235
-0.0269879
-0.0268529
-0.0267187
-0.0265851
-0.0264522
-0.0263199
-0.0261883
-0.0260574
-0.0259271
-0.0257975
-0.0256685
-0.0255402
-0.0254125
-0.0252854
-0.025159
-0.0250332
-0.0249081
-0.0247835
-0.0246596
-0.0245363
-0.0244136
-0.0242916
-0.0241701
-0.0240493
-0.0239291
-0.0238094
-0.0236904
-0.0235719
-0.0234541
-0.0233368
-0.0232201
-0.023104
-0.0229885
-0.0228736
-0.0227592
-0.0226454
-0.0225322
-0.0224196
-0.0223075
-0.0221959
-0.022085
-0.0219746
-0.0218647
-0.0217554
-0.0216466
-0.0215384
-0.0214307
-0.0213235
-0.0212169
-0.0211109
-0.0210053
-0.0209003
-0.0207958
-0.0206918
-0.0205884
-0.0204854
-0.020383
-0.0202811
-0.0201797
-0.0200788
-0.0199784
-0.0198785
-0.0197792
-0.0196803
-0.0195819
-0.019484
-0.0193866
-0.0192896
-0.0191932
-0.0190972
-0.0190017
-0.0189067
-0.0188122
-0.0187182
-0.0186246
-0.0185315
-0.0184388
-0.0183466
-0.0182549
-0.0181636
-0.0180728
-0.0179825
-0.0178926
-0.0178031
-0.0177141
-0.0176255
-0.0175374
-0.0174497
-0.0173625
-0.0172757
-0.0171893
-0.0171034
-0.0170179
-0.0169328
-0.0168481
-0.0167639
-0.0166801
-0.0165967
-0.0165137
-0.0164311
-0.016349
-0.0162672
-0.0161859
-0.016105
-0.0160245
-0.0159444
-0.0158646
-0.0157853
-0.0157064
-0.0156279
-0.0155497
-0.015472
-0.0153947
-0.0153177
-0.0152411
-0.0151649
-0.0150891
-0.0150136
-0.0149386
-0.0148639
-0.0147896
-0.0147156
-0.0146421
-0.0145689
-0.014496
-0.0144236
-0.0143514
-0.0142797
-0.0142083
-0.0141373
-0.0140666
-0.0139963
-0.0139263
-0.0138567
-0.0137874
-0.0137185
-0.0136499
-0.0135816
-0.0135137
-0.0134462
-0.0133789
-0.0133121
-0.0132455
-0.0131793
-0.0131134
-0.0130478
-0.0129826
-0.0129177
-0.0128531
-0.0127888
-0.0127249
-0.0126613
-0.012598
-0.012535
-0.0124723
-0.01241
-0.0123479
-0.0122862
-0.0122248
-0.0121637
-0.0121028
-0.0120423
-0.0119821
-0.0119222
-0.0118626
-0.0118033
-0.0117443
-0.0116856
-0.0116272
-0.011569
-0.0115112
-0.0114537
-0.0113964
-0.0113394
-0.0112827
-0.0112263
-0.0111702
-0.0111143
-0.0110588
-0.0110035
-0.0109485
-0.0108937
-0.0108393
-0.0107851
-0.0107312
-0.0106775
-0.0106241
-0.010571
-0.0105182
-0.0104656
-0.0104133
-0.0103612
-0.0103094
-0.0102579
-0.0102066
-0.0101556
-0.0101048
-0.0100543
-0.010004
-0.009954
-0.00990423
-0.00985472
-0.00980545
-0.00975643
-0.00970765
-0.00965912
-0.00961083
-0.00956278
-0.00951498
-0.00946741
-0.00942008
-0.00937298
-0.00932612
-0.0092795
-0.00923311
-0.00918695
-0.00914102
-0.00909532
-0.00904985
-0.00900461
-0.00895959
-0.0089148
-0.00887023
-0.00882589
-0.00878176
-0.00873786
-0.00869418
-0.00865071
-0.00860746
-0.00856443
-0.00852162
-0.00847901
-0.00843663
-0.00839445
-0.00835248
-0.00831073
-0.00826918
-0.00822784
-0.00818671
-0.00814578
-0.00810506
-0.00806454
-0.00802422
-0.0079841
-0.00794419
-0.00790447
-0.00786496
-0.00782564
-0.00778652
-0.00774759
-0.00770886
-0.00767032
-0.00763198
-0.00759382
-0.00755586
-0.00751809
-0.0074805
-0.0074431
-0.00740589
-0.00736887
-0.00733203
-0.00729538
-0.00725891
-0.00722262
-0.00718651
-0.00715059
-0.00711484
-0.00707927
-0.00704388
-0.00700867
-0.00697363
-0.00693877
-0.00690408
-0.00686956
-0.00683522
-0.00680105
-0.00676705
-0.00673322
-0.00669956
-0.00666607
-0.00663275
-0.00659959
-0.0065666
-0.00653377
-0.00650111
-0.00646861
-0.00643627
-0.0064041
-0.00637208
-0.00634023
-0.00630853
-0.00627699
-0.00624561
-0.00621439
-0.00618333
-0.00615242
-0.00612166
-0.00609106
-0.00606061
-0.00603031
-0.00600016
-0.00597017
-0.00594032
-0.00591063
-0.00588108
-0.00585168
-0.00582243
-0.00579332
-0.00576436
-0.00573555
-0.00570687
-0.00567835
-0.00564996
-0.00562172
-0.00559361
-0.00556565
-0.00553783
-0.00551015
-0.0054826
-0.00545519
-0.00542792
-0.00540079
-0.00537379
-0.00534693
-0.0053202
-0.0052936
-0.00526714
-0.00524081
-0.00521461
-0.00518855
-0.00516261
-0.0051368
-0.00511112
-0.00508557
-0.00506015
-0.00503486
-0.00500969
-0.00498464
-0.00495973
-0.00493493
-0.00491027
-0.00488572
-0.0048613
-0.004837
-0.00481282
-0.00478876
-0.00476482
-0.004741
-0.0047173
-0.00469372
-0.00467026
-0.00464691
-0.00462368
-0.00460057
-0.00457757
-0.00455469
-0.00453192
-0.00450927
-0.00448673
-0.0044643
-0.00444199
-0.00441978
-0.00439769
-0.00437571
-0.00435383
-0.00433207
-0.00431041
-0.00428887
-0.00426743
-0.0042461
-0.00422487
-0.00420375
-0.00418274
-0.00416183
-0.00414103
-0.00412033
-0.00409973
-0.00407924
-0.00405885
-0.00403856
-0.00401837
-0.00399829
-0.0039783
-0.00395842
-0.00393863
-0.00391894
-0.00389935
-0.00387986
-0.00386047
-0.00384117
-0.00382197
-0.00380287
-0.00378386
-0.00376494
-0.00374613
-0.0037274
-0.00370877
-0.00369023
-0.00367178
-0.00365343
-0.00363517
-0.003617
-0.00359892
-0.00358093
-0.00356303
-0.00354522
-0.0035275
-0.00350987
-0.00349233
-0.00347487
-0.0034575
-0.00344022
-0.00342302
-0.00340591
-0.00338889
-0.00337195
-0.0033551
-0.00333833
-0.00332164
-0.00330504
-0.00328852
-0.00327208
-0.00325573
-0.00323945
-0.00322326
-0.00320715
-0.00319112
-0.00317517
-0.0031593
-0.00314351
-0.0031278
-0.00311216
-0.00309661
-0.00308113
-0.00306573
-0.00305041
-0.00303516
-0.00301999
-0.00300489
-0.00298987
-0.00297493
-0.00296006
-0.00294527
-0.00293055
-0.0029159
-0.00290132
-0.00288682
-0.00287239
-0.00285804
-0.00284375
-0.00282954
-0.0028154
-0.00280133
-0.00278732
-0.00277339
-0.00275953
-0.00274574
-0.00273202
-0.00271836
-0.00270477
-0.00269126
-0.0026778
-0.00266442
-0.0026511
-0.00263785
-0.00262467
-0.00261155
-0.0025985
-0.00258551
-0.00257259
-0.00255973
-0.00254694
-0.00253421
-0.00252154
-0.00250894
-0.0024964
-0.00248393
-0.00247151
-0.00245916
-0.00244687
-0.00243464
-0.00242247
-0.00241036
-0.00239832
-0.00238633
-0.00237441
-0.00236254
-0.00235073
-0.00233898
-0.00232729
-0.00231566
-0.00230409
-0.00229257
-0.00228112
-0.00226971
-0.00225837
-0.00224708
-0.00223585
-0.00222468
-0.00221356
-0.0022025
-0.00219149
-0.00218054
-0.00216964
-0.0021588
-0.00214801
-0.00213728
-0.00212659
-0.00211597
-0.00210539
-0.00209487
-0.0020844
-0.00207398
-0.00206362
-0.00205331
-0.00204305
-0.00203284
-0.00202268
-0.00201257
-0.00200251
-0.0019925
-0.00198255
-0.00197264
-0.00196278
-0.00195297
-0.00194321
-0.0019335
-0.00192384
-0.00191422
-0.00190466
-0.00189514
-0.00188567
-0.00187625
-0.00186687
-0.00185754
-0.00184826
-0.00183902
-0.00182983
-0.00182069
-0.00181159
-0.00180254
-0.00179353
-0.00178457
-0.00177565
-0.00176678
-0.00175795
-0.00174916
-0.00174042
-0.00173172
-0.00172307
-0.00171446
-0.00170589
-0.00169737
-0.00168889
-0.00168045
-0.00167205
-0.0016637
-0.00165538
-0.00164711
-0.00163888
-0.00163069
-0.00162254
-0.00161443
-0.00160637
-0.00159834
-0.00159035
-0.00158241
-0.0015745
-0.00156663
-0.0015588
-0.00155101
-0.00154326
-0.00153555
-0.00152788
-0.00152025
-0.00151265
-0.00150509
-0.00149757
-0.00149009
-0.00148264
-0.00147523
-0.00146786
-0.00146053
-0.00145323
-0.00144597
-0.00143875
-0.00143156
-0.0014244
-0.00141729
-0.00141021
-0.00140316
-0.00139615
-0.00138917
-0.00138223
-0.00137533
-0.00136845
-0.00136162
-0.00135481
-0.00134804
-0.00134131
-0.00133461
-0.00132794
-0.0013213
-0.0013147
-0.00130813
-0.0013016
-0.00129509
-0.00128862
-0.00128219
-0.00127578
-0.00126941
-0.00126306
-0.00125675
-0.00125047
-0.00124423
-0.00123801
-0.00123183
-0.00122567
-0.00121955
-0.00121345
-0.00120739
-0.00120136
-0.00119536
-0.00118939
-0.00118344
-0.00117753
-0.00117165
-0.0011658
-0.00115997
-0.00115418
-0.00114841
-0.00114267
-0.00113696
-0.00113128
-0.00112563
-0.00112001
-0.00111441
-0.00110885
-0.00110331
-0.0010978
-0.00109231
-0.00108686
-0.00108143
-0.00107602
-0.00107065
-0.0010653
-0.00105998
-0.00105468
-0.00104941
-0.00104417
-0.00103896
-0.00103377
-0.0010286
-0.00102346
-0.00101835
-0.00101326
-0.0010082
-0.00100317
-0.000998155
-0.000993169
-0.000988208
-0.000983271
-0.00097836
-0.000973473
-0.00096861
-0.000963772
-0.000958957
-0.000954167
-0.000949401
-0.000944659
-0.00093994
-0.000935245
-0.000930574
-0.000925926
-0.000921301
-0.000916699
-0.00091212
-0.000907564
-0.000903031
-0.000898521
-0.000894033
-0.000889567
-0.000885124
-0.000880703
-0.000876304
-0.000871927
-0.000867573
-0.000863239
-0.000858928
-0.000854638
-0.000850369
-0.000846122
-0.000841896
-0.000837691
-0.000833507
-0.000829345
-0.000825202
-0.000821081
-0.00081698
-0.0008129
-0.00080884
-0.000804801
-0.000800781
-0.000796782
-0.000792803
-0.000788843
-0.000784904
-0.000780984
-0.000777084
-0.000773203
-0.000769341
-0.000765499
-0.000761676
-0.000757873
-0.000754088
-0.000750322
-0.000746575
-0.000742847
-0.000739137
-0.000735446
-0.000731773
-0.000728119
-0.000724483
-0.000720865
-0.000717265
-0.000713684
-0.00071012
-0.000706574
-0.000703046
-0.000699535
-0.000696042
-0.000692566
-0.000689108
-0.000685667
-0.000682243
-0.000678836
-0.000675447
-0.000672074
-0.000668718
-0.000665379
-0.000662057
-0.000658751
-0.000655462
-0.000652189
-0.000648932
-0.000645692
-0.000642468
-0.00063926
-0.000636069
-0.000632893
-0.000629733
-0.000626589
-0.00062346
-0.000620347
-0.00061725
-0.000614168
-0.000611102
-0.000608051
-0.000605015
-0.000601995
-0.000598989
-0.000595999
-0.000593023
-0.000590062
-0.000587117
-0.000584186
-0.000581269
-0.000578367
-0.00057548
-0.000572607
-0.000569748
-0.000566904
-0.000564074
-0.000561258
-0.000558456
-0.000555668
-0.000552894
-0.000550134
-0.000547388
-0.000544656
-0.000541937
-0.000539231
-0.00053654
-0.000533861
-0.000531197
-0.000528545
-0.000525907
-0.000523282
-0.00052067
-0.000518071
-0.000515485
-0.000512912
-0.000510352
-0.000507804
-0.00050527
-0.000502748
-0.000500238
-0.000497741
-0.000495257
-0.000492785
-0.000490326
-0.000487878
-0.000485443
-0.00048302
-0.00048061
-0.000478211
-0.000475824
-0.00047345
-0.000471087
-0.000468736
-0.000466396
-0.000464069
-0.000461753
-0.000459448
-0.000457155
-0.000454874
-0.000452604
-0.000450345
-0.000448098
-0.000445862
-0.000443637
-0.000441423
-0.00043922
-0.000437028
-0.000434847
-0.000432677
-0.000430518
-0.00042837
-0.000426233
-0.000424106
-0.000421989
-0.000419884
-0.000417789
-0.000415704
-0.00041363
-0.000411566
-0.000409512
-0.000407469
-0.000405436
-0.000403413
-0.0004014
-0.000399398
-0.000397405
-0.000395422
-0.000393449
-0.000391486
-0.000389533
-0.00038759
-0.000385656
-0.000383733
-0.000381818
-0.000379913
-0.000378018
-0.000376132
-0.000374256
-0.000372388
-0.000370531
-0.000368682
-0.000366843
-0.000365013
-0.000363192
-0.00036138
-0.000359578
-0.000357784
-0.000355999
-0.000354223
-0.000352456
-0.000350698
-0.000348949
-0.000347209
-0.000345477
-0.000343754
-0.000342039
-0.000340333
-0.000338635
-0.000336946
-0.000335266
-0.000333594
-0.00033193
-0.000330275
-0.000328627
-0.000326988
-0.000325358
-0.000323735
-0.00032212
-0.000320514
-0.000318916
-0.000317325
-0.000315743
-0.000314168
-0.000312601
-0.000311043
-0.000309492
-0.000307948
-0.000306413
-0.000304885
-0.000303364
-0.000301852
-0.000300347
-0.000298849
-0.000297359
-0.000295877
-0.000294401
-0.000292933
-0.000291473
-0.000290019
-0.000288574
-0.000287135
-0.000285703
-0.000284279
-0.000282862
-0.000281451
-0.000280048
-0.000278652
-0.000277263
-0.000275881
-0.000274505
-0.000273137
-0.000271775
-0.000270421
-0.000269073
-0.000267731
-0.000266397
-0.000265069
-0.000263748
-0.000262433
-0.000261125
-0.000259823
-0.000258528
-0.00025724
-0.000255957
-0.000254682
-0.000253412
-0.000252149
-0.000250893
-0.000249642
-0.000248398
-0.00024716
-0.000245929
-0.000244703
-0.000243483
-0.00024227
-0.000241063
-0.000239861
-0.000238667
-0.000237477
-0.000236293
-0.000235116
-0.000233944
-0.000232779
-0.000231619
-0.000230465
-0.000229316
-0.000228174
-0.000227037
-0.000225906
-0.00022478
-0.000223661
-0.000222546
-0.000221438
-0.000220335
-0.000219236
-0.000218144
-0.000217057
-0.000215977
-0.000214901
-0.00021383
-0.000212765
-0.000211705
-0.00021065
-0.000209601
-0.000208557
-0.000207518
-0.000206484
-0.000205456
-0.000204433
-0.000203414
-0.000202401
-0.000201393
-0.00020039
-0.000199392
-0.000198399
-0.000197411
-0.000196428
-0.00019545
-0.000194476
-0.000193508
-0.000192544
-0.000191586
-0.000190631
-0.000189682
-0.000188738
-0.000187798
-0.000186863
-0.000185933
-0.000185007
-0.000184086
-0.000183169
-0.000182257
-0.00018135
-0.000180447
-0.000179549
-0.000178655
-0.000177766
-0.000176881
-0.000176
-0.000175124
-0.000174252
-0.000173385
-0.000172522
-0.000171663
-0.000170809
-0.000169959
-0.000169113
-0.000168271
-0.000167433
-0.0001666
-0.000165771
-0.000164946
-0.000164125
-0.000163308
-0.000162496
-0.000161687
-0.000160883
-0.000160082
-0.000159285
-0.000158493
-0.000157704
-0.00015692
-0.000156139
-0.000155362
-0.000154589
-0.00015382
-0.000153055
-0.000152293
-0.000151536
-0.000150782
-0.000150032
-0.000149285
-0.000148543
-0.000147804
-0.000147068
-0.000146337
-0.000145609
-0.000144885
-0.000144164
-0.000143447
-0.000142734
-0.000142024
-0.000141318
-0.000140615
-0.000139915
-0.00013922
-0.000138527
-0.000137839
-0.000137153
-0.000136471
-0.000135793
-0.000135117
-0.000134446
-0.000133777
-0.000133112
-0.00013245
-0.000131792
-0.000131137
-0.000130485
-0.000129836
-0.00012919
-0.000128548
-0.000127909
-0.000127273
-0.000126641
-0.000126011
-0.000125385
-0.000124762
-0.000124142
-0.000123525
-0.000122911
-0.0001223
-0.000121692
-0.000121088
-0.000120486
-0.000119887
-0.000119291
-0.000118699
-0.000118109
-0.000117522
-0.000116938
-0.000116357
-0.000115779
-0.000115204
-0.000114632
-0.000114062
-0.000113496
-0.000112932
-0.000112371
-0.000111813
-0.000111257
-0.000110705
-0.000110155
-0.000109608
-0.000109063
-0.000108522
-0.000107983
-0.000107447
-0.000106913
-0.000106382
-0.000105854
-0.000105328
-0.000104805
-0.000104285
-0.000103767
-0.000103252
-0.00010274
-0.000102229
-0.000101722
-0.000101217
-0.000100715
-0.000100215
-9.97173e-05
-9.92223e-05
-9.87297e-05
-9.82397e-05
-9.77522e-05
-9.72671e-05
-9.67844e-05
-9.63041e-05
-9.58262e-05
-9.53507e-05
-9.48776e-05
-9.44068e-05
-9.39384e-05
-9.34723e-05
-9.30086e-05
-9.25472e-05
-9.2088e-05
-9.16312e-05
-9.11767e-05
-9.07244e-05
-9.02744e-05
-8.98266e-05
-8.93811e-05
-8.89377e-05
-8.84966e-05
-8.80578e-05
-8.76211e-05
-8.71866e-05
-8.67542e-05
-8.6324e-05
-8.5896e-05
-8.54701e-05
-8.50463e-05
-8.46247e-05
-8.42051e-05
-8.37877e-05
-8.33723e-05
-8.2959e-05
-8.25478e-05
-8.21386e-05
-8.17315e-05
-8.13264e-05
-8.09233e-05
-8.05222e-05
-8.01232e-05
-7.9726e-05
-7.93311e-05
-7.8938e-05
-7.85468e-05
-7.81575e-05
-7.77702e-05
-7.7385e-05
-7.70017e-05
-7.66202e-05
-7.62406e-05
-7.58629e-05
-7.54871e-05
-7.51131e-05
-7.47412e-05
-7.4371e-05
-7.40027e-05
-7.36361e-05
-7.32715e-05
-7.29086e-05
-7.25476e-05
-7.21884e-05
-7.18309e-05
-7.14753e-05
-7.11213e-05
-7.07693e-05
-7.0419e-05
-7.00703e-05
-6.97235e-05
-6.93784e-05
-6.9035e-05
-6.86933e-05
-6.83533e-05
-6.80151e-05
-6.76785e-05
-6.73436e-05
-6.70104e-05
-6.66788e-05
-6.63489e-05
-6.60206e-05
-6.5694e-05
-6.5369e-05
-6.50456e-05
-6.47239e-05
-6.44037e-05
-6.40852e-05
-6.37682e-05
-6.34529e-05
-6.3139e-05
-6.28268e-05
-6.2516e-05
-6.22071e-05
-6.18996e-05
-6.15935e-05
-6.1289e-05
-6.09859e-05
-6.06843e-05
-6.03843e-05
-6.00861e-05
-5.97889e-05
-5.94938e-05
-5.91994e-05
-5.89068e-05
-5.86158e-05
-5.83262e-05
-5.8038e-05
-5.77513e-05
-5.7466e-05
-5.71826e-05
-5.68997e-05
-5.66185e-05
-5.63389e-05
-5.60606e-05
-5.57837e-05
-5.55083e-05
-5.52341e-05
-5.49614e-05
-5.46901e-05
-5.44199e-05
-5.41512e-05
-5.38838e-05
-5.36177e-05
-5.33531e-05
-5.30899e-05
-5.28277e-05
-5.25669e-05
-5.23075e-05
-5.20493e-05
-5.17925e-05
-5.1537e-05
-5.12825e-05
-5.10296e-05
-5.07779e-05
-5.05274e-05
-5.02781e-05
-5.00301e-05
-4.97832e-05
-4.95378e-05
-4.92935e-05
-4.90505e-05
-4.88083e-05
-4.85677e-05
-4.83284e-05
-4.80901e-05
-4.7853e-05
-4.76171e-05
-4.73823e-05
-4.71487e-05
-4.69162e-05
-4.66851e-05
-4.6455e-05
-4.62258e-05
-4.59982e-05
-4.57716e-05
-4.55459e-05
-4.53217e-05
-4.50981e-05
-4.48762e-05
-4.46552e-05
-4.44353e-05
-4.42164e-05
-4.39983e-05
-4.37819e-05
-4.35661e-05
-4.33518e-05
-4.31384e-05
-4.29259e-05
-4.27147e-05
-4.25042e-05
-4.22952e-05
-4.2087e-05
-4.18796e-05
-4.16737e-05
-4.14687e-05
-4.12647e-05
-4.10615e-05
-4.08596e-05
-4.06586e-05
-4.04586e-05
-4.02596e-05
-4.00615e-05
-3.98643e-05
-3.96685e-05
-3.94735e-05
-3.92794e-05
-3.90863e-05
-3.88939e-05
-3.87027e-05
-3.85125e-05
-3.83232e-05
-3.81348e-05
-3.79478e-05
-3.7761e-05
-3.75758e-05
-3.73909e-05
-3.72075e-05
-3.70244e-05
-3.68429e-05
-3.66617e-05
-3.64817e-05
-3.63024e-05
-3.61241e-05
-3.59469e-05
-3.57705e-05
-3.55948e-05
-3.542e-05
-3.52466e-05
-3.50731e-05
-3.49011e-05
-3.47302e-05
-3.45598e-05
-3.43898e-05
-3.42214e-05
-3.40533e-05
-3.38862e-05
-3.37199e-05
-3.35544e-05
-3.33901e-05
-3.32264e-05
-3.30634e-05
-3.29016e-05
-3.274e-05
-3.25795e-05
-3.24198e-05
-3.2261e-05
-3.2103e-05
-3.19457e-05
-3.17895e-05
-3.16335e-05
-3.14788e-05
-3.13244e-05
-3.11712e-05
-3.10184e-05
-3.08665e-05
-3.07155e-05
-3.05648e-05
-3.04153e-05
-3.02662e-05
-3.01181e-05
-2.99707e-05
-2.9824e-05
-2.96783e-05
-2.95331e-05
-2.93885e-05
-2.92451e-05
-2.91017e-05
-2.89593e-05
-2.88176e-05
-2.86768e-05
-2.85365e-05
-2.83972e-05
-2.82583e-05
-2.81202e-05
-2.79829e-05
-2.7846e-05
-2.77101e-05
-2.75746e-05
-2.74399e-05
-2.73058e-05
-2.71725e-05
-2.70398e-05
-2.69077e-05
-2.67764e-05
-2.66458e-05
-2.65156e-05
-2.63863e-05
-2.62573e-05
-2.61292e-05
-2.60018e-05
-2.58748e-05
-2.57485e-05
-2.5623e-05
-2.54979e-05
-2.53735e-05
-2.52498e-05
-2.51266e-05
-2.50041e-05
-2.48823e-05
-2.47609e-05
-2.46403e-05
-2.45203e-05
-2.44006e-05
-2.42818e-05
-2.41635e-05
-2.40458e-05
-2.39287e-05
-2.38122e-05
-2.36962e-05
-2.35809e-05
-2.34661e-05
-2.33519e-05
-2.32382e-05
-2.31251e-05
-2.30125e-05
-2.29006e-05
-2.27892e-05
-2.26784e-05
-2.25681e-05
-2.24584e-05
-2.23491e-05
-2.22405e-05
-2.21324e-05
-2.20248e-05
-2.19177e-05
-2.18112e-05
-2.17053e-05
-2.15997e-05
-2.14948e-05
-2.13904e-05
-2.12865e-05
-2.11832e-05
-2.10803e-05
-2.0978e-05
-2.08762e-05
-2.0775e-05
-2.06741e-05
-2.05737e-05
-2.04739e-05
-2.03746e-05
-2.02758e-05
-2.01774e-05
-2.00796e-05
-1.99823e-05
-1.98853e-05
-1.9789e-05
-1.96931e-05
-1.95977e-05
-1.95028e-05
-1.94083e-05
-1.93143e-05
-1.92207e-05
-1.91276e-05
-1.9035e-05
-1.89429e-05
-1.88512e-05
-1.876e-05
-1.86692e-05
-1.85789e-05
-1.8489e-05
-1.83996e-05
-1.83106e-05
-1.8222e-05
-1.81339e-05
-1.80463e-05
-1.79591e-05
-1.78723e-05
-1.7786e-05
-1.77e-05
-1.76145e-05
-1.75294e-05
-1.7445e-05
-1.73607e-05
-1.72768e-05
-1.71933e-05
-1.71102e-05
-1.70277e-05
-1.69456e-05
-1.68639e-05
-1.67826e-05
-1.67017e-05
-1.66212e-05
-1.65411e-05
-1.64614e-05
-1.63821e-05
-1.63031e-05
-1.62246e-05
-1.61464e-05
-1.60687e-05
-1.59913e-05
-1.59143e-05
-1.58376e-05
-1.57614e-05
-1.56855e-05
-1.561e-05
-1.55349e-05
-1.54602e-05
-1.53858e-05
-1.53118e-05
-1.52382e-05
-1.5165e-05
-1.50921e-05
-1.50196e-05
-1.49474e-05
-1.48756e-05
-1.48042e-05
-1.47331e-05
-1.46624e-05
-1.4592e-05
-1.4522e-05
-1.44523e-05
-1.4383e-05
-1.4314e-05
-1.42454e-05
-1.41771e-05
-1.41092e-05
-1.40416e-05
-1.39743e-05
-1.39074e-05
-1.38408e-05
-1.37745e-05
-1.37086e-05
-1.3643e-05
-1.35777e-05
-1.35127e-05
-1.34482e-05
-1.33838e-05
-1.33198e-05
-1.32561e-05
-1.31928e-05
-1.31297e-05
-1.3067e-05
-1.30046e-05
-1.29424e-05
-1.28806e-05
-1.28191e-05
-1.27579e-05
-1.2697e-05
-1.26365e-05
-1.25762e-05
-1.25162e-05
-1.24565e-05
-1.23971e-05
-1.2338e-05
-1.22792e-05
-1.22207e-05
-1.21624e-05
-1.21045e-05
-1.20469e-05
-1.19895e-05
-1.19324e-05
-1.18756e-05
-1.18191e-05
-1.17629e-05
-1.17069e-05
-1.16513e-05
-1.15959e-05
-1.15408e-05
-1.14859e-05
-1.14313e-05
-1.1377e-05
-1.1323e-05
-1.12692e-05
-1.12158e-05
-1.11626e-05
-1.11096e-05
-1.10568e-05
-1.10044e-05
-1.09522e-05
-1.09011e-05
-1.08493e-05
-1.07976e-05
-1.07462e-05
-1.06952e-05
-1.06445e-05
-1.0594e-05
-1.05439e-05
-1.0494e-05
-1.04444e-05
-1.0395e-05
-1.03459e-05
-1.0297e-05
-1.02484e-05
-1.02e-05
-1.01518e-05
-1.01038e-05
-1.00561e-05
-1.00087e-05
-9.9614e-06
