1.25289
1.22805
1.14926
1.15598
1.13758
1.16641
1.11529
1.25115
1.20988
1.12211
1.23139
1.21993
1.27452
1.14078
1.13533
1.16297
1.14318
1.17586
1.1701
1.20221
1.11603
1.0121
1.15619
1.01219
1.12004
1.14852
1.01522
1.17242
1.02572
1.01147
1.23487
1.01921
1.2482
1.01559
1.00843
1.02242
1.01808
1.01675
1.02205
1.02076
1.01931
1.02524
1.02453
1.01408
1.02934
1.01629
1.02142
1.02185
1.01387
1.02639
1.01911
1.03446
1.03718
1.01785
1.02648
1.02389
1.02228
1.0216
1.03094
1.03118
1.04068
1.03346
1.03248
1.03034
1.03395
1.03438
1.02848
1.02253
1.02068
1.02873
1.02994
1.03266
1.02801
1.02288
1.02126
1.01608
1.01675
1.01816
1.02173
1.02252
1.03453
1.03078
1.03186
1.02731
1.04304
1.03158
1.02918
1.03277
1.02136
1.02243
1.02165
1.02301
1.01507
1.02504
1.02221
1.03263
1.02121
1.02254
1.0256
1.01772
1.02061
1.01747
1.04001
1.01769
1.02601
1.02202
1.01683
1.02244
1.02197
1.0254
1.0328
1.02328
1.01811
1.03116
1.02853
1.02455
1.04083
1.02706
1.02903
1.02624
1.03528
1.02523
1.0386
1.02493
1.03062
1.02684
1.02536
1.02625
1.03396
1.03365
1.02397
1.0301
1.01959
1.02232
1.02148
1.01448
1.01634
1.02507
1.02148
1.02049
1.02368
1.01817
1.03087
1.01599
1.02498
1.02991
1.02418
1.01607
1.02038
1.02174
1.01272
1.01366
1.01839
1.01382
1.01564
1.02285
1.01832
1.01958
1.01594
1.01645
1.02632
1.02271
1.00693
1.01512
1.01933
1.01501
1.01437
1.00681
1.01361
1.01466
1.01138
1.01697
1.0227
1.01957
1.01192
1.01944
1.02493
1.02476
1.01653
1.02533
1.02683
1.01758
1.01558
1.01928
1.02764
1.02366
1.02044
1.01522
1.02038
1.00885
1.01442
1.01877
1.02096
1.02025
1.00973
1.0177
1.00899
1.01968
1.01379
1.0233
1.01537
1.01288
1.01528
1.01186
1.01991
1.01706
1.0094
1.01543
1.01618
1.02556
1.00994
1.01898
1.01084
1.01388
1.02045
1.01289
1.01855
1.01778
1.01213
1.01303
1.00933
1.01645
1.01705
1.02454
1.01759
1.02077
1.00702
1.01378
1.01226
1.02571
1.02391
1.01804
1.02681
1.03053
1.02076
1.01532
1.03023
1.02591
1.02179
1.03064
1.02046
1.027
1.0304
1.02586
1.02624
1.03097
1.01585
1.02061
1.01989
1.01566
1.02056
1.02513
1.01583
1.01506
1.02575
1.02045
1.02524
1.02803
1.00626
1.00961
1.0124
1.00074
1.00758
1.01261
0.998607
1.01244
1.00754
0.99871
1.00727
1.01014
1.00364
1.01285
1.00716
1.0032
1.01225
1.01254
1.00321
1.01263
1.00738
1.00352
1.00761
1.00712
1.01128
1.01304
1.0075
0.997907
1.00681
1.00712
1.00365
1.00758
1.00716
0.997904
1.01242
1.00246
0.997684
1.00825
1.00734
0.997902
1.0075
1.00716
0.997906
1.00762
1.00685
0.997624
1.00703
1.00716
0.993898
1.00168
1.00573
0.9973
1.00249
1.00112
0.992258
1.00155
1.00795
0.997241
1.00119
1.00703
0.992377
1.00137
1.00645
1.00055
1.00216
1.00716
0.997606
1.00724
1.0015
0.998118
1.00714
1.00698
0.992338
1.00736
1.00698
0.997852
1.01291
1.00893
0.998835
1.00705
1.00707
0.992434
1.00195
0.996103
0.992461
1.00223
1.00195
0.993355
0.996712
1.00278
0.993043
0.996638
0.996583
0.987167
1.00184
1.00217
0.987547
0.996919
0.996576
0.987916
0.996872
0.996337
0.996824
0.997268
1.00273
0.993019
0.99677
0.997106
0.98694
1.00218
0.996497
0.987029
0.996538
0.99631
0.986893
0.997844
0.997812
0.986863
0.996072
0.996239
0.987329
0.995212
0.996479
0.987078
0.996046
1.00108
0.988284
0.995752
0.997997
0.990348
0.996839
0.996381
0.986617
0.990853
0.996282
0.986723
0.996127
0.99623
0.981436
0.996994
0.990745
0.986977
0.990821
0.990353
0.981163
0.995938
0.99061
0.981454
0.99104
0.990156
0.981416
0.995721
0.993527
0.981021
0.996378
1.00596
0.992535
1.00179
0.995936
0.986851
0.996933
0.995951
0.981549
0.990635
0.990848
0.98163
0.991251
0.990854
0.984677
0.98578
0.990999
0.981681
0.990734
0.99044
0.98738
0.990806
0.991379
0.981503
0.992167
0.990671
0.981416
1.0007
0.99388
0.981126
0.991032
0.99
0.981491
0.990769
0.989811
0.975719
0.992856
0.990929
0.970773
0.985272
0.990878
0.981811
0.990833
0.98483
0.986682
0.985582
0.990879
0.976495
0.979579
0.990515
0.975975
0.988799
0.990912
0.977884
0.99254
0.990368
0.97651
0.990965
0.985387
0.976144
0.985811
0.990384
0.970613
0.990742
0.991047
0.981359
0.990779
0.98864
0.975975
0.98022
0.984844
0.980938
0.985258
0.985293
0.970626
0.985197
0.99074
0.971175
0.979899
0.985005
0.979369
0.987131
0.986417
0.976184
0.985493
0.984946
0.971218
0.985237
0.990872
0.976549
0.980238
0.98011
0.970745
0.98041
0.985244
0.976509
0.980111
0.979788
0.970381
0.980165
0.979939
0.9702
0.97996
0.984782
0.97092
0.985513
0.979634
0.978653
0.980116
0.979847
0.976316
0.980017
0.979605
0.97621
0.979626
0.979803
0.975835
0.980069
0.979528
0.970866
0.982902
0.979918
0.971713
0.97968
0.985015
0.970313
0.980239
0.979499
0.97071
0.975096
0.981678
0.970964
0.97985
0.981857
0.974321
0.974491
0.979807
0.965426
0.974288
0.979928
0.971887
0.97518
0.980086
0.965174
0.974715
0.974334
0.971068
0.975293
0.974483
0.959637
0.974513
0.974427
0.970822
0.970699
0.97971
0.970784
0.980147
0.974836
0.970543
0.969402
0.97335
0.965393
0.975033
0.974798
0.964978
0.974811
0.974626
0.959995
0.974592
0.974894
0.965176
0.970007
0.969063
0.961405
0.976189
0.969062
0.959957
0.974829
0.96937
0.96012
0.974608
0.974598
0.959808
0.96908
0.974937
0.959833
0.969279
0.974853
0.962035
0.974906
0.974502
0.959601
0.974573
0.974384
0.959923
0.969475
0.968985
0.959895
0.970014
0.969104
0.959968
0.969178
0.969378
0.95969
0.969834
0.969038
0.960378
0.968919
0.969028
0.959656
0.970028
0.96488
0.959923
0.969173
0.973458
0.959727
0.969169
0.96902
0.960163
0.969504
0.969471
0.96012
0.969417
0.968654
0.960307
0.969539
0.968963
0.961098
0.965611
0.969272
0.959574
0.964274
0.968644
0.959436
0.968985
0.968838
0.95421
0.969076
0.963851
0.95442
0.958649
0.964944
0.961598
0.963794
0.963422
0.954592
0.958713
0.958186
0.954388
0.969867
0.958097
0.948851
0.958523
0.963622
0.954962
0.958404
0.958545
0.949198
0.963622
0.958957
0.949143
0.959395
0.958247
0.949392
0.959146
0.964121
0.949461
0.95876
0.962301
0.948996
0.959451
0.958109
0.948981
0.958635
0.95882
0.948906
0.958109
0.958431
0.948736
0.958539
0.958431
0.948914
0.960203
0.95834
0.94889
0.958609
0.957948
0.948746
0.958495
0.958091
0.949699
0.958854
0.958136
0.948776
0.958146
0.961517
0.951715
0.958669
0.958387
0.9492
0.953725
0.953167
0.949755
0.953363
0.958643
0.948996
0.958673
0.958422
0.94959
0.959952
0.959273
0.944628
0.964087
0.961318
0.952968
0.959426
0.955255
0.958055
0.960352
0.958323
0.956351
0.959321
0.96257
0.958678
0.957807
0.956952
0.950827
0.955332
0.952159
0.948381
0.956707
0.956072
0.955945
0.959462
0.949602
0.95133
0.956046
0.953834
0.948683
0.955831
0.953158
0.950708
0.945554
0.950572
0.944576
0.947911
0.951278
0.948707
0.946567
0.949881
0.948122
0.948907
0.949577
0.942091
0.944423
0.961191
0.94389
0.958358
0.942455
0.957858
0.946855
0.941777
0.947725
0.949931
0.947213
0.950657
0.946797
0.94526
0.94278
0.947617
0.949342
0.955639
0.943998
0.949483
0.946312
0.945883
0.949566
0.951917
0.944374
0.955637
0.93823
0.952301
0.946479
0.939108
0.950908
0.946305
0.938493
0.951605
0.946222
0.938638
0.9508
0.949601
0.938883
0.951062
0.943372
0.938428
0.950731
0.943335
0.932883
0.945773
0.947793
0.934082
0.945538
0.946241
0.934347
0.955422
0.941183
0.933258
0.945966
0.94353
0.938872
0.950929
0.948353
0.933455
0.946061
0.941701
0.93352
0.946184
0.940518
0.93293
0.946455
0.940812
0.933037
0.945347
0.943595
0.93296
0.945612
0.942984
0.93308
0.94551
0.940891
0.932739
0.949866
0.946121
0.932745
0.945431
0.941199
0.933314
0.946145
0.937951
0.927721
0.940138
0.937549
0.927901
0.940198
0.935819
0.930633
0.940602
0.93532
0.927829
0.93956
0.936269
0.929181
0.940374
0.937658
0.928276
0.940586
0.93755
0.927867
0.940667
0.943784
0.928471
0.939754
0.935326
0.928009
0.940225
0.936108
0.927998
0.941829
0.937951
0.928168
0.940292
0.937501
0.928393
0.940125
0.935853
0.927292
0.940135
0.935331
0.927854
0.939846
0.936008
0.927446
0.940505
0.937883
0.928075
0.940529
0.939169
0.929707
0.940562
0.935549
0.92808
0.940268
0.936251
0.926773
0.940249
0.929787
0.927912
0.934959
0.938039
0.922543
0.936104
0.933741
0.923244
0.934748
0.930223
0.921903
0.934992
0.930252
0.922381
0.934416
0.930639
0.922219
0.934608
0.93211
0.926039
0.938055
0.93234
0.922687
0.934217
0.93047
0.922761
0.929509
0.924736
0.916506
0.929192
0.925351
0.917401
0.929159
0.927548
0.916706
0.929199
0.926481
0.917177
0.929007
0.924685
0.916578
0.929111
0.924931
0.918977
0.928922
0.924984
0.917043
0.932405
0.92757
0.917415
0.929283
0.926757
0.917147
0.930072
0.925064
0.916699
0.929422
0.924859
0.917157
0.929064
0.92486
0.91903
0.929281
0.926937
0.917389
0.929532
0.926663
0.917273
0.928685
0.924911
0.916748
0.92947
0.923834
0.917077
0.928564
0.928075
0.920314
0.929312
0.927245
0.917068
0.929214
0.928171
0.916802
0.929372
0.924758
0.91693
0.930431
0.924569
0.917221
0.929446
0.925758
0.916807
0.929418
0.927097
0.91679
0.929837
0.927108
0.916564
0.92922
0.924619
0.91237
0.923724
0.918947
0.919232
0.924243
0.919604
0.91118
0.923992
0.921233
0.91363
0.923821
0.921184
0.911484
0.923866
0.91966
0.91166
0.923771
0.920677
0.911357
0.922209
0.913473
0.924962
0.933885
0.911242
0.920406
0.925738
0.917959
0.916145
0.916924
0.922403
0.911253
0.929359
0.924026
0.912336
0.910566
0.912449
0.909185
0.911143
0.90925
0.903701
0.907925
0.904374
0.913931
0.910315
0.907907
0.908927
0.91112
0.916543
0.912961
0.908916
0.911453
0.911194
0.911626
0.910445
0.912608
0.915168
0.925525
0.913814
0.919184
0.915444
0.914783
0.912642
0.91483
0.912151
0.916016
0.911154
0.914315
0.919598
0.917965
0.917712
0.91054
0.910793
0.91301
0.910791
0.914569
0.904464
0.914839
0.914597
0.916159
0.919337
0.918708
0.911974
0.91466
0.916537
0.913396
0.912204
0.907879
0.91481
0.9101
0.913779
0.914851
0.914472
0.909409
0.913642
0.907982
0.92127
0.918091
0.906081
0.909035
0.919963
0.926778
0.913122
0.908241
0.918777
0.922531
0.912619
0.907854
0.902596
0.912838
0.911894
0.909004
0.909741
0.906817
0.90679
0.91022
0.903247
0.910718
0.905381
0.902795
0.90706
0.908892
0.909738
0.898736
0.909794
0.904344
0.907502
0.902089
0.90674
0.908031
0.909362
0.902247
0.904792
0.904354
0.899474
0.9124
0.90937
0.901614
0.912003
0.897137
0.898014
0.903793
0.90506
0.894645
0.899706
0.912124
0.899595
0.898934
0.905956
0.904195
0.903274
0.891127
0.901957
0.911434
0.898704
0.906515
0.910489
0.899197
0.909032
0.899438
0.894083
0.894752
0.888786
0.902459
0.897656
0.900769
0.902921
0.913618
0.906624
0.894744
0.906179
0.899517
0.915871
0.911183
0.895221
0.901482
0.899076
0.905674
0.912232
0.897945
0.897817
0.893066
0.897172
0.912946
0.898274
0.905477
0.907263
0.896134
0.905371
0.899736
0.9074
0.915921
0.908232
0.901563
0.899159
0.895396
0.903542
0.916918
0.901765
0.899155
0.896652
0.903783
0.897471
0.895625
0.89444
0.897717
0.890605
0.883821
0.892715
0.888141
0.892638
0.891802
0.901518
0.893508
0.899753
0.89374
0.899956
0.900836
0.890661
0.903942
0.897843
0.912385
0.909924
0.899132
0.903483
0.899585
0.906716
0.895624
0.897865
0.912804
0.887458
0.903639
0.895761
0.898937
0.911398
0.903315
0.900781
0.910569
0.909567
0.903813
0.89733
0.891349
0.902251
0.902703
0.904112
0.899786
0.901624
0.902752
0.892802
0.897713
0.901854
0.887575
0.889549
0.911873
0.909044
0.890545
0.883742
0.895136
0.895771
0.893683
0.885566
0.899472
0.888404
0.898254
0.886908
0.882968
0.891771
0.884735
0.892669
0.891883
0.886973
0.894456
0.894982
0.889939
0.885643
0.890805
0.881628
0.902954
0.887447
0.892513
0.893071
0.880071
0.891721
0.888412
0.896957
0.88977
0.893127
0.89142
0.894814
0.892185
0.892245
0.888324
0.879271
0.890902
0.890703
0.890529
0.893109
0.900139
0.89671
0.896535
0.888353
0.89689
0.896798
0.894756
0.892227
0.895115
0.891162
0.894458
0.90034
0.889019
0.884436
0.882782
0.895475
0.883193
0.885696
0.893289
0.884209
0.886926
0.885932
0.892271
0.884695
0.89398
0.889199
0.888129
0.880148
0.881219
0.882337
0.893727
0.883225
0.89049
0.894423
0.885908
0.876239
0.889172
0.886261
0.891882
0.87889
0.880932
0.887186
0.882803
0.881928
0.88855
0.87939
0.887381
0.887068
0.881794
0.891277
0.876583
0.883912
0.8796
0.875704
0.880179
0.87694
0.881657
0.879026
0.879068
0.879923
0.87247
0.878044
0.878931
0.887222
0.871791
0.872958
0.873643
0.887403
0.879117
0.885636
0.871649
0.878578
0.87103
0.881555
0.871802
0.882882
0.872147
0.870839
0.873165
0.886424
0.876997
0.875046
0.875425
0.885522
0.891092
0.877776
0.875935
0.872076
0.876161
0.878105
0.86674
0.87185
0.880126
0.881898
0.862502
0.891732
0.894393
0.878683
0.879624
0.876334
0.870297
0.876586
0.865738
0.877389
0.869797
0.863324
0.864064
0.880197
0.878592
0.868204
0.861582
0.870685
0.865912
0.865128
0.876093
0.870784
0.869178
0.875318
0.869387
0.87699
0.873329
0.879102
0.86634
0.867117
0.875605
0.878755
0.882925
0.865646
0.866082
0.87901
0.86943
0.877831
0.871232
0.871182
0.881878
0.874234
0.869587
0.873536
0.875065
0.886738
0.88072
0.87197
0.891854
0.877872
0.867551
0.872428
0.870447
0.872626
0.873464
0.868052
0.873151
0.88075
0.870576
0.872747
0.868754
0.866032
0.869243
0.877501
0.864513
0.876731
0.859583
0.870048
0.870966
0.867747
0.87874
0.866294
0.864284
0.861722
0.862258
0.868591
0.855676
0.866825
0.860238
0.861462
0.870835
0.864559
0.860379
0.863503
0.865634
0.865214
0.86265
0.861511
0.862699
0.857895
0.863725
0.858537
0.859271
0.858534
0.874451
0.863005
0.861093
0.86646
0.86736
0.860656
0.853196
0.869621
0.870929
0.869214
0.871971
0.859104
0.863689
0.863453
0.85949
0.857051
0.851019
0.868236
0.85843
0.861179
0.860375
0.86312
0.857297
0.860765
0.859587
0.8553
0.859755
0.863874
0.858258
0.852354
0.854325
0.862694
0.860199
0.860179
0.864905
0.859332
0.855341
0.853248
0.8614
0.850057
0.855441
0.85333
0.857146
0.857196
0.857188
0.858254
0.854279
0.858014
0.857591
0.847169
0.86259
0.852587
0.856683
0.851564
0.857481
0.85975
0.85006
0.853693
0.853063
0.852624
0.858932
0.85902
0.853951
0.854163
0.863315
0.861015
0.853029
0.852928
0.849964
0.858456
0.859112
0.852578
0.856334
0.857353
0.862494
0.858747
0.857885
0.847668
0.844805
0.852536
0.850303
0.849052
0.841711
0.851727
0.846592
0.851491
0.847651
0.849511
0.857118
0.847162
0.852016
0.850649
0.849064
0.852269
0.858274
0.845214
0.854923
0.843181
0.845468
0.86631
0.854875
0.853128
0.853377
0.854217
0.851477
0.854098
0.852974
0.854924
0.865809
0.871585
0.845935
0.861234
0.851505
0.849624
0.853436
0.847914
0.851049
0.856182
0.85366
0.849768
0.859306
0.869642
0.862855
0.862093
0.85897
0.847051
0.849288
0.845551
0.846379
0.848488
0.839886
0.847752
0.839747
0.854363
0.845966
0.83774
0.850766
0.861694
0.859279
0.867589
0.867223
0.852538
0.842863
0.845723
0.85373
0.844714
0.839814
0.853511
0.847703
0.842662
0.846176
0.843079
0.851556
0.847015
0.842873
0.844277
0.841796
0.850717
0.842808
0.842335
0.845519
0.846218
0.845994
0.846769
0.845349
0.847362
0.848799
0.835406
0.836571
0.870389
0.871569
0.867906
0.853674
0.845641
0.838826
0.84531
0.845764
0.843759
0.840143
0.843102
0.834499
0.843422
0.837734
0.83991
0.847234
0.845605
0.839285
0.84176
0.840038
0.833807
0.844539
0.841618
0.852717
0.840007
0.838318
0.84362
0.842788
0.839759
0.835507
0.841235
0.838888
0.832365
0.8476
0.836411
0.838557
0.834006
0.836509
0.8344
0.833364
0.832977
0.843441
0.841847
0.838193
0.838106
0.837003
0.841057
0.836749
0.837973
0.833601
0.839951
0.832992
0.835349
0.835339
0.848079
0.830982
0.832696
0.842905
0.838078
0.832867
0.834892
0.836782
0.850729
0.841059
0.830025
0.838541
0.839734
0.834158
0.845614
0.839199
0.834782
0.839883
0.818929
0.842097
0.836413
0.83253
0.829567
0.845264
0.826107
0.829508
0.818952
0.822313
0.835722
0.828845
0.834637
0.828858
0.825399
0.826473
0.837722
0.823952
0.830287
0.8269
0.828538
0.822628
0.837015
0.828578
0.828157
0.827182
0.820092
0.831722
0.821652
0.844933
0.831192
0.823287
0.826826
0.820941
0.823287
0.828834
0.82231
0.833704
0.830935
0.82459
0.838751
0.838813
0.825177
0.838008
0.824829
0.829316
0.827161
0.825097
0.82227
0.834434
0.828584
0.834219
0.825745
0.829769
0.833252
0.82591
0.831215
0.821277
0.835146
0.833579
0.826819
0.823787
0.828068
0.828178
0.827685
0.826075
0.831976
0.824019
0.828715
0.831509
0.829863
0.832254
0.828621
0.825998
0.829195
0.836155
0.831374
0.828813
0.822795
0.83302
0.842162
0.831648
0.828558
0.825465
0.830913
0.828003
0.828031
0.833078
0.83112
0.842522
0.838842
0.832976
0.822004
0.831064
0.830787
0.824838
0.826659
0.827495
0.82423
0.841869
0.837105
0.829101
0.831103
0.828502
0.830492
0.817204
0.826239
0.82435
0.820394
0.818081
0.814586
0.820278
0.837334
0.823039
0.821292
0.834003
0.825204
0.820368
0.819931
0.820382
0.821011
0.8166
0.812152
0.827329
0.818874
0.824253
0.819691
0.825863
0.816512
0.816754
0.831145
0.813724
0.815418
0.816922
0.822528
0.82396
0.819734
0.819759
0.823999
0.816543
0.837817
0.828226
0.820424
0.816126
0.820431
0.818852
0.813493
0.812276
0.825704
0.8182
0.835278
0.824746
0.819971
0.822798
0.816669
0.81706
0.812939
0.816483
0.817102
0.818572
0.816419
0.821836
0.812877
0.820911
0.816802
0.823804
0.81789
0.827573
0.816113
0.829026
0.831987
0.816493
0.82704
0.816191
0.815841
0.820328
0.822023
0.81629
0.826469
0.812769
0.818172
0.819647
0.817147
0.814932
0.821472
0.827485
0.82076
0.819269
0.825501
0.829395
0.82569
0.826476
0.820661
0.832589
0.834851
0.819033
0.831109
0.826511
0.828548
0.82678
0.814705
0.82196
0.825377
0.824372
0.836419
0.830243
0.82211
0.825685
0.819061
0.817294
0.80972
0.820442
0.813524
0.815866
0.807441
0.810685
0.81228
0.80632
0.82562
0.822465
0.810004
0.818473
0.81914
0.813103
0.808374
0.812722
0.813968
0.821028
0.810126
0.818756
0.814885
0.81953
0.814054
0.811138
0.809904
0.813755
0.813989
0.817931
0.814115
0.814457
0.819321
0.803188
0.816366
0.8134
0.824024
0.807848
0.813069
0.818791
0.815593
0.808436
0.804957
0.797457
0.811118
0.807018
0.814683
0.814953
0.826579
0.81126
0.80243
0.810988
0.813667
0.809233
0.809071
0.821754
0.805986
0.80367
0.815992
0.820046
0.820246
0.810729
0.81171
0.82006
0.817658
0.809766
0.808689
0.829647
0.819349
0.809354
0.820951
0.813834
0.808334
0.802399
0.807981
0.830542
0.812561
0.818079
0.801301
0.820573
0.812423
0.811201
0.819103
0.815751
0.7994
0.815131
0.815561
0.808001
0.81196
0.808313
0.821098
0.798101
0.802313
0.808882
0.806531
0.804697
0.814623
0.825864
0.826054
0.811639
0.812477
0.797777
0.79779
0.798238
0.807312
0.805263
0.803849
0.797839
0.796687
0.805523
0.798666
0.799409
0.806421
0.803291
0.817614
0.80422
0.801023
0.800861
0.801118
0.811411
0.796413
0.822836
0.810375
0.814492
0.814032
0.819831
0.801507
0.805052
0.803343
0.798254
0.807274
0.804429
0.801957
0.808306
0.798473
0.809766
0.806165
0.80475
0.813162
0.81958
0.815914
0.821843
0.818924
0.815129
0.821604
0.816774
0.810446
0.821667
0.808636
0.811234
0.809764
0.819411
0.810928
0.816715
0.808541
0.810845
0.821932
0.813391
0.810373
0.816511
0.816394
0.80978
0.816568
0.813953
0.805872
0.815342
0.8197
0.805162
0.821765
0.814276
0.810683
0.821638
0.814081
0.809772
0.816452
0.81686
0.810348
0.81668
0.80847
0.806278
0.822352
0.809439
0.805151
0.811459
0.809366
0.811196
0.811448
0.808442
0.805507
0.811482
0.81709
0.804666
0.816369
0.813923
0.805666
0.809955
0.814621
0.80551
0.816373
0.808031
0.806224
0.81653
0.808038
0.804223
0.811402
0.812461
0.804099
0.810893
0.808249
0.805181
0.810078
0.808947
0.804853
0.811507
0.80868
0.805668
0.811986
0.80822
0.804556
0.810798
0.812014
0.805485
0.811314
0.808558
0.805869
0.8099
0.809159
0.805548
0.811875
0.808255
0.805092
0.811518
0.808743
0.804656
0.810603
0.811675
0.804759
0.810593
0.806209
0.800337
0.811622
0.803546
0.80053
0.805859
0.808261
0.800193
0.805764
0.803661
0.804205
0.809926
0.805899
0.799308
0.806046
0.80283
0.794618
0.799554
0.797651
0.794528
0.799985
0.798854
0.80023
0.800912
0.798113
0.794181
0.799329
0.80118
0.795401
0.800687
0.797843
0.794606
0.800051
0.798835
0.795042
0.800574
0.798159
0.794566
0.800194
0.798158
0.793576
0.800366
0.80077
0.79454
0.800382
0.797674
0.794909
0.798766
0.799059
0.795139
0.800934
0.798252
0.794657
0.799576
0.798204
0.79359
0.800352
0.801499
0.794054
0.800327
0.797915
0.794789
0.799242
0.798084
0.795023
0.800554
0.798405
0.794947
0.800317
0.798244
0.793692
0.801002
0.801221
0.794274
0.799897
0.801517
0.794759
0.799738
0.797908
0.794707
0.800379
0.799002
0.794852
0.801384
0.800196
0.794029
0.800081
0.800519
0.794466
0.80057
0.797292
0.794924
0.799455
0.798147
0.795447
0.795313
0.792389
0.789691
0.79535
0.799547
0.787864
0.793773
0.795754
0.788686
0.795093
0.792579
0.789258
0.793685
0.793417
0.789647
0.795442
0.792596
0.788759
0.789883
0.787353
0.78411
0.790912
0.790747
0.783872
0.789777
0.788585
0.78386
0.788628
0.787813
0.784261
0.789838
0.787298
0.784345
0.789984
0.790037
0.782997
0.791117
0.790377
