163.079
39.5992
15.3315
17.2611
6.44089
9.19736
10.1548
10.5331
10.8661
11.8094
13.4408
13.4572
13.6372
13.5658
13.5631
13.5351
13.3848
13.2947
13.063
13.0203
12.4208
11.9765
11.6525
11.0175
10.0558
9.61367
9.28286
9.35627
9.1288
8.65971
8.72353
8.29763
8.27652
7.76387
6.27447
7.13069
6.1587
6.22762
5.90181
5.8303
5.59266
5.31107
4.83451
4.42189
4.58379
4.34354
4.25795
4.09581
3.60725
3.37217
3.45376
3.43554
3.36486
2.78962
2.75323
2.86354
2.81855
2.79339
2.71555
2.20339
2.2589
2.52148
2.09366
2.17997
2.0284
2.02729
1.84724
1.83614
1.86253
1.84622
1.58047
1.87309
1.8229
1.5297
1.36648
1.74498
1.25834
1.83503
1.39808
1.28462
1.69713
1.27113
1.22948
1.77814
1.37193
1.24951
1.22616
1.20619
1.1942
1.70751
1.21735
1.1969
1.16746
1.17606
1.17298
1.76146
1.28413
1.21797
1.17708
1.16923
1.17149
1.16825
1.19081
1.18669
1.17711
1.17344
1.16954
1.17326
1.17305
1.17623
1.18363
1.17419
1.16916
1.18265
1.51313
1.21414
1.19209
1.17816
1.18009
1.17735
1.18628
1.17789
1.19099
1.17616
1.18178
1.17812
1.17689
1.17717
1.18816
1.18482
1.17535
1.18138
1.17086
1.17364
1.17389
1.16684
1.16682
1.17614
1.17251
1.1714
1.17501
1.16978
1.18212
1.16667
1.1761
1.18125
1.17538
1.16857
1.17151
1.17342
1.16358
1.16442
1.16917
1.16525
1.16627
1.17361
1.17063
1.17243
1.16675
1.16745
1.17724
1.18617
1.16838
1.16592
1.17022
1.16585
1.16575
1.15793
1.16457
1.16527
1.16226
1.16774
1.19083
1.17162
1.16305
1.17056
1.17684
1.17637
1.16778
1.17639
1.17914
1.17008
1.17032
1.17083
1.17857
1.17475
1.17167
1.16787
1.17125
1.15972
1.16568
1.16996
1.17262
1.17127
1.16076
1.16834
1.16007
1.172
1.16621
1.17414
1.16636
1.16383
1.16646
1.163
1.17089
1.18708
1.1603
1.16631
1.16747
1.17658
1.16093
1.17023
1.16229
1.16485
1.17144
1.16415
1.17018
1.1691
1.17946
1.16475
1.16231
1.16782
1.16797
1.17562
1.16878
1.17148
1.15797
1.16479
1.16391
1.17808
1.17493
1.17229
1.17757
1.18161
1.17188
1.16613
1.18128
1.177
1.17242
1.18167
1.17162
1.17776
1.18142
1.17709
1.17764
1.18202
1.16691
1.17132
1.17102
1.16701
1.17122
1.17623
1.16697
1.16568
1.17695
1.17166
1.17586
1.19715
1.15693
1.16033
1.16316
1.15147
1.1584
1.16357
1.1495
1.16341
1.15837
1.14968
1.15813
1.16101
1.17063
1.16378
1.1581
1.15426
1.16324
1.16329
1.15411
1.16351
1.15816
1.15431
1.15846
1.15794
1.16205
1.16611
1.15816
1.14885
1.15786
1.15787
1.15446
1.15844
1.15808
1.14883
1.16338
1.15319
1.14853
1.15911
1.15862
1.1486
1.15841
1.15796
1.14876
1.15848
1.15776
1.14843
1.15802
1.15807
1.14486
1.15268
1.15653
1.1663
1.15335
1.15217
1.14301
1.15246
1.15873
1.14802
1.15209
1.15774
1.14334
1.15228
1.15731
1.15144
1.16927
1.15805
1.14857
1.15832
1.15232
1.1488
1.15814
1.15776
1.14321
1.15835
1.15804
1.14867
1.16385
1.16196
1.1498
1.15822
1.15789
1.14329
1.15283
1.14684
1.1433
1.15309
1.15284
1.14423
1.14761
1.15354
1.14451
1.14757
1.14748
1.138
1.15264
1.15307
1.1384
1.14787
1.14733
1.13868
1.14792
1.14709
1.14769
1.16629
1.15354
1.14395
1.14778
1.14792
1.13776
1.15324
1.14729
1.13781
1.1475
1.14717
1.1377
1.14888
1.16481
1.13777
1.14702
1.14719
1.13831
1.14606
1.14738
1.13806
1.14698
1.15197
1.13922
1.14682
1.14883
1.14527
1.14782
1.14721
1.13741
1.14187
1.14716
1.13744
1.14705
1.14694
1.13217
1.14789
1.14157
1.1379
1.14247
1.14117
1.13186
1.14696
1.14135
1.13227
1.14219
1.14097
1.13234
1.14656
1.1444
1.13189
1.14731
1.15673
1.16142
1.1526
1.14674
1.13776
1.1479
1.14693
1.13236
1.14156
1.14162
1.13247
1.14251
1.14171
1.13568
1.1529
1.14181
1.13256
1.1417
1.14125
1.13831
1.14163
1.14223
1.13245
1.14319
1.14152
1.13218
1.15165
1.14715
1.13211
1.14188
1.14079
1.13231
1.14175
1.14054
1.12664
1.14381
1.14167
1.12161
1.13626
1.14189
1.13338
1.14188
1.13569
1.13765
1.13649
1.1417
1.12736
1.1304
1.14136
1.12687
1.13999
1.14176
1.12868
1.1624
1.14121
1.12758
1.14184
1.13623
1.12701
1.13666
1.14104
1.12133
1.14167
1.14195
1.13217
1.14178
1.13937
1.14292
1.13111
1.13573
1.13171
1.13612
1.13623
1.12139
1.13607
1.14163
1.12199
1.131
1.13577
1.13031
1.14187
1.13735
1.12702
1.13641
1.13574
1.12213
1.13621
1.14182
1.1274
1.13122
1.13086
1.12158
1.13134
1.13672
1.12743
1.13106
1.13053
1.12128
1.13111
1.13076
1.12111
1.131
1.13572
1.12234
1.13638
1.13047
1.13194
1.14892
1.13068
1.12733
1.1309
1.13044
1.12699
1.1305
1.13074
1.12672
1.13104
1.13016
1.12177
1.13385
1.14678
1.12269
1.13058
1.13601
1.12115
1.13134
1.13022
1.12154
1.12607
1.13254
1.1218
1.13074
1.13269
1.12911
1.12556
1.13061
1.11631
1.12521
1.1306
1.12279
1.12618
1.13102
1.11598
1.1257
1.12521
1.12187
1.12615
1.12596
1.11053
1.12559
1.12527
1.12157
1.12157
1.13048
1.12164
1.13111
1.12564
1.12152
1.1203
1.12419
1.13449
1.12601
1.12569
1.11583
1.12579
1.12543
1.11087
1.12556
1.12571
1.11587
1.12092
1.1199
1.11211
1.14336
1.11993
1.11095
1.12575
1.12009
1.1109
1.12549
1.1255
1.11061
1.12007
1.12598
1.11067
1.12026
1.12562
1.11493
1.12581
1.12526
1.1105
1.12545
1.1251
1.11065
1.12036
1.11985
1.11072
1.12089
1.12008
1.11094
1.12074
1.12009
1.11057
1.12089
1.11975
1.11128
1.12013
1.12001
1.11051
1.12086
1.11559
1.11092
1.12003
1.12425
1.12865
1.12002
1.11996
1.11098
1.12043
1.12016
1.111
1.12033
1.1196
1.11101
1.12047
1.11973
1.11182
1.13266
1.12008
1.11048
1.11518
1.11952
1.11038
1.12027
1.1197
1.10508
1.11996
1.11469
1.10521
1.10956
1.11571
1.11482
1.11501
1.11426
1.10537
1.10967
1.10903
1.10514
1.12088
1.10899
1.0997
1.10949
1.11442
1.10568
1.10999
1.10938
1.10012
1.11461
1.10968
1.10005
1.11057
1.10899
1.10017
1.11014
1.11485
1.10033
1.1096
1.1132
1.11798
1.11053
1.10899
1.0998
1.10955
1.10958
1.09976
1.109
1.10919
1.09965
1.10959
1.10928
1.09961
1.11861
1.11921
1.09973
1.10964
1.10889
1.09953
1.10958
1.10912
1.10059
1.10998
1.10892
1.09958
1.10905
1.11234
1.10628
1.1097
1.1094
1.09994
1.10464
1.10391
1.10055
1.1043
1.10945
1.09981
1.10957
1.10929
1.10049
1.11092
1.11094
1.09557
1.11506
1.11216
1.10431
1.11033
1.10621
1.10921
1.11147
1.10975
1.1089
1.11075
1.11505
1.13018
1.10894
1.10814
1.10166
1.10626
1.1034
1.09942
1.10848
1.1088
1.10658
1.11029
1.10228
1.10246
1.10706
1.12123
1.09997
1.10791
1.10554
1.10152
1.09701
1.10145
1.09553
1.09949
1.10207
1.10135
1.09785
1.10092
1.10179
1.10273
1.10048
1.09463
1.09561
1.11233
1.09614
1.10911
1.09381
1.10882
1.09792
1.09314
1.09838
1.10109
1.09946
1.10326
1.09793
1.09665
1.09392
1.09888
1.10051
1.10693
1.09523
1.10058
1.09728
1.09676
1.10027
1.10274
1.11347
1.10652
1.08915
1.1032
1.09725
1.08981
1.10196
1.09717
1.0893
1.10252
1.09702
1.08942
1.10182
1.10041
1.1059
1.10204
1.09418
1.08951
1.10175
1.094
1.08384
1.09668
1.09853
1.08486
1.09651
1.09688
1.08529
1.11065
1.09201
1.08423
1.09667
1.09433
1.08985
1.10192
1.09913
1.08449
1.09699
1.0924
1.0845
1.09714
1.09133
1.08439
1.09728
1.09172
1.08391
1.09633
1.09436
1.08398
1.09648
1.09374
1.08412
1.09639
1.09178
1.08355
1.10083
1.11506
1.08363
1.09638
1.09201
1.08419
1.09721
1.08843
1.07867
1.091
1.08831
1.07881
1.09107
1.08664
1.08148
1.10777
1.08609
1.07863
1.09051
1.08711
1.07994
1.0913
1.08844
1.07924
1.09135
1.08912
1.07885
1.09171
1.09472
1.08156
1.0907
1.08606
1.07887
1.09122
1.08689
1.07894
1.09273
1.08872
1.0792
1.09121
1.08835
1.07961
1.09174
1.08676
1.07822
1.09106
1.08619
1.07872
1.09076
1.08678
1.07835
1.09143
1.08875
1.07912
1.09143
1.08997
1.09947
1.09142
1.08635
1.07895
1.0912
1.08695
1.07754
1.09135
1.08066
1.07882
1.08573
1.08871
1.07361
1.08719
1.10068
1.07437
1.08572
1.08118
1.07288
1.08599
1.0812
1.07336
1.0853
1.08144
1.07296
1.08548
1.08292
1.07699
1.09253
1.08332
1.07365
1.0852
1.08152
1.07368
1.08038
1.0755
1.06736
1.08004
1.0762
1.06825
1.08007
1.07821
1.06834
1.08054
1.07735
1.06831
1.0799
1.07544
1.06738
1.07984
1.07576
1.06986
1.07985
1.07578
1.0679
1.08335
1.09638
1.06834
1.08039
1.07755
1.06804
1.08115
1.07589
1.06761
1.08033
1.0757
1.06811
1.08003
1.07566
1.07
1.09628
1.07781
1.06853
1.08045
1.07736
1.06822
1.07971
1.07568
1.06761
1.08048
1.07464
1.0679
1.0796
1.07894
1.07531
1.08036
1.07781
1.06797
1.08005
1.07884
1.06781
1.0803
1.07571
1.06784
1.08136
1.07539
1.06803
1.08041
1.07736
1.06757
1.08032
1.07778
1.06778
1.0809
1.07784
1.06748
1.08
1.07538
1.06322
1.07449
1.0698
1.07008
1.09368
1.07031
1.06193
1.07475
1.07193
1.0646
1.07454
1.07174
1.06234
1.07484
1.07032
1.06245
1.07474
1.07147
1.07844
1.0741
1.06435
1.07603
1.0848
1.0624
1.07139
1.07635
1.0686
1.06639
1.06702
1.07238
1.06142
1.07947
1.08061
1.06271
1.06103
1.06393
1.05922
1.06114
1.05929
1.05393
1.05825
1.05454
1.06578
1.06021
1.05769
1.05856
1.06392
1.06711
1.06512
1.05933
1.0638
1.06217
1.06226
1.06244
1.06346
1.06551
1.07632
1.06591
1.06994
1.06593
1.06534
1.06306
1.06542
1.06266
1.06646
1.0619
1.0648
1.07035
1.06856
1.08173
1.06126
1.06128
1.06365
1.06119
1.06509
1.05478
1.06704
1.06527
1.0668
1.0714
1.0871
1.0627
1.06656
1.06689
1.06392
1.06253
1.05898
1.06543
1.06056
1.06422
1.06599
1.06743
1.06217
1.06428
1.0586
1.07359
1.06851
1.05872
1.06095
1.0706
1.07794
1.06385
1.05904
1.07155
1.07464
1.06336
1.05804
1.05249
1.0636
1.0627
1.05877
1.05963
1.05646
1.05646
1.06553
1.05327
1.06011
1.05556
1.05265
1.05686
1.05846
1.05931
1.04866
1.05975
1.05395
1.05837
1.06926
1.05614
1.05877
1.05939
1.05225
1.05478
1.05379
1.04893
1.0622
1.05899
1.0513
1.06393
1.04731
1.04748
1.05368
1.05486
1.04408
1.04899
1.0615
1.04899
1.04939
1.05623
1.05497
1.05334
1.04228
1.0518
1.06146
1.04855
1.05622
1.06037
1.05016
1.05847
1.04958
1.04402
1.0444
1.03801
1.0518
1.0473
1.05163
1.05381
1.06318
1.05609
1.04543
1.05603
1.04893
1.08023
1.06136
1.04468
1.05075
1.0488
1.05672
1.06415
1.04886
1.04854
1.04388
1.04704
1.06224
1.05007
1.05554
1.05757
1.04517
1.05491
1.04932
1.05799
1.06517
1.05808
1.05255
1.05024
1.04626
1.05309
1.06655
1.05252
1.04825
1.04604
1.05467
1.04684
1.04673
1.04433
1.04734
1.04091
1.03458
1.04344
1.03759
1.04172
1.04294
1.05118
1.04327
1.04995
1.04435
1.05054
1.05154
1.04642
1.05438
1.04889
1.06268
1.05996
1.04977
1.05401
1.05088
1.05672
1.04595
1.04779
1.06984
1.03811
1.05436
1.04643
1.0493
1.06269
1.05386
1.05116
1.0613
1.0596
1.05407
1.04881
1.04225
1.05215
1.0532
1.05615
1.05037
1.05245
1.05424
1.04338
1.04791
1.05251
1.03744
1.03942
1.06242
1.05831
1.04081
1.0334
1.04438
1.04508
1.04445
1.03506
1.04861
1.03807
1.04794
1.04205
1.03245
1.0419
1.03444
1.04252
1.04154
1.03714
1.04477
1.04542
1.04044
1.0374
1.04768
1.03297
1.05465
1.03759
1.0427
1.04348
1.03006
1.04208
1.03892
1.04838
1.04005
1.04416
1.04247
1.04639
1.04286
1.04281
1.03888
1.02951
1.04141
1.04132
1.04115
1.04344
1.05069
1.04726
1.04821
1.03921
1.04745
1.047
1.04628
1.04247
1.04494
1.04158
1.0452
1.05087
1.03909
1.03592
1.03283
1.04686
1.03354
1.03561
1.04446
1.03542
1.03758
1.03755
1.04278
1.03514
1.04384
1.04254
1.03979
1.03031
1.03148
1.03238
1.04457
1.03511
1.03958
1.0442
1.03509
1.02538
1.0392
1.0354
1.0413
1.02957
1.03007
1.03643
1.03187
1.03128
1.03817
1.02946
1.03677
1.03702
1.03088
1.0415
1.02611
1.0338
1.02886
1.02659
1.02953
1.02605
1.03166
1.02856
1.02863
1.02928
1.02331
1.02847
1.02786
1.03618
1.02102
1.02275
1.02436
1.03817
1.02941
1.03543
1.02137
1.02818
1.02043
1.03079
1.02148
1.03282
1.02265
1.02003
1.02226
1.03547
1.02709
1.02442
1.02479
1.03561
1.04038
1.0271
1.02493
1.02374
1.0252
1.02884
1.01754
1.02271
1.02981
1.03154
1.01396
1.04187
1.04362
1.02784
1.02875
1.02564
1.02103
1.02593
1.01631
1.02697
1.01902
1.01332
1.01425
1.02989
1.02797
1.01907
1.01098
1.01998
1.01538
1.01476
1.02563
1.02099
1.01858
1.02519
1.01974
1.02771
1.02324
1.02897
1.01684
1.01757
1.02583
1.02913
1.0331
1.01571
1.01622
1.02912
1.01958
1.02796
1.02093
1.02166
1.03199
1.02499
1.01961
1.02397
1.02539
1.03717
1.03318
1.0235
1.04222
1.02879
1.01779
1.02283
1.02073
1.02334
1.02447
1.01833
1.02348
1.03098
1.02064
1.02388
1.01925
1.01623
1.01939
1.02761
1.01478
1.02674
1.0113
1.02038
1.02124
1.01782
1.02906
1.01671
1.01467
1.01173
1.01216
1.01872
1.00614
1.01768
1.01089
1.01188
1.02123
1.01454
1.01138
1.01376
1.01607
1.01511
1.01465
1.01317
1.01359
1.0077
1.01411
1.00843
1.00945
1.00913
1.02357
1.01232
1.0103
1.01713
1.01891
1.01151
1.00231
1.01892
1.01993
1.01838
1.02122
1.00835
1.01332
1.01443
1.00899
1.00617
1.00006
1.01754
1.00764
1.0103
1.01112
1.01261
1.00789
1.00998
1.00886
1.00435
1.009
1.01283
1.00747
1.00165
1.00358
1.01274
1.00957
1.00987
1.01391
1.00835
1.00611
1.0027
1.01083
0.9993
1.00465
1.00203
1.00618
1.00648
1.00625
1.00737
1.00333
1.00745
1.00689
0.996251
1.01201
1.00197
1.00665
1.00084
1.00673
1.00898
1.00062
1.00306
1.00232
1.00203
1.00999
1.00857
1.00318
1.00354
1.01437
1.01111
1.00391
1.00373
0.999001
1.00733
1.00834
1.00269
1.00619
1.00659
1.01188
1.00797
1.00862
0.996776
0.994435
1.00175
0.999263
0.998434
0.990723
1.00227
0.995948
1.00053
0.9972
0.999059
1.0078
0.996244
1.00146
1.00025
0.998622
1.00156
1.00766
0.995834
1.00439
0.993189
0.994976
1.01771
1.00584
1.00356
1.0033
1.00466
1.00158
1.00449
1.00367
1.00473
1.01645
1.02129
0.995918
1.01335
1.00148
0.999971
1.0036
0.998307
1.00176
1.00632
1.00459
0.99987
1.00963
1.01984
1.01409
1.01235
1.00896
0.997225
0.99937
0.997458
0.996444
0.998615
0.99162
0.997844
0.990121
1.00608
0.996029
0.988106
1.00089
1.01185
1.01123
1.01765
1.01727
1.00305
0.992888
0.997263
1.00554
0.996559
0.989824
1.00448
0.997748
0.992635
0.996652
0.993391
1.00177
0.998691
0.992756
0.994928
0.992323
1.00081
0.993639
0.992625
0.995737
0.996427
0.996731
0.997475
0.995335
0.99732
1.00058
0.985708
0.986976
1.02231
1.0227
1.01814
1.00377
0.995818
0.989715
0.995271
0.996195
0.995818
0.990267
0.993507
0.984508
0.993497
0.988268
0.989868
0.998498
0.995479
0.989772
0.992012
0.989874
0.984019
0.994718
0.991763
1.00277
0.990158
0.988573
0.994649
0.99278
0.989917
0.985105
0.990385
0.988381
0.981923
0.997048
0.985924
0.987769
0.983098
0.985615
0.983569
0.982902
0.981972
0.992538
0.992395
0.987192
0.987165
0.986056
0.990572
0.985591
0.987229
0.982681
0.988815
0.98231
0.984616
0.984376
0.997547
0.980735
0.981779
0.991905
0.988772
0.981967
0.984179
0.986127
1.00044
0.990971
0.979017
0.987591
0.98892
0.983895
0.99508
0.988208
0.983923
0.990705
0.967896
0.991342
0.98741
0.981939
0.979136
0.9943
0.974922
0.979344
0.96798
0.971594
0.984737
0.977984
0.98456
0.978039
0.974356
0.975746
0.987331
0.973348
0.980841
0.976027
0.977913
0.971967
0.986198
0.977801
0.977274
0.976373
0.969284
0.981093
0.971727
0.99389
0.981104
0.972286
0.976029
0.969968
0.97241
0.978151
0.971498
0.983247
0.980053
0.973957
0.989917
0.988563
0.974855
0.987754
0.97436
0.979173
0.977452
0.974808
0.971999
0.985177
0.979019
0.983771
0.975762
0.980081
0.98291
0.975484
0.98107
0.970986
0.984106
0.982778
0.976681
0.975217
0.978026
0.978287
0.977758
0.976462
0.982637
0.973934
0.978774
0.981286
0.980017
0.983842
0.978883
0.975941
0.979252
0.987771
0.981253
0.979552
0.973159
0.983195
0.992141
0.98191
0.980427
0.975679
0.981166
0.977911
0.978458
0.983118
0.981647
0.993556
0.989403
0.983235
0.972475
0.982886
0.981348
0.975113
0.977127
0.977658
0.974156
0.993603
0.987272
0.980379
0.981935
0.97888
0.982078
0.967315
0.97672
0.97627
0.970416
0.968214
0.96462
0.970565
0.987338
0.972906
0.97156
0.985075
0.975141
0.971844
0.970358
0.970601
0.970866
0.966706
0.961974
0.977642
0.968962
0.974585
0.970038
0.976012
0.968332
0.966875
0.981749
0.963986
0.966022
0.967349
0.972738
0.974335
0.970226
0.969621
0.974006
0.966915
0.989231
0.978274
0.970378
0.967623
0.971275
0.969139
0.965379
0.962651
0.97716
0.968278
0.985499
0.977247
0.970329
0.973206
0.96666
0.967262
0.963169
0.966844
0.96765
0.969127
0.96653
0.971647
0.962906
0.97098
0.966604
0.973864
0.968304
0.977871
0.965901
0.979248
0.982165
0.966925
0.977402
0.966302
0.966113
0.970179
0.972272
0.96638
0.977047
0.962771
0.968083
0.970094
0.967364
0.964959
0.971644
0.978892
0.970621
0.969483
0.9773
0.980205
0.975789
0.976939
0.971024
0.982825
0.984977
0.96944
0.981485
0.976706
0.978513
0.978557
0.96504
0.97224
0.975492
0.97449
0.986369
0.980465
0.97234
0.975861
0.970653
0.967334
0.95989
0.970587
0.963626
0.966172
0.957593
0.960863
0.962461
0.956488
0.975876
0.972463
0.959982
0.969498
0.969329
0.963445
0.958439
0.964535
0.964388
0.971058
0.959968
0.971278
0.965077
0.970207
0.965733
0.961109
0.960045
0.965379
0.964164
0.967932
0.964561
0.964523
0.969714
0.954766
0.966541
0.963243
0.975915
0.958001
0.963457
0.969418
0.965701
0.958703
0.955292
0.947515
0.962221
0.957432
0.96484
0.965133
0.97701
0.961041
0.954392
0.960979
0.963743
0.959373
0.959148
0.972
0.956118
0.953698
0.965927
0.970407
0.972193
0.961026
0.962224
0.970912
0.967884
0.959934
0.9593
0.980556
0.970376
0.959629
0.972298
0.964121
0.958578
0.952465
0.958093
0.980437
0.962655
0.969677
0.951324
0.970965
0.962757
0.961061
0.969143
0.965884
0.94962
0.965203
0.965587
0.960006
0.96357
0.958275
0.971241
0.948712
0.9526
0.960677
0.958271
0.954672
0.965352
0.975919
0.977092
0.963415
0.962458
0.947704
0.948699
0.948423
0.957351
0.955582
0.954822
0.948177
0.946852
0.955511
0.948904
0.949262
0.958761
0.953277
0.967649
0.954209
0.952768
0.951083
0.951199
0.961339
0.946443
0.973018
0.960455
0.964893
0.965039
0.97026
0.951532
0.954957
0.953534
0.94857
0.95742
0.954868
0.952144
0.958082
0.950241
0.960437
0.957045
0.955337
0.963982
0.970235
0.96675
0.972547
0.969495
0.965936
0.97206
0.967205
0.961311
0.972497
0.959099
0.961951
0.960433
0.970049
0.961797
0.967458
0.959098
0.961914
0.972718
0.964004
0.961105
0.967088
0.96681
0.96062
0.967257
0.96448
0.956818
0.966127
0.970336
0.955969
0.972589
0.964875
0.961629
0.972312
0.964832
0.960666
0.967041
0.967254
0.96109
0.967494
0.959143
0.957161
0.973585
0.960083
0.956156
0.962277
0.960015
0.962217
0.962123
0.959102
0.95629
0.962244
0.967476
0.955577
0.967639
0.964358
0.956423
0.960695
0.965332
0.956497
0.967054
0.95854
0.957159
0.9674
0.958701
0.955135
0.962103
0.962861
0.954928
0.961707
0.959071
0.956013
0.96085
0.96007
0.955551
0.962335
0.959163
0.956819
0.962875
0.958808
0.955248
0.961457
0.962472
0.956322
0.962175
0.95909
0.956733
0.960592
0.959864
0.956346
0.962684
0.958796
0.956099
0.962112
0.959213
0.95542
0.961198
0.962108
0.955521
0.961405
0.956716
0.952689
0.962647
0.954211
0.951241
0.956639
0.958769
0.951137
0.956466
0.95422
0.955202
0.960633
0.956258
0.950175
0.956712
0.953435
0.94522
0.950412
0.948219
0.945269
0.950585
0.949287
0.951144
0.95171
0.948717
0.94483
0.950067
0.951738
0.946286
0.951484
0.948351
0.945515
0.950807
0.949626
0.945991
0.951304
0.948682
0.945577
0.951022
0.948823
0.944365
0.951084
0.951255
0.945622
0.951086
0.948162
0.945737
0.949479
0.949548
0.946487
0.95171
0.94887
0.945513
0.951155
0.94888
0.944486
0.951039
0.952074
0.944858
0.951123
0.94847
0.945528
0.949937
0.948656
0.945873
0.951817
0.948939
0.945914
0.951087
0.948879
0.944475
0.951672
0.95159
0.944992
0.950733
0.951966
0.945446
0.950362
0.948629
0.94549
0.951045
0.949862
0.946214
0.952251
0.95077
0.944887
0.950779
0.951106
0.945319
0.951439
0.947835
0.945747
0.950124
0.948757
0.946406
0.94617
0.942984
0.940983
0.946147
0.950121
0.939046
0.944363
0.946248
0.939476
0.945874
0.94324
0.940393
0.944458
0.944048
0.940388
0.94674
0.943161
0.939808
0.940633
0.937964
0.93487
0.941557
0.941161
0.934523
0.940703
0.939131
0.934731
0.939367
0.938524
0.935261
0.940709
0.938191
0.935388
0.940654
0.940822
0.933937
0.941925
0.940802
